11 0.170984455959
12 0.168604651163
13 0.0
14 0.0778443113772
15 0.00507614213198
16 0.0
17 0.0
18 0.0803571428571
19 0.0077519379845
20 0.14358974359
21 0.769230769231
22 0.116129032258
23 0.668604651163
24 0.284974093264
25 0.220930232558
26 0.0
27 0.269430051813
28 0.00581395348837
29 0.051724137931
30 0.154228855721
31 0.381165919283
32 0.364406779661
33 0.54358974359
34 0.0114942528736
35 0.337209302326
36 0.0
37 0.0232558139535
38 0.339285714286
39 0.129032258065
40 0.293103448276
41 0.261538461538
42 0.0149253731343
43 0.00995024875622
44 0.125560538117
45 0.476683937824
46 0.458064516129
47 0.334821428571
48 0.307692307692
49 0.346153846154
50 0.334745762712
51 0.00497512437811
52 0.0
53 0.310218978102
54 0.109452736318
55 0.533898305085
56 0.346153846154
56A 0.390862944162
57 0.255813953488
58 0.0754716981132
59 0.0149253731343
60 0.377777777778
61 0.0
62 0.182692307692
63 0.360169491525
64 0.0
65 0.138461538462
66 0.0
67 0.046511627907
68 0.0
69 0.0421052631579
70 0.0
71 0.0
72 0.0192307692308
73 0.025641025641
74 0.0062893081761
75 0.403587443946
76 0.0179640718563
77 0.20725388601
78 0.566037735849
78A 0.044776119403
79 0.26368159204
80 0.603773584906
81 0.270114942529
82 0.467153284672
83 0.483870967742
84 0.0245614035088
85 0.103225806452
86 0.0
87 0.0
88 0.0172413793103
89 0.0538116591928
90 0.21511627907
91 0.496855345912
92 0.610256410256
93 0.0709677419355
93A 0.668161434978
94 0.158974358974
95 0.0384615384615
96 0.253807106599
97 0.0119760479042
98 0.0190114068441
99 0.0377358490566
100 0.259615384615
101 0.507772020725
102 0.0791666666667
103 0.137055837563
104 0.316062176166
105 0.106463878327
106 0.112107623318
107 0.00896860986547
108 0.0
109 0.0620437956204
110 0.0941704035874
111 0.08
112 0.00497512437811
113 0.116129032258
114 0.264516129032
115 0.0
116 0.277419354839
117 0.135483870968
118 0.0166666666667
119 0.22869955157
119A 0.248175182482
119B 0.0875
119C 0.37668161435
120 0.0456852791878
121 0.0166666666667
122 0.276729559748
123 0.343220338983
124 0.739910313901
125 0.606451612903
126 0.0903225806452
127 0.0385964912281
128 0.490566037736
129 0.507692307692
130 0.0580357142857
131 0.246153846154
132 0.139534883721
133 0.564102564103
134 0.144230769231
135 0.402298850575
136 0.0523255813953
137 0.426356589147
138 0.031007751938
139 0.0119760479042
140 0.322580645161
141 0.232142857143
142 0.793721973094
143 0.798076923077
144 0.682203389831
145 0.38064516129
146 0.135483870968
147 0.0583333333333
148 0.0152091254753
149 0.20802919708
150 0.0102564102564
151 0.00995024875622
152 0.0298507462687
153 0.0631578947368
154 0.0
155 0.093023255814
156 0.210762331839
157 0.292372881356
158 0.766816143498
159 0.5
160 0.309677419355
161 0.00760456273764
162 0.270440251572
163 0.567796610169
164 0.0497512437811
165 0.377118644068
166 0.220512820513
167 0.296774193548
168 0.12927756654
169 0.344827586207
170 0.00512820512821
171 0.75
172 0.309322033898
173 0.576923076923
174 0.338983050847
175 0.255605381166
176 0.0
177 0.00497512437811
178 0.0
179 0.00995024875622
180 0.0
181 0.0
182 0.00507614213198
183 0.0
184 0.0223214285714
185 0.0
186 0.125786163522
187 0.364102564103
188 0.438709677419
189 0.673728813559
190 0.264573991031
191 0.00444444444444
192 0.515555555556
193 0.553846153846
194 0.233830845771
195 0.0
196 0.342222222222
197 0.261538461538
198 0.542600896861
199 0.733333333333
200 0.0387596899225
201 0.0798479087452
202 0.00574712643678
203 0.0387096774194
204 0.0
205 0.00574712643678
206 0.0
207 0.277419354839
208 0.394871794872
209 0.117870722433
210 0.230769230769
211 0.361313868613
212 0.313868613139
213 0.0333333333333
214 0.441860465116
215 0.119496855346
216 0.264573991031
217 0.228426395939
218 0.0387596899225
219 0.457399103139
220 0.0255474452555
221 0.11320754717
222 0.60593220339
223 0.218390804598
224 0.507299270073
225 0.585492227979
226 0.24
227 0.162790697674
228 0.0192307692308
229 0.021897810219
230 0.0
231 0.102564102564
232 0.0
233 0.0684410646388
234 0.0666666666667
235 0.0581395348837
236 0.164179104478
237 0.0
238 0.220338983051
239 0.459119496855
240 0.538461538462
241 0.0777202072539
242 0.186046511628
243 0.0
244 0.0862944162437
245 0.0
246 0.0896860986547
247 0.0
248 0.0820512820513
249 0.0
250 0.0
251 0.0
252 0.0
253 0.0
254 0.0
255 0.09375
256 0.212927756654
257 0.0
258 0.0125
259 0.0
260 0.0199004975124
261 0.164233576642
262 0.295620437956
263 0.163461538462
263A 0.879166666667
264 0.375
265 0.116129032258
266 0.00961538461538
267 0.0913705583756
268 0.0253807106599
269 0.470930232558
270 0.0322580645161
271 0.707692307692
272 0.15503875969
273 0.490322580645
274 0.183035714286
275 0.419642857143
276 0.681614349776
277 0.161676646707
278 0.523076923077
279 0.0755813953488
280 0.512711864407
281 0.0239520958084
282 0.0
283 0.0
284 0.062893081761
285 0.398009950249
286 0.0
287 0.031007751938
288 0.0253807106599
289 0.8
290 0.251612903226
291 0.735483870968
292 0.223880597015
293 0.0377358490566
294 0.0
295 0.0
296 0.225641025641
297 0.0964467005076
298 0.200892857143
299 0.396226415094
300 0.155172413793
301 0.0
302 0.0
303 0.144230769231
304 0.313901345291
305 0.0179640718563
306 0.0503144654088
307 0.169491525424
308 0.174904942966
309 0.0
310 0.383211678832
311 0.0129032258065
312 0.713178294574
313 0.35593220339
314 0.0248756218905
315 0.229927007299
316 0.0
317 0.0
318 0.127906976744
319 0.0
320 0.0
321 0.20802919708
322 0.0769230769231
323 0.208121827411
324 0.352201257862
327A 0.519379844961
328 0.985401459854
1(HA2) 0.625
2(HA2) 0.0845771144279
3(HA2) 0.0625
4(HA2) 0.105769230769
5(HA2) 0.0
6(HA2) 0.0456852791878
7(HA2) 0.387596899225
8(HA2) 0.278846153846
9(HA2) 0.204166666667
10(HA2) 0.0558375634518
11(HA2) 0.7533632287
12(HA2) 0.134615384615
13(HA2) 0.0576923076923
14(HA2) 0.154385964912
15(HA2) 0.470930232558
16(HA2) 0.355769230769
17(HA2) 0.0
18(HA2) 0.649746192893
19(HA2) 0.554404145078
20(HA2) 0.115384615385
21(HA2) 0.0982456140351
22(HA2) 0.0
23(HA2) 0.0
24(HA2) 0.0266159695817
25(HA2) 0.138392857143
26(HA2) 0.0580357142857
27(HA2) 0.506666666667
28(HA2) 0.0461538461538
29(HA2) 0.538116591928
30(HA2) 0.511111111111
31(HA2) 0.298076923077
32(HA2) 0.477419354839
33(HA2) 0.221153846154
34(HA2) 0.368821292776
35(HA2) 0.178294573643
36(HA2) 0.124031007752
37(HA2) 0.0932642487047
38(HA2) 0.551111111111
39(HA2) 0.669491525424
40(HA2) 0.122580645161
41(HA2) 0.0348837209302
42(HA2) 0.404444444444
43(HA2) 0.497435897436
44(HA2) 0.0
45(HA2) 0.279187817259
46(HA2) 0.461538461538
47(HA2) 0.0673076923077
48(HA2) 0.0152284263959
49(HA2) 0.395348837209
50(HA2) 0.123076923077
51(HA2) 0.021186440678
52(HA2) 0.0862068965517
53(HA2) 0.430769230769
54(HA2) 0.0516129032258
55(HA2) 0.0287356321839
56(HA2) 0.269035532995
57(HA2) 0.448430493274
58(HA2) 0.131355932203
59(HA2) 0.03125
60(HA2) 0.487179487179
61(HA2) 0.406091370558
62(HA2) 0.0977777777778
63(HA2) 0.520833333333
64(HA2) 0.244186046512
65(HA2) 0.31007751938
66(HA2) 0.218390804598
67(HA2) 0.432692307692
68(HA2) 0.199152542373
69(HA2) 0.354260089686
70(HA2) 0.1
71(HA2) 0.292307692308
72(HA2) 0.478813559322
73(HA2) 0.318407960199
74(HA2) 0.170403587444
75(HA2) 0.262711864407
76(HA2) 0.0510948905109
77(HA2) 0.107142857143
78(HA2) 0.304932735426
79(HA2) 0.261538461538
80(HA2) 0.00995024875622
81(HA2) 0.0615384615385
82(HA2) 0.405128205128
83(HA2) 0.233050847458
84(HA2) 0.00574712643678
85(HA2) 0.300518134715
86(HA2) 0.336787564767
87(HA2) 0.0769230769231
88(HA2) 0.0833333333333
89(HA2) 0.129353233831
90(HA2) 0.19170984456
91(HA2) 0.0
92(HA2) 0.0350877192982
93(HA2) 0.0755813953488
94(HA2) 0.0570342205323
95(HA2) 0.0666666666667
96(HA2) 0.0
97(HA2) 0.170403587444
98(HA2) 0.0845771144279
99(HA2) 0.0646766169154
100(HA2) 0.0344827586207
101(HA2) 0.0796019900498
102(HA2) 0.199004975124
103(HA2) 0.0538116591928
104(HA2) 0.00512820512821
105(HA2) 0.0493273542601
106(HA2) 0.131386861314
107(HA2) 0.0
108(HA2) 0.0497512437811
109(HA2) 0.0569948186528
110(HA2) 0.0833333333333
111(HA2) 0.0
112(HA2) 0.0103626943005
113(HA2) 0.00645161290323
114(HA2) 0.102564102564
115(HA2) 0.00574712643678
116(HA2) 0.21186440678
117(HA2) 0.215384615385
118(HA2) 0.0348258706468
119(HA2) 0.0266159695817
120(HA2) 0.304932735426
121(HA2) 0.470338983051
122(HA2) 0.0114942528736
123(HA2) 0.313559322034
124(HA2) 0.4
125(HA2) 0.151111111111
126(HA2) 0.00995024875622
127(HA2) 0.415254237288
128(HA2) 0.579487179487
129(HA2) 0.138461538462
130(HA2) 0.077519379845
131(HA2) 0.406779661017
132(HA2) 0.251121076233
133(HA2) 0.294416243655
134(HA2) 0.548076923077
135(HA2) 0.25641025641
136(HA2) 0.00961538461538
137(HA2) 0.179640718563
138(HA2) 0.0166666666667
139(HA2) 0.345291479821
140(HA2) 0.0125
141(HA2) 0.520912547529
142(HA2) 0.330357142857
143(HA2) 0.516949152542
144(HA2) 0.0239520958084
145(HA2) 0.341968911917
146(HA2) 0.246153846154
147(HA2) 0.578475336323
148(HA2) 0.149700598802
149(HA2) 0.0
150(HA2) 0.354260089686
151(HA2) 0.129032258065
152(HA2) 0.00574712643678
153(HA2) 0.13503649635
154(HA2) 0.415384615385
155(HA2) 0.298076923077
156(HA2) 0.43023255814
157(HA2) 0.0798479087452
158(HA2) 0.611398963731
159(HA2) 0.657794676806
160(HA2) 0.572327044025
