# Omega fit to each site after fixing tree and and all other parameters.
# Not using '--omegabysite_fixsyn', so we fit a synonymous rate for each site. This means we compare fitting omega and a synonymous rate to fitting just a synonymous rate.
# Fits compared to null model of omega = 1.000; P-values NOT corrected for multiple testing.
#
# site	omega	P	dLnL
304	0.001	3.7e-06	10.706
514	0.053	7.88e-06	9.983
473	0.001	1.35e-05	9.472
147	0.001	1.6e-05	9.308
342	0.001	7.97e-05	7.783
519	0.001	0.000205	6.891
341	0.001	0.000232	6.778
74	0.001	0.000461	6.133
395	0.001	0.000634	5.836
137	0.119	0.000865	5.548
455	0.053	0.00122	5.234
208	0.108	0.00139	5.109
493	0.001	0.00149	5.047
149	9.319	0.00207	4.743
517	0.001	0.00212	4.721
549	0.068	0.00222	4.678
367	0.001	0.00224	4.669
483	0.001	0.00247	4.583
322	0.001	0.00284	4.455
236	0.001	0.00344	4.279
481	0.001	0.00406	4.128
167	0.172	0.00433	4.070
267	0.171	0.00456	4.023
388	0.064	0.00458	4.020
230	0.064	0.00477	3.982
409	0.001	0.00483	3.971
190	0.001	0.00528	3.890
550	0.001	0.00619	3.747
320	0.001	0.00653	3.699
503	0.001	0.00685	3.655
41	0.001	0.00686	3.655
9	0.116	0.00725	3.605
183	0.186	0.00765	3.557
554	0.001	0.00768	3.553
238	0.001	0.0085	3.463
411	0.001	0.00851	3.461
111	0.001	0.00858	3.454
371	0.192	0.00869	3.443
501	0.001	0.00924	3.388
160	99.000	0.00942	3.371
25	0.001	0.0101	3.307
509	0.104	0.0119	3.162
275	0.210	0.012	3.155
338	0.001	0.0122	3.142
127	0.075	0.0137	3.041
257	0.001	0.0144	2.996
336	0.151	0.0145	2.985
55	0.001	0.0147	2.977
535	99.000	0.0151	2.954
362	0.001	0.0153	2.941
485	0.001	0.0154	2.936
27	0.001	0.0165	2.875
36	0.001	0.0166	2.869
169	0.215	0.0173	2.830
179	0.001	0.0176	2.819
500	0.097	0.0176	2.817
430	0.001	0.0179	2.803
247	0.001	0.0184	2.777
287	0.214	0.0186	2.771
51	99.000	0.0196	2.723
138	0.001	0.0197	2.718
346	0.001	0.0198	2.716
174	0.001	0.0206	2.681
22	0.001	0.0214	2.646
492	0.001	0.0222	2.616
305	0.001	0.023	2.586
393	0.001	0.023	2.585
534	0.001	0.0236	2.563
284	0.122	0.025	2.513
470	0.001	0.0251	2.508
506	0.215	0.0264	2.465
507	0.001	0.0267	2.455
171	0.245	0.0274	2.431
542	0.151	0.0285	2.398
227	0.001	0.0287	2.392
64	0.001	0.0293	2.374
211	0.071	0.0294	2.372
511	0.001	0.03	2.356
454	0.001	0.0313	2.318
510	0.001	0.0327	2.280
452	0.141	0.0334	2.263
196	0.001	0.0335	2.259
3	99.000	0.034	2.247
520	0.001	0.0344	2.238
206	7.348	0.0347	2.229
540	0.001	0.0349	2.225
4	7.585	0.0349	2.224
406	0.001	0.0357	2.205
10	99.000	0.038	2.152
423	0.001	0.0388	2.135
235	0.136	0.04	2.109
366	0.001	0.042	2.067
518	0.001	0.0423	2.061
459	0.240	0.0428	2.051
387	0.001	0.0438	2.031
408	0.001	0.0442	2.025
415	0.001	0.0446	2.017
46	0.001	0.0457	1.997
433	99.000	0.046	1.991
467	0.001	0.0475	1.963
394	0.001	0.0505	1.913
144	0.409	0.0525	1.880
429	0.001	0.0535	1.864
280	0.001	0.0546	1.846
564	0.001	0.0568	1.814
151	0.001	0.0577	1.801
321	0.001	0.0591	1.782
404	0.001	0.0592	1.780
186	0.001	0.0611	1.754
377	0.001	0.0637	1.719
448	0.001	0.0641	1.714
58	0.001	0.0646	1.708
407	0.185	0.067	1.677
462	0.001	0.0681	1.664
67	0.141	0.0695	1.647
369	0.001	0.0708	1.632
233	0.001	0.0724	1.614
145	4.521	0.073	1.607
115	0.001	0.0736	1.601
339	0.172	0.0743	1.593
234	0.250	0.0743	1.592
400	0.001	0.077	1.564
560	0.001	0.0778	1.555
102	0.242	0.0779	1.554
91	0.001	0.0784	1.549
315	0.001	0.0787	1.546
217	0.232	0.0798	1.534
23	0.001	0.0801	1.531
381	0.174	0.0804	1.528
526	0.001	0.0814	1.518
358	0.001	0.0824	1.508
272	0.267	0.0834	1.499
375	0.001	0.0836	1.497
221	0.001	0.084	1.493
437	0.001	0.0841	1.492
298	0.339	0.0846	1.487
334	0.001	0.0857	1.477
37	0.001	0.0861	1.473
59	5.064	0.0874	1.461
426	0.001	0.0892	1.445
47	0.001	0.0898	1.439
62	0.001	0.0903	1.435
468	0.001	0.0915	1.424
539	0.001	0.0919	1.421
54	0.196	0.0928	1.413
5	0.265	0.0939	1.403
397	3.490	0.0939	1.403
53	0.001	0.0963	1.382
512	0.001	0.0972	1.376
80	0.001	0.0988	1.363
124	0.194	0.0988	1.362
391	0.001	0.1	1.349
402	0.001	0.102	1.338
416	0.001	0.103	1.328
218	4.599	0.103	1.327
504	0.001	0.104	1.324
220	0.314	0.104	1.318
60	0.001	0.105	1.315
198	0.384	0.106	1.305
425	0.001	0.107	1.296
278	0.001	0.108	1.295
184	0.283	0.108	1.293
497	0.001	0.108	1.290
289	0.230	0.111	1.268
150	4.989	0.112	1.260
214	0.001	0.113	1.259
532	0.001	0.116	1.235
270	0.001	0.118	1.219
344	0.001	0.12	1.207
418	0.001	0.122	1.196
478	0.001	0.122	1.194
368	0.001	0.123	1.191
39	0.001	0.125	1.180
281	0.001	0.125	1.178
460	4.491	0.126	1.168
465	99.000	0.129	1.154
502	0.295	0.131	1.143
457	0.001	0.131	1.142
253	0.001	0.132	1.137
215	0.200	0.132	1.136
72	0.277	0.133	1.126
181	0.282	0.134	1.126
274	0.001	0.137	1.104
116	0.001	0.139	1.096
541	0.001	0.139	1.093
237	2.733	0.14	1.087
170	2.559	0.141	1.082
453	0.001	0.141	1.081
548	99.000	0.145	1.060
451	0.001	0.149	1.043
538	0.001	0.15	1.038
276	3.624	0.154	1.017
311	0.001	0.154	1.015
2	99.000	0.155	1.009
77	0.447	0.156	1.009
119	0.001	0.157	1.004
553	0.001	0.158	0.994
382	0.001	0.16	0.986
420	0.239	0.162	0.980
396	99.000	0.163	0.974
248	0.001	0.165	0.965
131	0.001	0.165	0.965
85	2.685	0.165	0.964
225	0.001	0.167	0.954
513	0.322	0.168	0.951
33	0.001	0.17	0.943
417	2.909	0.172	0.931
122	0.198	0.173	0.928
330	4.263	0.174	0.924
283	0.001	0.175	0.921
256	99.000	0.176	0.915
432	0.247	0.178	0.908
14	99.000	0.178	0.907
188	0.001	0.181	0.895
353	0.001	0.182	0.892
109	0.001	0.184	0.882
309	0.001	0.185	0.879
441	0.001	0.186	0.875
99	0.331	0.189	0.861
488	0.288	0.193	0.846
389	0.391	0.195	0.841
173	0.001	0.195	0.841
44	0.001	0.197	0.834
521	0.245	0.199	0.827
146	0.001	0.202	0.815
202	0.435	0.204	0.806
251	0.001	0.205	0.803
398	0.001	0.206	0.798
463	0.250	0.207	0.797
522	99.000	0.214	0.773
360	0.305	0.214	0.772
207	0.001	0.214	0.772
376	7.080	0.217	0.763
232	0.001	0.218	0.760
277	0.459	0.219	0.756
216	0.001	0.223	0.744
89	3.086	0.226	0.732
105	0.392	0.229	0.724
155	0.438	0.229	0.724
133	0.001	0.231	0.717
84	3.836	0.232	0.715
97	0.001	0.235	0.705
104	0.001	0.236	0.702
479	0.001	0.238	0.695
412	0.001	0.238	0.695
351	0.001	0.241	0.687
52	0.389	0.242	0.685
187	99.000	0.242	0.684
405	0.001	0.243	0.681
32	0.001	0.247	0.670
333	0.001	0.247	0.669
126	0.001	0.248	0.668
29	0.001	0.249	0.663
414	99.000	0.251	0.660
557	0.001	0.254	0.650
495	3.312	0.254	0.650
17	0.001	0.255	0.648
243	99.000	0.256	0.646
477	0.307	0.257	0.643
340	0.001	0.257	0.642
335	0.001	0.263	0.627
385	0.312	0.263	0.627
295	0.001	0.263	0.626
482	0.001	0.269	0.611
240	0.001	0.269	0.610
312	0.001	0.27	0.607
476	0.001	0.272	0.603
349	0.001	0.273	0.602
472	0.001	0.273	0.602
438	0.001	0.274	0.598
242	0.317	0.277	0.590
130	0.001	0.277	0.590
354	0.001	0.279	0.586
466	2.823	0.279	0.585
486	0.001	0.28	0.584
297	0.001	0.282	0.578
28	0.001	0.283	0.577
177	2.222	0.285	0.572
57	0.001	0.286	0.569
379	0.001	0.289	0.562
436	0.001	0.293	0.554
100	0.412	0.295	0.548
300	0.001	0.296	0.547
56	0.001	0.299	0.539
252	0.293	0.302	0.533
50	0.001	0.304	0.528
355	0.001	0.305	0.527
42	0.001	0.307	0.522
31	0.001	0.307	0.521
195	0.001	0.307	0.521
323	2.074	0.308	0.521
71	0.001	0.308	0.520
490	0.001	0.308	0.520
303	0.396	0.309	0.517
185	1.795	0.309	0.516
82	0.328	0.311	0.513
458	0.427	0.312	0.510
135	0.355	0.313	0.510
558	0.001	0.313	0.509
78	0.001	0.314	0.508
399	0.001	0.316	0.502
30	0.001	0.317	0.501
421	0.418	0.317	0.500
101	0.443	0.32	0.493
444	0.001	0.323	0.489
499	0.001	0.323	0.489
374	4.387	0.324	0.487
269	0.001	0.326	0.483
258	0.001	0.328	0.478
505	0.314	0.329	0.477
316	0.001	0.33	0.475
290	0.001	0.333	0.469
35	99.000	0.335	0.465
48	0.001	0.336	0.463
26	0.001	0.343	0.449
446	0.001	0.344	0.447
508	99.000	0.348	0.440
180	0.001	0.35	0.437
306	0.001	0.351	0.434
75	0.001	0.353	0.431
163	0.001	0.355	0.428
431	2.286	0.356	0.426
66	0.001	0.359	0.421
556	0.001	0.359	0.420
378	0.001	0.363	0.414
327	0.001	0.365	0.410
301	99.000	0.365	0.410
21	99.000	0.368	0.405
325	0.554	0.369	0.403
140	0.001	0.371	0.400
350	0.001	0.371	0.400
128	0.001	0.372	0.399
86	2.624	0.373	0.397
422	0.001	0.378	0.389
345	0.001	0.379	0.387
241	0.001	0.381	0.384
531	0.001	0.383	0.381
294	0.001	0.386	0.376
88	0.518	0.392	0.366
318	0.001	0.393	0.365
68	0.001	0.393	0.364
456	3.657	0.394	0.363
182	0.001	0.396	0.359
132	99.000	0.402	0.352
435	0.001	0.403	0.350
439	0.001	0.409	0.340
332	0.001	0.41	0.340
450	0.001	0.411	0.338
461	0.001	0.412	0.336
166	2.023	0.415	0.333
537	0.001	0.417	0.329
291	0.560	0.418	0.328
410	3.355	0.422	0.323
136	1.756	0.422	0.322
464	0.424	0.424	0.319
193	2.970	0.426	0.316
93	0.001	0.427	0.315
98	0.483	0.428	0.314
324	0.001	0.429	0.313
49	0.001	0.429	0.312
129	1.754	0.431	0.310
384	0.001	0.432	0.309
563	0.001	0.432	0.309
83	0.001	0.434	0.306
445	0.001	0.441	0.297
271	99.000	0.449	0.287
392	0.001	0.449	0.286
154	0.612	0.452	0.283
1	1.861	0.457	0.276
496	99.000	0.457	0.276
296	0.001	0.46	0.273
559	0.001	0.461	0.271
329	99.000	0.462	0.271
34	0.001	0.462	0.270
244	0.001	0.466	0.266
87	0.627	0.468	0.263
212	0.480	0.471	0.260
263	0.001	0.471	0.260
107	0.001	0.478	0.252
307	2.661	0.478	0.252
449	0.001	0.481	0.248
164	0.561	0.482	0.247
90	0.543	0.484	0.245
45	0.001	0.489	0.240
443	0.001	0.489	0.239
372	0.001	0.493	0.235
260	2.271	0.493	0.235
81	0.001	0.494	0.233
525	0.569	0.498	0.230
121	0.001	0.503	0.225
194	1.772	0.506	0.221
424	1.805	0.508	0.220
226	0.599	0.51	0.217
259	0.001	0.513	0.214
162	2.524	0.518	0.209
245	0.461	0.519	0.208
347	0.001	0.519	0.208
529	0.001	0.52	0.207
165	99.000	0.522	0.205
106	0.001	0.53	0.197
11	0.567	0.533	0.195
319	0.001	0.534	0.193
266	0.001	0.535	0.192
69	0.477	0.537	0.191
386	0.001	0.54	0.188
544	0.001	0.54	0.188
370	0.001	0.541	0.187
148	0.536	0.542	0.186
94	0.001	0.549	0.180
161	1.686	0.557	0.173
364	0.001	0.56	0.169
288	0.690	0.561	0.169
261	0.001	0.561	0.169
172	2.003	0.562	0.168
262	0.001	0.564	0.166
547	0.001	0.569	0.162
189	0.001	0.57	0.161
494	0.544	0.576	0.157
200	1.740	0.577	0.156
120	0.543	0.582	0.151
12	1.726	0.588	0.146
117	0.001	0.591	0.144
299	0.001	0.594	0.142
475	0.605	0.596	0.140
40	0.570	0.606	0.133
79	0.001	0.613	0.128
373	0.001	0.615	0.127
343	0.001	0.615	0.126
168	1.496	0.619	0.124
63	1.642	0.624	0.120
197	0.001	0.624	0.120
108	0.001	0.635	0.113
413	1.554	0.636	0.112
110	1.709	0.636	0.112
223	1.409	0.643	0.108
527	1.945	0.644	0.107
337	1.755	0.644	0.106
282	1.446	0.649	0.103
489	0.700	0.651	0.102
310	0.648	0.651	0.102
249	1.349	0.652	0.102
331	0.001	0.66	0.096
268	1.499	0.665	0.094
383	0.001	0.67	0.091
113	1.415	0.671	0.090
203	0.001	0.674	0.088
313	1.359	0.676	0.087
352	1.828	0.678	0.086
254	1.635	0.686	0.082
175	0.771	0.687	0.081
224	1.342	0.694	0.078
61	0.775	0.696	0.076
222	1.495	0.7	0.074
210	1.480	0.703	0.073
308	0.001	0.705	0.072
143	0.760	0.706	0.071
515	0.602	0.726	0.062
390	0.665	0.728	0.060
419	99.000	0.729	0.060
178	0.789	0.731	0.059
142	0.614	0.733	0.058
96	0.733	0.735	0.057
273	1.302	0.741	0.055
8	0.703	0.744	0.053
15	0.692	0.747	0.052
156	1.340	0.748	0.052
250	0.742	0.751	0.050
112	1.255	0.756	0.048
38	1.544	0.762	0.046
359	99.000	0.773	0.041
314	1.504	0.777	0.040
199	0.773	0.782	0.038
403	0.818	0.789	0.036
328	0.741	0.794	0.034
380	1.253	0.796	0.033
123	1.383	0.799	0.033
141	1.170	0.811	0.029
176	0.762	0.811	0.029
6	0.832	0.813	0.028
447	1.365	0.815	0.027
231	1.166	0.818	0.027
118	0.773	0.826	0.024
239	1.189	0.827	0.024
16	1.304	0.829	0.023
265	1.145	0.829	0.023
442	0.737	0.83	0.023
204	1.174	0.831	0.023
524	0.854	0.832	0.023
523	1.740	0.832	0.023
19	0.823	0.833	0.022
7	1.274	0.835	0.022
528	1.345	0.835	0.022
125	1.280	0.84	0.020
153	0.840	0.84	0.020
264	0.846	0.84	0.020
201	0.914	0.879	0.012
293	0.903	0.884	0.011
158	0.899	0.888	0.010
191	1.172	0.89	0.009
279	0.857	0.894	0.009
317	0.832	0.898	0.008
157	0.905	0.903	0.007
152	0.913	0.906	0.007
357	1.167	0.914	0.006
326	0.873	0.915	0.006
285	1.084	0.927	0.004
205	1.055	0.933	0.004
292	1.052	0.946	0.002
159	1.078	0.95	0.002
487	1.054	0.966	0.001
440	1.046	0.967	0.001
13	0.972	0.968	0.001
469	1.025	0.971	0.001
73	1.036	0.972	0.001
95	1.044	0.973	0.001
209	0.982	0.988	0.000
561	0.984	0.991	0.000
70	1.012	0.992	0.000
286	1.006	0.993	0.000
401	0.195	1	0.000
480	0.001	1	0.000
545	3.644	1	0.000
229	0.192	1	0.000
255	0.096	1	0.000
552	0.178	1	0.000
491	0.205	1	0.000
498	0.191	1	0.000
546	2.200	1	0.000
365	2.985	1	0.000
543	2.280	1	0.000
530	1.947	1	0.000
43	2.911	1	0.000
65	2.603	1	0.000
555	0.180	1	0.000
562	0.122	1	0.000
302	0.224	1	0.000
134	1.836	1	0.000
20	2.167	1	0.000
18	0.111	1	0.000
533	2.008	1	0.000
92	0.114	1	0.000
471	2.291	1	0.000
536	2.132	1	0.000
361	1.975	1	0.000
428	1.870	1	0.000
114	1.914	1	0.000
356	0.309	1	0.000
213	1.887	1	0.000
474	1.931	1	0.000
228	1.876	1	0.000
348	1.858	1	0.000
139	0.150	1	0.000
103	0.297	1	0.000
24	2.108	1	0.000
363	0.241	1	0.000
246	0.324	1	0.000
76	0.312	1	0.000
484	1.901	1	0.000
434	0.306	1	0.000
551	0.281	1	0.000
427	2.127	1	0.000
219	0.301	1	0.000
192	0.074	1	-0.000
516	0.402	1	-0.000