# Omega fit to each site after fixing tree and and all other parameters.
# Not using '--omegabysite_fixsyn', so we fit a synonymous rate for each site. This means we compare fitting omega and a synonymous rate to fitting just a synonymous rate.
# Fits compared to null model of omega = 1.000; P-values NOT corrected for multiple testing.
#
# site	omega	P	dLnL
429	0.001	3.95e-08	15.086
353	0.001	1.11e-07	14.090
147	0.001	1.19e-07	14.018
55	0.001	8.62e-07	12.107
27	0.001	2.41e-06	11.117
478	0.001	5.58e-06	10.313
453	0.001	1.13e-05	9.637
334	0.001	1.18e-05	9.599
23	0.001	1.19e-05	9.588
37	0.001	1.27e-05	9.525
355	0.001	1.36e-05	9.460
473	0.001	1.43e-05	9.417
378	0.001	1.63e-05	9.291
395	0.001	2.04e-05	9.074
190	0.001	2.5e-05	8.882
62	0.001	2.51e-05	8.878
270	0.001	2.91e-05	8.736
305	0.001	4.17e-05	8.397
350	0.001	4.2e-05	8.390
304	0.001	4.54e-05	8.316
115	0.001	4.63e-05	8.296
362	0.001	4.64e-05	8.295
236	0.001	5.25e-05	8.177
501	0.001	5.33e-05	8.164
207	0.001	5.5e-05	8.134
366	0.001	5.91e-05	8.065
346	0.001	5.95e-05	8.059
109	0.001	6e-05	8.052
367	0.001	6.88e-05	7.922
309	0.001	7.01e-05	7.904
423	0.001	9.09e-05	7.659
549	0.035	0.000107	7.508
25	0.001	0.000125	7.359
58	0.001	0.000199	6.921
321	0.001	0.000205	6.893
342	0.001	0.00023	6.785
554	0.001	0.000239	6.748
483	0.001	0.000247	6.717
493	0.001	0.000288	6.574
116	0.001	0.000293	6.559
173	0.001	0.000306	6.516
151	0.001	0.000341	6.416
131	0.001	0.000347	6.398
452	0.046	0.000371	6.336
328	0.052	0.000382	6.310
437	0.001	0.000393	6.281
351	0.001	0.000422	6.217
214	0.001	0.000434	6.190
371	0.113	0.000464	6.128
36	0.001	0.00048	6.097
257	0.001	0.000491	6.075
104	0.001	0.000535	5.995
415	0.001	0.000585	5.911
534	0.001	0.000604	5.881
133	0.001	0.000606	5.879
280	0.001	0.000607	5.878
54	0.051	0.000608	5.875
393	0.001	0.000619	5.859
335	0.001	0.000624	5.851
519	0.001	0.000662	5.796
481	0.001	0.000676	5.777
550	0.001	0.000683	5.767
240	0.001	0.000772	5.654
267	0.120	0.000802	5.618
316	0.001	0.000814	5.605
80	0.001	0.000856	5.558
338	0.001	0.000917	5.494
358	0.001	0.000923	5.488
306	0.001	0.000928	5.483
320	0.001	0.000936	5.475
448	0.001	0.000942	5.469
354	0.001	0.000958	5.453
22	0.001	0.000967	5.445
375	0.001	0.000973	5.439
182	0.001	0.000983	5.430
503	0.001	0.00101	5.407
300	0.001	0.00107	5.353
238	0.001	0.00114	5.291
506	0.109	0.00115	5.287
159	0.052	0.00116	5.279
297	0.001	0.00117	5.272
504	0.001	0.00118	5.261
290	0.001	0.00122	5.229
227	0.001	0.00123	5.221
476	0.001	0.00125	5.204
71	0.001	0.00129	5.180
283	0.001	0.00134	5.145
179	0.001	0.00135	5.138
169	0.134	0.00139	5.112
379	0.001	0.00139	5.106
281	0.001	0.00141	5.095
349	0.001	0.00142	5.093
517	0.001	0.00145	5.073
477	0.054	0.00146	5.067
416	0.001	0.00151	5.036
295	0.001	0.00151	5.033
387	0.001	0.00151	5.030
138	0.001	0.00151	5.030
454	0.001	0.00158	4.990
509	0.063	0.00165	4.950
430	0.001	0.00173	4.906
553	0.001	0.0018	4.874
485	0.001	0.00185	4.845
49	0.001	0.00188	4.834
64	0.001	0.00189	4.825
507	0.001	0.0019	4.821
406	0.001	0.00191	4.817
500	0.049	0.00194	4.805
564	0.001	0.00199	4.781
9	0.084	0.00201	4.770
97	0.001	0.00207	4.743
425	0.001	0.00208	4.740
184	0.104	0.0021	4.731
322	0.001	0.00212	4.719
432	0.050	0.00213	4.717
39	0.001	0.00223	4.675
195	0.001	0.00229	4.650
518	0.001	0.00243	4.597
216	0.001	0.00255	4.552
119	0.001	0.00266	4.513
400	0.001	0.0027	4.502
167	0.158	0.00282	4.459
327	0.001	0.00306	4.386
93	0.001	0.00308	4.379
44	0.001	0.00308	4.378
470	0.001	0.00313	4.365
341	0.001	0.00316	4.356
146	0.001	0.00345	4.277
412	0.001	0.00351	4.261
458	0.090	0.0038	4.190
75	0.001	0.0038	4.189
287	0.149	0.00385	4.177
409	0.001	0.00388	4.169
47	0.001	0.00416	4.107
377	0.001	0.00428	4.080
492	0.001	0.0043	4.076
468	0.001	0.0043	4.076
241	0.001	0.00439	4.056
68	0.001	0.00461	4.013
467	0.001	0.00475	3.987
422	0.001	0.00475	3.986
275	0.173	0.00483	3.972
418	0.001	0.00504	3.932
251	0.001	0.0052	3.904
510	0.001	0.00525	3.896
242	0.038	0.00534	3.880
269	0.001	0.00545	3.862
388	0.068	0.00559	3.839
514	0.170	0.00561	3.836
74	0.001	0.00564	3.830
426	0.001	0.00575	3.813
441	0.001	0.00577	3.811
46	0.001	0.00606	3.766
94	0.001	0.00606	3.766
107	0.001	0.00666	3.682
333	0.001	0.00667	3.680
451	0.001	0.00705	3.630
462	0.001	0.0073	3.599
31	0.001	0.00738	3.589
247	0.001	0.0074	3.587
41	0.001	0.00752	3.572
78	0.001	0.00757	3.566
435	0.001	0.00761	3.561
459	0.156	0.00798	3.519
502	0.121	0.00805	3.511
294	0.001	0.00817	3.498
486	0.001	0.00819	3.496
540	0.001	0.00846	3.467
497	0.001	0.00865	3.447
29	0.001	0.00921	3.391
279	0.080	0.00931	3.381
234	0.139	0.0096	3.354
394	0.001	0.00963	3.351
278	0.001	0.00965	3.349
318	0.001	0.00968	3.346
368	0.001	0.00972	3.342
60	0.001	0.0101	3.307
33	0.001	0.0102	3.300
81	0.001	0.0103	3.295
83	0.001	0.0105	3.271
324	0.001	0.0106	3.262
57	0.001	0.011	3.234
339	0.086	0.011	3.233
315	0.001	0.0111	3.228
311	0.001	0.0111	3.221
230	0.084	0.0113	3.209
196	0.001	0.0119	3.166
66	0.001	0.012	3.157
538	0.001	0.012	3.154
513	0.134	0.0121	3.147
28	0.001	0.0122	3.144
457	0.001	0.0123	3.136
344	0.001	0.0124	3.130
464	0.087	0.0125	3.119
439	0.001	0.0125	3.117
446	0.001	0.0126	3.111
560	0.001	0.0126	3.110
262	0.001	0.0128	3.101
53	0.001	0.013	3.083
148	0.111	0.0132	3.069
274	0.001	0.0133	3.062
79	0.001	0.0134	3.055
490	0.001	0.0135	3.052
382	0.001	0.0136	3.047
420	0.090	0.0136	3.043
408	0.001	0.0138	3.033
26	0.001	0.0142	3.005
384	0.001	0.0144	2.997
411	0.001	0.0145	2.987
130	0.001	0.0148	2.972
137	0.219	0.0148	2.971
127	0.076	0.0149	2.964
455	0.105	0.015	2.958
482	0.001	0.0152	2.948
404	0.001	0.0153	2.943
180	0.001	0.016	2.904
232	0.001	0.016	2.903
48	0.001	0.016	2.900
135	0.109	0.0165	2.875
558	0.001	0.0165	2.873
162	0.078	0.0169	2.851
369	0.001	0.017	2.847
128	0.001	0.0173	2.832
111	0.001	0.0173	2.832
499	0.001	0.0177	2.811
319	0.001	0.018	2.797
121	0.001	0.0188	2.759
373	0.001	0.0193	2.738
312	0.001	0.0194	2.734
174	0.001	0.0195	2.726
221	0.001	0.0203	2.694
511	0.001	0.0203	2.691
337	0.105	0.0204	2.691
449	0.001	0.0204	2.690
402	0.001	0.0204	2.690
364	0.001	0.0208	2.673
307	0.086	0.0208	2.670
443	0.001	0.0209	2.666
421	0.140	0.021	2.663
532	0.001	0.021	2.662
266	0.001	0.0214	2.647
542	0.140	0.0219	2.628
436	0.001	0.0221	2.621
521	0.088	0.0228	2.590
512	0.001	0.0229	2.589
526	0.001	0.0229	2.589
235	0.112	0.0232	2.575
248	0.001	0.0233	2.574
494	0.110	0.0236	2.561
126	0.001	0.0239	2.552
258	0.001	0.024	2.548
520	0.001	0.0241	2.542
336	0.172	0.0244	2.533
372	0.001	0.025	2.511
40	0.113	0.0251	2.508
541	0.001	0.0252	2.506
233	0.001	0.0264	2.463
381	0.115	0.0274	2.433
198	0.270	0.0278	2.421
183	0.253	0.0279	2.416
472	0.001	0.0288	2.391
391	0.001	0.0291	2.381
386	0.001	0.0292	2.378
347	0.001	0.0293	2.375
163	0.001	0.0294	2.373
34	0.001	0.0295	2.369
539	0.001	0.0299	2.358
450	0.001	0.03	2.355
398	0.001	0.0304	2.343
197	0.001	0.0305	2.341
188	0.001	0.0309	2.330
72	0.161	0.0309	2.329
529	0.001	0.0326	2.282
186	0.001	0.0329	2.275
82	0.104	0.0331	2.271
101	0.183	0.0332	2.268
557	0.001	0.0339	2.251
124	0.127	0.0346	2.233
263	0.001	0.0348	2.227
215	0.109	0.0363	2.191
288	0.257	0.0371	2.174
463	0.108	0.0371	2.172
289	0.143	0.0371	2.172
556	0.001	0.0374	2.165
16	0.111	0.0381	2.150
91	0.001	0.0402	2.105
120	0.133	0.0406	2.095
189	0.001	0.0409	2.089
129	0.257	0.0426	2.055
10	99.000	0.0449	2.011
284	0.155	0.0454	2.003
118	0.123	0.048	1.955
211	0.094	0.0495	1.929
3	99.000	0.0501	1.918
86	0.192	0.0606	1.761
106	0.001	0.062	1.741
537	0.001	0.0623	1.737
117	0.001	0.0625	1.735
181	0.213	0.0662	1.687
145	4.665	0.0663	1.686
390	0.143	0.0674	1.673
308	0.001	0.0677	1.668
325	0.304	0.0693	1.649
563	0.001	0.0704	1.637
345	0.001	0.0718	1.620
479	0.001	0.0733	1.604
253	0.001	0.0736	1.600
559	0.001	0.0743	1.593
35	99.000	0.0745	1.590
30	0.001	0.0749	1.586
17	0.001	0.0753	1.582
208	0.291	0.0756	1.578
445	0.001	0.0763	1.571
370	0.001	0.0789	1.544
535	99.000	0.0795	1.537
155	0.299	0.0798	1.535
141	0.322	0.0847	1.487
340	0.001	0.0865	1.470
50	0.001	0.088	1.455
447	0.130	0.0895	1.442
122	0.132	0.0904	1.434
217	0.244	0.0905	1.433
461	0.001	0.0927	1.414
299	0.001	0.0928	1.413
51	99.000	0.0929	1.411
225	0.001	0.0937	1.404
332	0.001	0.0938	1.404
405	0.001	0.0939	1.403
56	0.001	0.0943	1.400
433	99.000	0.0943	1.400
261	0.001	0.0961	1.385
244	0.001	0.0978	1.371
343	0.001	0.0982	1.367
392	0.001	0.0984	1.366
108	0.001	0.0988	1.362
291	0.299	0.101	1.342
259	0.001	0.102	1.335
547	0.001	0.103	1.332
399	0.001	0.106	1.309
32	0.001	0.109	1.285
407	0.231	0.111	1.270
438	0.001	0.112	1.263
140	0.001	0.117	1.230
326	0.156	0.121	1.203
331	0.001	0.124	1.185
203	0.001	0.125	1.177
296	0.001	0.126	1.171
383	0.001	0.127	1.165
220	0.338	0.127	1.162
272	0.316	0.131	1.139
360	0.231	0.134	1.125
45	0.001	0.134	1.121
42	0.001	0.135	1.114
303	0.256	0.136	1.114
414	99.000	0.136	1.113
310	0.222	0.137	1.107
256	99.000	0.137	1.106
531	0.001	0.14	1.087
193	0.176	0.142	1.077
276	3.709	0.146	1.056
14	99.000	0.149	1.043
252	0.182	0.151	1.029
8	0.249	0.152	1.026
69	0.184	0.153	1.022
544	0.001	0.155	1.013
95	0.194	0.167	0.953
89	3.535	0.169	0.945
444	0.001	0.17	0.941
98	0.292	0.179	0.901
100	0.319	0.18	0.900
440	0.282	0.183	0.885
245	0.210	0.189	0.863
77	0.473	0.189	0.862
171	0.447	0.193	0.849
465	99.000	0.197	0.831
85	2.534	0.198	0.829
277	0.443	0.199	0.825
158	0.366	0.201	0.819
385	0.262	0.202	0.815
264	0.351	0.21	0.787
292	0.405	0.212	0.778
13	0.410	0.219	0.755
96	0.332	0.225	0.736
166	0.415	0.228	0.726
515	0.166	0.234	0.708
12	3.084	0.236	0.702
202	0.469	0.246	0.672
67	0.299	0.246	0.672
237	2.224	0.253	0.654
123	0.263	0.261	0.631
52	0.405	0.262	0.629
2	99.000	0.266	0.620
5	0.408	0.267	0.616
265	0.497	0.269	0.612
505	0.274	0.275	0.596
191	0.329	0.278	0.589
176	0.311	0.278	0.588
19	0.376	0.284	0.573
156	2.463	0.321	0.492
59	2.712	0.322	0.489
525	0.446	0.334	0.468
143	1.967	0.35	0.436
522	99.000	0.351	0.435
389	0.512	0.353	0.431
142	0.259	0.359	0.421
212	0.396	0.365	0.410
548	99.000	0.365	0.410
456	0.268	0.371	0.401
508	99.000	0.375	0.394
396	99.000	0.376	0.391
99	0.484	0.384	0.379
298	0.589	0.39	0.369
73	0.417	0.393	0.365
7	0.415	0.398	0.358
224	0.527	0.399	0.355
431	0.524	0.402	0.351
144	0.677	0.413	0.336
561	0.301	0.413	0.336
488	0.476	0.421	0.324
469	0.571	0.422	0.323
466	2.191	0.426	0.317
4	2.063	0.427	0.316
243	99.000	0.431	0.311
271	99.000	0.434	0.305
102	0.551	0.438	0.300
376	0.325	0.441	0.297
410	0.324	0.441	0.296
268	0.478	0.442	0.295
222	2.136	0.452	0.283
489	0.551	0.453	0.281
161	0.518	0.465	0.267
249	0.625	0.471	0.260
152	0.569	0.473	0.257
205	0.629	0.473	0.257
496	99.000	0.488	0.240
187	99.000	0.489	0.239
475	0.521	0.494	0.234
413	0.524	0.497	0.231
317	0.374	0.497	0.231
250	0.527	0.501	0.226
442	0.392	0.516	0.210
286	0.658	0.525	0.202
185	1.441	0.53	0.197
397	0.623	0.532	0.195
201	1.435	0.532	0.195
528	0.415	0.542	0.186
352	0.416	0.544	0.184
6	0.627	0.551	0.178
164	0.608	0.553	0.176
487	0.470	0.561	0.169
357	0.435	0.563	0.167
314	0.436	0.564	0.166
61	0.687	0.567	0.164
11	0.599	0.571	0.160
226	0.646	0.577	0.155
403	0.668	0.594	0.142
154	0.722	0.616	0.126
424	0.639	0.624	0.120
231	1.372	0.632	0.114
149	1.443	0.638	0.110
460	0.680	0.641	0.109
153	0.670	0.649	0.104
374	0.523	0.651	0.102
301	99.000	0.658	0.098
21	99.000	0.659	0.097
282	1.431	0.66	0.097
132	99.000	0.661	0.096
15	1.527	0.685	0.082
88	0.737	0.686	0.082
105	0.738	0.687	0.081
239	1.364	0.693	0.078
110	0.631	0.704	0.072
70	0.622	0.71	0.069
178	1.284	0.711	0.069
150	1.489	0.714	0.067
175	0.791	0.717	0.066
199	0.716	0.72	0.064
168	1.328	0.728	0.061
38	0.610	0.729	0.060
313	0.780	0.739	0.056
524	0.779	0.739	0.055
419	99.000	0.74	0.055
87	0.814	0.748	0.052
285	0.756	0.754	0.049
136	0.808	0.768	0.044
218	0.760	0.769	0.043
84	0.713	0.779	0.039
177	1.231	0.789	0.036
495	1.330	0.796	0.033
194	0.796	0.797	0.033
160	1.527	0.805	0.030
380	1.235	0.809	0.029
113	0.820	0.814	0.028
172	1.313	0.823	0.025
323	0.854	0.829	0.023
90	0.834	0.829	0.023
112	0.852	0.83	0.023
1	1.198	0.834	0.022
210	1.223	0.847	0.019
329	99.000	0.85	0.018
223	0.874	0.857	0.016
260	0.802	0.86	0.016
417	1.149	0.865	0.014
330	1.200	0.873	0.013
527	0.798	0.874	0.013
204	0.886	0.874	0.013
293	1.107	0.884	0.011
165	99.000	0.885	0.010
359	99.000	0.912	0.006
254	0.878	0.916	0.006
206	0.923	0.931	0.004
209	0.905	0.932	0.004
125	1.088	0.945	0.002
170	0.960	0.952	0.002
273	1.045	0.956	0.001
63	0.945	0.957	0.001
523	0.928	0.976	0.000
200	1.023	0.982	0.000
157	0.998	0.998	0.000
401	0.296	1	0.000
491	0.296	1	0.000
552	0.296	1	0.000
229	0.299	1	0.000
255	0.299	1	0.000
562	0.299	1	0.000
361	0.304	1	0.000
427	0.304	1	0.000
428	0.304	1	0.000
516	0.304	1	0.000
545	1.714	1	0.000
76	0.295	1	0.000
92	0.295	1	0.000
139	0.295	1	0.000
192	0.295	1	0.000
246	0.295	1	0.000
356	0.295	1	0.000
363	0.295	1	0.000
434	0.295	1	0.000
551	0.295	1	0.000
20	0.305	1	0.000
480	0.308	1	0.000
24	0.308	1	0.000
228	0.321	1	0.000
474	0.321	1	0.000
103	0.316	1	0.000
471	0.316	1	0.000
555	0.316	1	0.000
484	0.318	1	0.000
365	0.322	1	0.000
114	0.333	1	0.000
213	0.333	1	0.000
65	0.339	1	0.000
530	1.731	1	0.000
546	1.743	1	0.000
543	1.760	1	0.000
302	0.353	1	0.000
134	2.457	1	0.000
348	5.997	1	0.000
219	1.752	1	0.000
533	1.752	1	0.000
498	1.797	1	0.000
18	1.895	1	-0.000
43	1.895	1	-0.000
536	1.807	1	-0.000