# Omega fit to each site after fixing tree and and all other parameters.
# Not using '--omegabysite_fixsyn', so we fit a synonymous rate for each site. This means we compare fitting omega and a synonymous rate to fitting just a synonymous rate.
# Fits compared to null model of omega = 1.000; P-values NOT corrected for multiple testing.
#
# site	omega	P	dLnL
304	0.001	3.66e-07	12.933
147	0.001	1.74e-06	11.433
473	0.001	1.33e-05	9.484
395	0.001	2.44e-05	8.905
483	0.001	8.89e-05	7.679
514	0.090	0.000196	6.935
341	0.001	0.000225	6.804
342	0.001	0.000254	6.693
362	0.001	0.000531	6.002
137	0.127	0.00114	5.290
74	0.001	0.00129	5.181
367	0.001	0.00139	5.112
519	0.001	0.00151	5.030
190	0.001	0.00153	5.019
346	0.001	0.00167	4.938
22	0.001	0.00173	4.906
501	0.001	0.00177	4.888
550	0.001	0.00179	4.878
455	0.059	0.00181	4.864
554	0.001	0.00209	4.732
169	0.144	0.00217	4.702
481	0.001	0.00217	4.700
322	0.001	0.00241	4.604
267	0.155	0.00282	4.459
23	0.001	0.00314	4.363
485	0.001	0.00334	4.307
503	0.001	0.00347	4.272
549	0.076	0.00361	4.234
149	8.177	0.00382	4.185
111	0.001	0.00427	4.084
236	0.001	0.00442	4.052
493	0.001	0.00474	3.988
509	0.084	0.00524	3.898
534	0.001	0.0058	3.805
429	0.001	0.00594	3.785
320	0.001	0.00601	3.774
453	0.001	0.00617	3.750
257	0.001	0.00639	3.718
27	0.001	0.00659	3.691
9	0.115	0.00704	3.631
423	0.001	0.00745	3.580
454	0.001	0.00762	3.561
542	0.109	0.00809	3.506
437	0.001	0.00818	3.497
54	0.093	0.00823	3.491
430	0.001	0.00828	3.486
338	0.001	0.00831	3.483
217	0.110	0.0088	3.431
208	0.167	0.00971	3.344
409	0.001	0.00982	3.334
214	0.001	0.0105	3.275
411	0.001	0.0105	3.272
506	0.175	0.0111	3.226
127	0.070	0.0114	3.198
275	0.207	0.0115	3.196
517	0.001	0.0118	3.172
366	0.001	0.012	3.157
452	0.105	0.0124	3.125
230	0.088	0.0128	3.100
406	0.001	0.0131	3.076
138	0.001	0.0132	3.071
467	0.001	0.0133	3.064
41	0.001	0.0133	3.064
281	0.001	0.0143	3.000
247	0.001	0.0144	2.997
215	0.075	0.0144	2.995
305	0.001	0.0146	2.981
179	0.001	0.0148	2.970
371	0.212	0.0148	2.968
321	0.001	0.015	2.956
448	0.001	0.0154	2.936
55	0.001	0.0159	2.905
36	0.001	0.016	2.903
64	0.001	0.0162	2.889
115	0.001	0.0175	2.823
388	0.099	0.0177	2.811
507	0.001	0.0178	2.810
184	0.170	0.0185	2.775
470	0.001	0.0202	2.699
492	0.001	0.0207	2.674
37	0.001	0.0208	2.674
353	0.001	0.0209	2.668
478	0.001	0.0217	2.636
511	0.001	0.0219	2.627
183	0.242	0.023	2.583
415	0.001	0.0238	2.555
336	0.174	0.0241	2.544
39	0.001	0.0249	2.516
535	99.000	0.0268	2.452
124	0.116	0.027	2.444
174	0.001	0.0274	2.432
513	0.170	0.0275	2.430
518	0.001	0.0276	2.428
280	0.001	0.028	2.415
375	0.001	0.0282	2.409
46	0.001	0.0283	2.405
272	0.187	0.0284	2.402
62	0.001	0.0292	2.378
425	0.001	0.0294	2.371
459	0.217	0.0297	2.363
500	0.117	0.0302	2.350
560	0.001	0.0305	2.340
211	0.073	0.0309	2.329
532	0.001	0.0311	2.322
173	0.001	0.0316	2.311
80	0.001	0.0322	2.295
33	0.001	0.0323	2.292
196	0.001	0.0327	2.282
512	0.001	0.0333	2.266
10	99.000	0.0335	2.260
238	0.001	0.0347	2.231
51	99.000	0.0356	2.208
227	0.001	0.0365	2.188
287	0.256	0.0369	2.177
377	0.001	0.0372	2.171
387	0.001	0.0372	2.170
564	0.001	0.0378	2.157
462	0.001	0.0384	2.144
476	0.001	0.0384	2.144
47	0.001	0.0392	2.126
468	0.001	0.0396	2.118
368	0.001	0.0402	2.104
382	0.001	0.0403	2.102
504	0.001	0.0405	2.098
540	0.001	0.0408	2.093
309	0.001	0.042	2.068
109	0.001	0.0434	2.040
402	0.001	0.0436	2.037
104	0.001	0.0438	2.032
416	0.001	0.044	2.027
198	0.303	0.0441	2.027
167	0.282	0.045	2.009
526	0.001	0.0451	2.008
393	0.001	0.0456	1.999
25	0.001	0.0479	1.958
404	0.001	0.0483	1.950
270	0.001	0.0495	1.929
233	0.001	0.0508	1.908
171	0.292	0.051	1.904
394	0.001	0.051	1.904
97	0.001	0.0537	1.861
116	0.001	0.0552	1.837
418	0.001	0.0562	1.824
311	0.001	0.0563	1.821
426	0.001	0.0571	1.810
284	0.172	0.058	1.797
295	0.001	0.0591	1.781
358	0.001	0.0595	1.775
277	0.298	0.0602	1.766
539	0.001	0.0608	1.757
477	0.164	0.0621	1.740
315	0.001	0.0627	1.733
553	0.001	0.0633	1.725
408	0.001	0.0642	1.712
334	0.001	0.0649	1.704
186	0.001	0.0651	1.701
60	0.001	0.0657	1.694
220	0.269	0.067	1.677
497	0.001	0.0671	1.676
151	0.001	0.0682	1.663
207	0.001	0.0683	1.662
400	0.001	0.0688	1.656
160	99.000	0.071	1.630
234	0.249	0.0714	1.625
146	0.001	0.0725	1.613
235	0.172	0.0725	1.612
4	5.420	0.0726	1.611
3	99.000	0.0761	1.573
369	0.001	0.0774	1.559
77	0.366	0.0776	1.557
131	0.001	0.0786	1.547
465	99.000	0.0787	1.546
206	5.117	0.0791	1.541
72	0.226	0.0798	1.535
278	0.001	0.0802	1.531
472	0.001	0.0811	1.521
391	0.001	0.083	1.502
541	0.001	0.0871	1.464
482	0.001	0.088	1.455
306	0.001	0.0885	1.451
133	0.001	0.0889	1.447
433	99.000	0.0897	1.440
457	0.001	0.0899	1.439
398	0.001	0.0901	1.436
59	5.120	0.0908	1.430
135	0.196	0.0909	1.429
421	0.237	0.0916	1.423
91	0.001	0.0936	1.405
325	0.334	0.0942	1.401
520	0.001	0.0943	1.400
221	0.001	0.0947	1.396
67	0.168	0.0954	1.391
451	0.001	0.096	1.386
349	0.001	0.0963	1.383
316	0.001	0.0966	1.380
71	0.001	0.0968	1.379
355	0.001	0.0969	1.378
242	0.167	0.0971	1.376
378	0.001	0.0977	1.371
335	0.001	0.101	1.345
344	0.001	0.104	1.322
102	0.276	0.106	1.307
458	0.258	0.107	1.298
256	99.000	0.109	1.281
283	0.001	0.11	1.278
240	0.001	0.11	1.277
29	0.001	0.11	1.274
31	0.001	0.111	1.268
441	0.001	0.112	1.265
78	0.001	0.112	1.264
412	0.001	0.112	1.260
130	0.001	0.115	1.245
155	0.339	0.116	1.236
49	0.001	0.118	1.223
510	0.001	0.12	1.212
479	0.001	0.121	1.200
538	0.001	0.125	1.174
274	0.001	0.126	1.172
57	0.001	0.127	1.167
300	0.001	0.127	1.162
225	0.001	0.132	1.137
294	0.001	0.132	1.132
251	0.001	0.134	1.123
202	0.372	0.136	1.114
75	0.001	0.136	1.113
58	0.001	0.136	1.112
216	0.001	0.138	1.101
248	0.001	0.138	1.101
2	99.000	0.139	1.095
44	0.001	0.14	1.092
182	0.001	0.142	1.080
93	0.001	0.143	1.075
17	0.001	0.143	1.075
432	0.223	0.143	1.071
126	0.001	0.144	1.067
333	0.001	0.145	1.061
446	0.001	0.145	1.060
181	0.293	0.146	1.059
298	0.404	0.146	1.057
253	0.001	0.146	1.057
195	0.001	0.147	1.051
436	0.001	0.148	1.048
354	0.001	0.149	1.043
119	0.001	0.149	1.042
379	0.001	0.151	1.031
28	0.001	0.153	1.022
26	0.001	0.154	1.016
351	0.001	0.155	1.013
490	0.001	0.155	1.010
435	0.001	0.157	1.002
558	0.001	0.157	1.000
85	2.734	0.159	0.990
232	0.001	0.16	0.986
502	0.320	0.16	0.986
290	0.001	0.165	0.963
381	0.244	0.166	0.959
548	99.000	0.169	0.946
396	99.000	0.17	0.943
144	0.523	0.17	0.940
143	2.658	0.174	0.923
327	0.001	0.175	0.921
439	0.001	0.175	0.918
422	0.001	0.176	0.917
557	0.001	0.178	0.905
499	0.001	0.179	0.901
414	99.000	0.18	0.899
42	0.001	0.18	0.897
420	0.254	0.182	0.892
128	0.001	0.184	0.882
122	0.210	0.189	0.863
350	0.001	0.192	0.853
297	0.001	0.193	0.849
68	0.001	0.193	0.848
107	0.001	0.193	0.848
56	0.001	0.193	0.847
258	0.001	0.198	0.830
407	0.308	0.198	0.827
276	3.234	0.2	0.823
340	0.001	0.201	0.818
486	0.001	0.202	0.815
495	3.696	0.204	0.806
522	99.000	0.209	0.791
89	3.196	0.21	0.786
82	0.257	0.21	0.785
188	0.001	0.211	0.781
289	0.318	0.214	0.774
14	99.000	0.214	0.771
241	0.001	0.215	0.768
53	0.001	0.216	0.767
121	0.001	0.216	0.765
318	0.001	0.216	0.765
339	0.282	0.217	0.764
180	0.001	0.217	0.761
505	0.232	0.218	0.760
537	0.001	0.218	0.759
35	99.000	0.22	0.751
94	0.001	0.223	0.742
48	0.001	0.225	0.737
32	0.001	0.229	0.724
101	0.377	0.231	0.717
556	0.001	0.232	0.714
5	0.384	0.234	0.709
269	0.001	0.234	0.707
443	0.001	0.237	0.698
464	0.296	0.241	0.688
125	4.055	0.242	0.684
106	0.001	0.242	0.683
120	0.300	0.248	0.669
81	0.001	0.248	0.668
466	3.003	0.248	0.667
50	0.001	0.249	0.664
163	0.001	0.25	0.661
66	0.001	0.25	0.660
360	0.336	0.252	0.657
288	0.483	0.253	0.654
164	0.399	0.26	0.635
324	0.001	0.26	0.634
417	2.424	0.261	0.631
145	2.617	0.263	0.627
521	0.294	0.266	0.618
212	0.319	0.268	0.614
463	0.294	0.268	0.614
345	0.001	0.27	0.609
529	0.001	0.27	0.608
34	0.001	0.272	0.604
185	1.882	0.272	0.604
445	0.001	0.273	0.600
170	2.032	0.275	0.596
83	0.001	0.276	0.594
525	0.403	0.279	0.587
461	0.001	0.279	0.585
8	0.340	0.28	0.584
563	0.001	0.283	0.576
384	0.001	0.283	0.576
150	3.026	0.284	0.574
328	0.344	0.286	0.570
330	3.165	0.286	0.569
488	0.370	0.289	0.563
399	0.001	0.289	0.562
444	0.001	0.291	0.558
438	0.001	0.293	0.554
166	2.570	0.293	0.552
389	0.470	0.295	0.549
547	0.001	0.299	0.539
386	0.001	0.301	0.534
397	2.130	0.304	0.529
449	0.001	0.304	0.528
450	0.001	0.306	0.524
79	0.001	0.307	0.521
405	0.001	0.309	0.517
347	0.001	0.31	0.515
312	0.001	0.312	0.511
364	0.001	0.314	0.506
372	0.001	0.315	0.505
100	0.429	0.317	0.501
98	0.404	0.322	0.490
218	2.492	0.323	0.488
489	0.462	0.334	0.466
30	0.001	0.336	0.463
263	0.001	0.347	0.442
140	0.001	0.348	0.441
343	0.001	0.349	0.438
259	0.001	0.35	0.437
373	0.001	0.35	0.437
559	0.001	0.356	0.426
187	99.000	0.365	0.411
531	0.001	0.365	0.410
319	0.001	0.373	0.396
262	0.001	0.377	0.391
189	0.001	0.38	0.386
323	1.868	0.383	0.381
177	1.925	0.384	0.379
243	99.000	0.384	0.378
494	0.401	0.385	0.377
392	0.001	0.387	0.374
226	0.509	0.39	0.370
508	99.000	0.393	0.365
271	99.000	0.398	0.358
303	0.465	0.401	0.353
245	0.369	0.404	0.349
332	0.001	0.406	0.345
515	0.296	0.408	0.343
52	0.518	0.41	0.339
296	0.001	0.411	0.338
117	0.001	0.412	0.337
291	0.554	0.412	0.336
385	0.432	0.415	0.332
69	0.384	0.422	0.323
129	0.586	0.423	0.322
299	0.001	0.431	0.310
544	0.001	0.435	0.304
99	0.525	0.438	0.300
210	0.424	0.44	0.299
159	0.441	0.44	0.298
197	0.001	0.444	0.293
175	0.607	0.446	0.291
370	0.001	0.448	0.288
440	0.469	0.45	0.286
279	0.444	0.45	0.286
266	0.001	0.45	0.285
38	3.036	0.452	0.283
204	1.753	0.454	0.280
308	0.001	0.469	0.262
108	0.001	0.472	0.258
136	1.655	0.473	0.257
244	0.001	0.484	0.245
203	0.001	0.489	0.239
45	0.001	0.49	0.239
496	99.000	0.49	0.239
376	2.799	0.495	0.233
152	0.593	0.505	0.222
301	99.000	0.505	0.222
21	99.000	0.509	0.218
132	99.000	0.51	0.217
148	0.514	0.515	0.212
286	1.513	0.52	0.207
374	2.535	0.524	0.203
313	1.594	0.525	0.202
118	0.492	0.528	0.200
447	0.469	0.536	0.191
157	1.609	0.547	0.181
165	99.000	0.547	0.181
383	0.001	0.548	0.180
264	0.607	0.549	0.179
154	0.683	0.556	0.173
252	0.501	0.567	0.164
331	0.001	0.568	0.163
176	0.534	0.571	0.160
105	0.654	0.574	0.158
13	0.677	0.585	0.149
260	1.924	0.587	0.148
307	0.537	0.587	0.147
172	1.911	0.59	0.145
88	0.667	0.593	0.143
261	0.001	0.6	0.137
19	0.624	0.607	0.132
310	0.613	0.611	0.129
222	1.681	0.612	0.129
200	1.652	0.615	0.127
329	99.000	0.617	0.125
282	1.501	0.617	0.125
527	2.052	0.618	0.124
460	1.540	0.623	0.121
84	1.666	0.654	0.101
326	0.583	0.664	0.095
113	0.698	0.674	0.089
61	0.761	0.676	0.087
16	0.627	0.683	0.083
239	1.368	0.689	0.080
1	1.403	0.69	0.080
123	0.620	0.694	0.078
237	1.333	0.696	0.076
273	1.362	0.697	0.076
469	0.772	0.71	0.069
11	0.720	0.713	0.068
193	1.606	0.715	0.067
268	1.405	0.716	0.066
6	0.756	0.719	0.065
112	1.296	0.724	0.062
40	0.677	0.728	0.061
380	1.350	0.73	0.059
561	0.611	0.731	0.059
410	1.641	0.735	0.057
424	1.348	0.737	0.056
524	1.280	0.737	0.056
153	0.748	0.739	0.055
168	1.303	0.746	0.053
442	0.636	0.751	0.050
337	0.703	0.751	0.050
141	1.232	0.751	0.050
431	1.294	0.758	0.048
87	0.822	0.758	0.047
254	1.439	0.765	0.045
285	0.775	0.775	0.041
359	99.000	0.776	0.041
419	99.000	0.776	0.040
199	0.773	0.782	0.038
352	1.449	0.796	0.033
456	1.439	0.802	0.031
12	1.295	0.804	0.031
390	0.743	0.805	0.030
528	0.704	0.805	0.030
110	1.315	0.811	0.029
205	1.161	0.811	0.029
250	0.802	0.814	0.028
63	1.257	0.822	0.025
293	1.171	0.822	0.025
231	1.155	0.829	0.023
201	1.113	0.856	0.017
142	0.771	0.856	0.016
158	0.872	0.858	0.016
15	1.208	0.859	0.016
317	0.790	0.869	0.014
487	0.822	0.876	0.012
523	1.409	0.879	0.012
95	0.835	0.886	0.010
224	1.108	0.891	0.009
96	0.888	0.898	0.008
191	1.158	0.899	0.008
265	1.079	0.904	0.007
7	0.876	0.905	0.007
292	0.918	0.909	0.007
209	0.878	0.912	0.006
178	0.928	0.913	0.006
86	1.115	0.913	0.006
194	1.098	0.915	0.006
90	0.920	0.92	0.005
161	1.093	0.92	0.005
156	0.911	0.921	0.005
73	1.093	0.93	0.004
357	0.889	0.934	0.003
403	1.062	0.936	0.003
475	1.076	0.937	0.003
162	1.103	0.938	0.003
413	1.046	0.961	0.001
249	1.024	0.971	0.001
223	1.025	0.974	0.001
70	1.028	0.982	0.000
314	1.023	0.987	0.000
302	0.001	1	0.000
491	0.051	1	0.000
552	0.086	1	0.000
427	0.040	1	0.000
401	0.222	1	0.000
484	0.001	1	0.000
229	0.181	1	0.000
545	2.193	1	0.000
18	0.118	1	0.000
555	0.001	1	0.000
546	2.078	1	0.000
255	0.205	1	0.000
543	2.098	1	0.000
498	0.205	1	0.000
562	0.146	1	0.000
348	1.998	1	0.000
24	0.090	1	0.000
43	2.095	1	0.000
480	0.001	1	0.000
365	2.097	1	0.000
530	1.880	1	0.000
92	0.137	1	0.000
134	1.805	1	0.000
536	1.922	1	0.000
65	1.937	1	0.000
20	2.088	1	0.000
551	0.221	1	0.000
533	1.896	1	0.000
103	0.208	1	0.000
474	1.847	1	0.000
471	1.961	1	0.000
76	0.292	1	0.000
356	0.269	1	0.000
434	0.277	1	0.000
192	0.227	1	0.000
213	1.771	1	0.000
361	1.794	1	0.000
516	0.406	1	0.000
114	1.826	1	0.000
363	0.251	1	0.000
428	1.837	1	0.000
219	1.865	1	0.000
139	0.292	1	-0.000
228	1.854	1	-0.000
246	0.293	1	-0.000