# Omega fit to each site after fixing tree and and all other parameters.
# Not using '--omegabysite_fixsyn', so we fit a synonymous rate for each site. This means we compare fitting omega and a synonymous rate to fitting just a synonymous rate.
# Fits compared to null model of omega = 1.000; P-values NOT corrected for multiple testing.
#
# site	omega	P	dLnL
147	0.001	3.49e-08	15.208
473	0.001	2.33e-06	11.151
341	0.001	3.19e-05	8.651
236	0.001	8.5e-05	7.721
304	0.001	0.000198	6.926
501	0.001	0.000227	6.799
506	0.088	0.000382	6.309
160	99.000	0.000666	5.791
267	0.127	0.00087	5.543
169	0.126	0.000969	5.443
127	0.031	0.00111	5.315
481	0.001	0.00133	5.152
517	0.001	0.00137	5.126
234	0.093	0.00167	4.943
230	0.048	0.00184	4.850
9	0.083	0.00188	4.831
55	0.001	0.0019	4.822
41	0.001	0.00196	4.792
500	0.051	0.00219	4.691
144	0.251	0.00247	4.583
519	0.001	0.00252	4.564
36	0.001	0.00255	4.551
74	0.001	0.00255	4.550
509	0.071	0.00275	4.485
190	0.001	0.00275	4.482
320	0.001	0.00331	4.315
305	0.001	0.00331	4.313
503	0.001	0.00345	4.277
214	0.001	0.00359	4.241
275	0.164	0.00371	4.210
37	0.001	0.00376	4.198
346	0.001	0.00384	4.179
478	0.001	0.00385	4.177
388	0.063	0.00439	4.058
179	0.001	0.00442	4.051
338	0.001	0.00479	3.978
492	0.001	0.00506	3.929
367	0.001	0.00551	3.852
550	0.001	0.006	3.775
409	0.001	0.00637	3.721
235	0.076	0.00671	3.674
174	0.001	0.00711	3.623
336	0.127	0.00733	3.595
467	0.001	0.00785	3.534
64	0.001	0.00816	3.499
342	0.001	0.00961	3.353
167	0.201	0.00995	3.322
406	0.001	0.0107	3.258
257	0.001	0.0114	3.201
371	0.205	0.0123	3.131
514	0.203	0.013	3.087
171	0.201	0.013	3.086
535	99.000	0.0136	3.043
485	0.001	0.0138	3.032
549	0.107	0.0141	3.014
111	0.001	0.0141	3.011
554	0.001	0.0165	2.877
217	0.135	0.0171	2.845
507	0.001	0.0174	2.829
511	0.001	0.0177	2.815
493	0.001	0.0177	2.815
455	0.112	0.0181	2.791
138	0.001	0.0213	2.653
272	0.174	0.0224	2.609
126	0.001	0.0228	2.591
287	0.227	0.0233	2.574
196	0.001	0.0256	2.493
149	5.159	0.026	2.479
115	0.001	0.0299	2.359
534	0.001	0.0299	2.356
510	0.001	0.0309	2.330
215	0.102	0.0309	2.329
476	0.001	0.0322	2.294
433	99.000	0.0328	2.277
131	0.001	0.0331	2.271
452	0.140	0.0332	2.267
411	0.001	0.0343	2.239
270	0.001	0.0347	2.229
281	0.001	0.036	2.198
51	99.000	0.0366	2.184
220	0.221	0.0373	2.168
400	0.001	0.0405	2.099
395	0.001	0.0411	2.086
454	0.001	0.0421	2.065
227	0.001	0.0423	2.061
10	99.000	0.0423	2.061
483	0.001	0.0426	2.055
512	0.001	0.0439	2.030
369	0.001	0.0439	2.030
430	0.001	0.0449	2.011
368	0.001	0.0462	1.987
181	0.189	0.0473	1.967
184	0.220	0.0477	1.960
198	0.310	0.0483	1.950
150	7.193	0.0501	1.919
233	0.001	0.0505	1.913
540	0.001	0.051	1.905
23	0.001	0.0516	1.894
426	0.001	0.052	1.888
4	6.313	0.0527	1.876
288	0.286	0.0535	1.865
387	0.001	0.0538	1.860
325	0.282	0.0539	1.858
247	0.001	0.0551	1.839
284	0.170	0.0564	1.821
404	0.001	0.0569	1.813
415	0.001	0.0569	1.813
518	0.001	0.0572	1.809
183	0.309	0.0588	1.786
459	0.263	0.059	1.782
211	0.104	0.0593	1.778
437	0.001	0.0604	1.763
322	0.001	0.0605	1.762
277	0.300	0.0615	1.748
232	0.001	0.0617	1.745
460	7.267	0.0623	1.737
321	0.001	0.0633	1.725
441	0.001	0.0635	1.722
59	5.634	0.0639	1.717
375	0.001	0.0654	1.698
109	0.001	0.0657	1.693
146	0.001	0.0686	1.658
394	0.001	0.0699	1.642
280	0.001	0.0704	1.637
393	0.001	0.0711	1.629
238	0.001	0.0716	1.623
80	0.001	0.0731	1.606
470	0.001	0.0735	1.602
429	0.001	0.0735	1.601
520	0.001	0.0766	1.568
389	0.277	0.0809	1.524
402	0.001	0.0821	1.512
542	0.215	0.0869	1.465
408	0.001	0.0874	1.461
21	99.000	0.0901	1.436
333	0.001	0.0939	1.403
91	0.001	0.0959	1.387
423	0.001	0.0963	1.383
377	0.001	0.0977	1.372
557	0.001	0.0982	1.368
564	0.001	0.0982	1.367
462	0.001	0.0984	1.366
276	4.283	0.101	1.344
47	0.001	0.102	1.338
46	0.001	0.102	1.337
553	0.001	0.103	1.330
548	99.000	0.105	1.311
208	0.327	0.107	1.302
539	0.001	0.107	1.297
381	0.199	0.109	1.282
526	0.001	0.109	1.282
62	0.001	0.111	1.267
122	0.151	0.112	1.260
309	0.001	0.117	1.231
3	99.000	0.119	1.215
128	0.001	0.12	1.206
145	3.763	0.121	1.202
221	0.001	0.122	1.193
135	0.223	0.123	1.189
137	0.390	0.125	1.176
186	0.001	0.125	1.176
274	0.001	0.127	1.166
278	0.001	0.127	1.165
225	0.001	0.127	1.162
256	99.000	0.128	1.160
253	0.001	0.136	1.113
396	99.000	0.136	1.109
353	0.001	0.137	1.105
497	0.001	0.14	1.087
188	0.001	0.145	1.060
300	0.001	0.146	1.055
451	0.001	0.152	1.026
537	0.001	0.152	1.024
504	0.001	0.153	1.022
182	0.001	0.156	1.004
315	0.001	0.16	0.987
173	0.001	0.16	0.985
521	0.220	0.164	0.968
2	99.000	0.165	0.965
457	0.001	0.166	0.961
206	3.557	0.166	0.958
328	0.263	0.167	0.953
101	0.328	0.168	0.950
385	0.235	0.169	0.946
72	0.310	0.171	0.937
339	0.250	0.174	0.925
197	0.001	0.175	0.918
311	0.001	0.177	0.913
14	99.000	0.177	0.913
405	0.001	0.187	0.872
93	0.001	0.187	0.869
502	0.342	0.188	0.868
248	0.001	0.188	0.865
39	0.001	0.192	0.849
85	2.543	0.193	0.849
532	0.001	0.196	0.837
465	99.000	0.196	0.837
104	0.001	0.2	0.822
129	2.709	0.202	0.815
25	0.001	0.204	0.808
560	0.001	0.204	0.808
35	99.000	0.204	0.807
482	0.001	0.204	0.806
241	0.001	0.206	0.800
97	0.001	0.209	0.789
251	0.001	0.209	0.788
334	0.001	0.21	0.787
414	99.000	0.21	0.787
453	0.001	0.211	0.784
58	0.001	0.213	0.776
541	0.001	0.214	0.772
366	0.001	0.214	0.772
345	0.001	0.216	0.767
242	0.268	0.217	0.763
12	3.225	0.217	0.762
312	0.001	0.218	0.759
291	0.414	0.22	0.754
297	0.001	0.223	0.742
469	0.426	0.224	0.738
398	0.001	0.227	0.731
243	99.000	0.228	0.727
185	1.999	0.228	0.726
31	0.001	0.228	0.726
240	0.001	0.229	0.724
391	0.001	0.229	0.723
283	0.001	0.232	0.715
258	0.001	0.233	0.711
420	0.289	0.233	0.710
432	0.288	0.234	0.709
44	0.001	0.235	0.707
60	0.001	0.235	0.705
382	0.001	0.237	0.700
50	0.001	0.239	0.694
269	0.001	0.24	0.691
141	2.183	0.24	0.689
505	0.250	0.242	0.684
218	2.927	0.245	0.675
349	0.001	0.247	0.670
417	2.492	0.248	0.668
98	0.347	0.248	0.666
133	0.001	0.249	0.666
195	0.001	0.249	0.665
378	0.001	0.249	0.664
237	2.223	0.25	0.663
119	0.001	0.251	0.660
407	0.350	0.251	0.659
27	0.001	0.252	0.656
344	0.001	0.253	0.653
422	0.001	0.255	0.647
67	0.306	0.256	0.645
187	99.000	0.256	0.644
372	0.001	0.258	0.638
116	0.001	0.26	0.635
355	0.001	0.261	0.632
306	0.001	0.264	0.625
416	0.001	0.267	0.617
289	0.362	0.271	0.605
207	0.001	0.271	0.605
178	2.063	0.272	0.604
425	0.001	0.272	0.604
212	0.325	0.274	0.597
105	0.435	0.282	0.578
362	0.001	0.283	0.576
360	0.364	0.284	0.574
376	5.288	0.284	0.574
151	0.001	0.289	0.562
180	0.001	0.29	0.561
75	0.001	0.293	0.552
53	0.001	0.294	0.551
202	0.506	0.294	0.550
559	0.001	0.298	0.542
544	0.001	0.3	0.537
153	0.388	0.301	0.535
499	0.001	0.303	0.531
522	99.000	0.303	0.530
100	0.419	0.304	0.528
89	2.641	0.305	0.526
121	0.001	0.308	0.520
448	0.001	0.31	0.516
456	5.055	0.311	0.514
472	0.001	0.316	0.503
132	99.000	0.319	0.497
22	0.001	0.319	0.497
295	0.001	0.322	0.491
486	0.001	0.322	0.490
52	0.452	0.322	0.490
323	2.024	0.322	0.490
379	0.001	0.323	0.488
130	0.001	0.324	0.485
358	0.001	0.327	0.481
33	0.001	0.327	0.480
56	0.001	0.33	0.475
463	0.339	0.333	0.468
177	2.066	0.334	0.467
94	0.001	0.336	0.463
436	0.001	0.337	0.462
26	0.001	0.338	0.459
48	0.001	0.338	0.458
538	0.001	0.344	0.447
107	0.001	0.344	0.447
446	0.001	0.349	0.439
165	99.000	0.352	0.433
399	0.001	0.353	0.431
513	0.460	0.354	0.430
335	0.001	0.357	0.424
264	0.469	0.36	0.419
1	2.135	0.361	0.418
252	0.337	0.361	0.417
392	0.001	0.365	0.410
140	0.001	0.366	0.409
490	0.001	0.367	0.406
259	0.001	0.374	0.395
79	0.001	0.374	0.395
556	0.001	0.375	0.393
418	0.001	0.375	0.393
364	0.001	0.379	0.387
86	2.482	0.379	0.386
440	3.112	0.381	0.384
83	0.001	0.384	0.379
29	0.001	0.384	0.379
71	0.001	0.385	0.378
350	0.001	0.389	0.372
17	0.001	0.389	0.372
412	0.001	0.392	0.366
466	2.309	0.393	0.364
508	99.000	0.395	0.361
298	0.594	0.397	0.359
66	0.001	0.397	0.359
163	0.001	0.401	0.353
531	0.001	0.402	0.351
42	0.001	0.402	0.351
443	0.001	0.404	0.349
216	0.001	0.41	0.340
435	0.001	0.412	0.337
49	0.001	0.412	0.336
301	99.000	0.414	0.334
124	0.428	0.421	0.324
271	99.000	0.423	0.321
495	2.336	0.424	0.319
468	0.001	0.427	0.315
57	0.001	0.43	0.311
68	0.001	0.431	0.310
263	0.001	0.433	0.308
324	0.001	0.434	0.306
78	0.001	0.434	0.306
488	0.488	0.436	0.303
193	2.916	0.437	0.302
374	3.111	0.439	0.300
30	0.001	0.442	0.296
268	2.059	0.447	0.289
54	0.461	0.452	0.283
386	0.001	0.453	0.282
563	0.001	0.454	0.280
84	2.308	0.457	0.276
155	0.601	0.459	0.275
294	0.001	0.461	0.272
438	0.001	0.461	0.272
445	0.001	0.465	0.267
351	0.001	0.467	0.265
439	0.001	0.468	0.264
262	0.001	0.469	0.262
316	0.001	0.469	0.262
296	0.001	0.47	0.261
61	0.623	0.473	0.258
189	0.001	0.473	0.258
525	0.555	0.479	0.251
477	0.463	0.482	0.247
340	0.001	0.486	0.242
558	0.001	0.491	0.238
28	0.001	0.495	0.233
34	0.001	0.495	0.233
442	2.713	0.497	0.231
318	0.001	0.499	0.229
118	0.473	0.503	0.224
290	0.001	0.505	0.222
449	0.001	0.506	0.221
176	0.482	0.507	0.220
125	2.212	0.509	0.218
347	0.001	0.518	0.209
81	0.001	0.521	0.206
45	0.001	0.523	0.204
547	0.001	0.526	0.201
384	0.001	0.529	0.198
479	0.001	0.53	0.198
168	1.655	0.53	0.198
421	0.572	0.534	0.194
106	0.001	0.545	0.183
354	0.001	0.546	0.182
329	99.000	0.547	0.181
244	0.001	0.549	0.180
319	0.001	0.551	0.177
494	0.525	0.553	0.176
266	0.001	0.554	0.175
32	0.001	0.558	0.172
461	0.001	0.559	0.171
250	0.577	0.562	0.168
203	0.001	0.564	0.166
424	1.667	0.566	0.165
496	99.000	0.574	0.158
70	0.487	0.58	0.153
327	0.001	0.581	0.152
152	0.650	0.582	0.152
120	0.543	0.582	0.151
331	0.001	0.587	0.148
102	1.499	0.589	0.146
142	0.462	0.592	0.144
373	0.001	0.592	0.143
370	0.001	0.594	0.142
69	0.533	0.601	0.137
199	0.613	0.602	0.136
343	0.001	0.602	0.136
279	0.566	0.604	0.134
475	0.612	0.605	0.134
123	0.537	0.606	0.133
444	0.001	0.607	0.133
332	0.001	0.607	0.133
63	1.683	0.609	0.131
303	0.625	0.609	0.131
87	0.722	0.613	0.128
15	1.683	0.614	0.127
529	0.001	0.616	0.126
7	1.829	0.617	0.125
450	0.001	0.622	0.122
431	1.513	0.627	0.118
161	1.537	0.629	0.117
38	1.974	0.638	0.111
313	1.408	0.641	0.108
380	1.491	0.645	0.106
489	0.697	0.648	0.104
326	0.568	0.648	0.104
419	99.000	0.651	0.102
390	0.593	0.651	0.102
194	1.477	0.651	0.102
143	1.401	0.652	0.102
117	0.001	0.657	0.099
82	0.605	0.664	0.094
99	0.699	0.666	0.093
136	1.337	0.681	0.084
108	0.001	0.69	0.080
90	0.713	0.692	0.079
410	1.784	0.692	0.078
172	1.608	0.694	0.077
158	0.740	0.695	0.077
245	0.619	0.695	0.077
359	99.000	0.7	0.074
464	0.645	0.702	0.073
308	0.001	0.702	0.073
154	1.274	0.703	0.073
210	0.667	0.703	0.073
299	0.001	0.706	0.071
249	1.268	0.718	0.065
523	3.045	0.718	0.065
330	1.490	0.723	0.063
19	0.726	0.728	0.060
515	0.609	0.732	0.059
261	0.001	0.744	0.053
95	1.519	0.753	0.049
175	0.816	0.753	0.049
209	0.687	0.756	0.048
157	0.779	0.763	0.045
170	1.224	0.765	0.045
96	1.315	0.771	0.042
286	1.205	0.773	0.042
164	0.795	0.775	0.041
383	0.001	0.779	0.039
337	0.738	0.784	0.038
524	0.820	0.79	0.036
148	0.750	0.79	0.035
352	1.447	0.797	0.033
13	0.838	0.804	0.031
191	1.313	0.817	0.027
260	1.297	0.831	0.023
310	0.816	0.832	0.023
224	0.857	0.837	0.021
292	1.168	0.838	0.021
357	1.337	0.839	0.021
413	1.208	0.839	0.021
6	1.159	0.849	0.018
166	1.164	0.851	0.018
527	1.297	0.855	0.017
254	1.249	0.856	0.016
204	0.875	0.859	0.016
88	0.881	0.867	0.014
77	1.101	0.868	0.014
293	1.122	0.87	0.013
201	1.096	0.876	0.012
110	1.186	0.882	0.011
156	1.136	0.885	0.010
73	1.159	0.885	0.010
285	0.880	0.886	0.010
200	1.147	0.889	0.010
314	1.206	0.896	0.009
223	1.101	0.897	0.008
528	1.190	0.903	0.007
561	1.191	0.903	0.007
159	1.155	0.905	0.007
403	0.915	0.906	0.007
40	0.874	0.908	0.007
317	1.168	0.914	0.006
282	0.915	0.915	0.006
265	1.069	0.915	0.006
112	0.928	0.919	0.005
113	0.925	0.926	0.004
447	0.889	0.927	0.004
162	1.105	0.938	0.003
231	0.950	0.939	0.003
487	1.095	0.941	0.003
273	1.057	0.946	0.002
458	0.941	0.946	0.002
307	1.085	0.946	0.002
5	0.950	0.953	0.002
16	1.060	0.961	0.001
205	0.974	0.967	0.001
226	0.973	0.971	0.001
8	1.034	0.976	0.000
11	1.018	0.984	0.000
239	1.013	0.987	0.000
397	1.010	0.989	0.000
545	6.235	1	0.000
401	0.243	1	0.000
219	0.249	1	0.000
530	2.304	1	0.000
546	2.650	1	0.000
229	0.223	1	0.000
65	3.158	1	0.000
255	0.073	1	0.000
543	2.374	1	0.000
365	3.077	1	0.000
361	2.317	1	0.000
20	2.326	1	0.000
552	0.107	1	0.000
484	2.085	1	0.000
533	1.891	1	0.000
427	1.972	1	0.000
536	2.054	1	0.000
134	1.805	1	0.000
43	3.059	1	0.000
491	0.353	1	0.000
471	2.365	1	0.000
114	1.811	1	0.000
428	1.913	1	0.000
348	1.996	1	0.000
18	1.906	1	0.000
92	0.228	1	0.000
474	1.950	1	0.000
139	0.149	1	0.000
228	0.299	1	0.000
24	2.051	1	0.000
516	0.298	1	0.000
246	0.337	1	0.000
555	1.926	1	0.000
213	1.882	1	0.000
551	0.262	1	0.000
363	0.308	1	0.000
192	0.282	1	0.000
356	0.371	1	0.000
498	0.478	1	0.000
103	0.385	1	0.000
434	0.315	1	0.000
76	0.222	1	0.000
480	2.122	1	0.000
222	0.999	1	-0.000
302	2.022	1	-0.000
562	3.553	1	-0.000