# Omega fit to each site after fixing tree and and all other parameters.
# Not using '--omegabysite_fixsyn', so we fit a synonymous rate for each site. This means we compare fitting omega and a synonymous rate to fitting just a synonymous rate.
# Fits compared to null model of omega = 1.000; P-values NOT corrected for multiple testing.
#
# site	omega	P	dLnL
147	0.001	1.57e-07	13.753
473	0.001	3.52e-06	10.755
341	0.001	2.5e-05	8.884
506	0.075	0.000155	7.156
501	0.001	0.000522	6.017
74	0.001	0.000582	5.916
190	0.001	0.00073	5.706
517	0.001	0.00105	5.370
519	0.001	0.0011	5.326
214	0.001	0.00118	5.263
509	0.061	0.00136	5.129
169	0.137	0.00155	5.009
478	0.001	0.00156	5.005
305	0.001	0.00168	4.936
127	0.036	0.00177	4.887
236	0.001	0.0018	4.873
304	0.001	0.00186	4.843
367	0.001	0.00193	4.805
550	0.001	0.002	4.776
160	99.000	0.002	4.773
37	0.001	0.00203	4.760
388	0.050	0.00208	4.741
55	0.001	0.00214	4.715
346	0.001	0.00238	4.616
257	0.001	0.00246	4.584
9	0.089	0.00257	4.545
320	0.001	0.00271	4.495
36	0.001	0.0028	4.465
481	0.001	0.00309	4.378
554	0.001	0.0036	4.239
503	0.001	0.00364	4.228
41	0.001	0.00445	4.044
267	0.168	0.00446	4.042
409	0.001	0.0045	4.035
234	0.118	0.00486	3.966
338	0.001	0.00486	3.966
429	0.001	0.00526	3.893
184	0.129	0.00565	3.830
64	0.001	0.00604	3.770
492	0.001	0.00653	3.699
455	0.088	0.00818	3.497
514	0.185	0.00848	3.464
467	0.001	0.00894	3.417
406	0.001	0.0091	3.402
281	0.001	0.00967	3.347
230	0.080	0.00982	3.334
272	0.140	0.00991	3.326
174	0.001	0.0101	3.312
493	0.001	0.0103	3.292
150	12.774	0.0103	3.289
485	0.001	0.0104	3.285
549	0.099	0.0105	3.272
149	6.394	0.0116	3.189
144	0.317	0.0121	3.151
371	0.204	0.0122	3.137
179	0.001	0.0129	3.092
400	0.001	0.0131	3.076
511	0.001	0.0133	3.066
426	0.001	0.0146	2.983
171	0.208	0.0148	2.967
393	0.001	0.015	2.956
235	0.097	0.0152	2.948
333	0.001	0.0154	2.933
437	0.001	0.0169	2.851
284	0.106	0.0171	2.841
395	0.001	0.0173	2.833
109	0.001	0.0177	2.813
115	0.001	0.019	2.749
275	0.233	0.0193	2.735
510	0.001	0.022	2.624
126	0.001	0.0223	2.610
208	0.206	0.0225	2.605
507	0.001	0.0228	2.591
433	99.000	0.0232	2.577
336	0.177	0.0243	2.538
476	0.001	0.0246	2.527
51	99.000	0.0251	2.508
520	0.001	0.0252	2.506
183	0.248	0.0252	2.504
138	0.001	0.0261	2.476
535	99.000	0.0263	2.467
540	0.001	0.0269	2.450
47	0.001	0.0293	2.376
80	0.001	0.0303	2.345
227	0.001	0.0305	2.341
553	0.001	0.032	2.299
470	0.001	0.0327	2.281
247	0.001	0.033	2.272
452	0.141	0.0337	2.256
111	0.001	0.0339	2.250
46	0.001	0.0348	2.227
238	0.001	0.0357	2.206
215	0.111	0.0377	2.160
342	0.001	0.0386	2.138
23	0.001	0.0392	2.126
500	0.129	0.0395	2.119
441	0.001	0.0398	2.113
353	0.001	0.0414	2.079
217	0.183	0.0424	2.060
454	0.001	0.0426	2.056
287	0.266	0.0426	2.055
277	0.271	0.0435	2.037
369	0.001	0.0437	2.034
167	0.280	0.0441	2.027
196	0.001	0.0455	2.000
309	0.001	0.0458	1.994
483	0.001	0.0472	1.969
564	0.001	0.0483	1.951
389	0.235	0.0503	1.916
518	0.001	0.0507	1.909
534	0.001	0.0509	1.907
423	0.001	0.0524	1.882
131	0.001	0.0545	1.848
542	0.185	0.0557	1.830
62	0.001	0.056	1.826
512	0.001	0.0573	1.807
270	0.001	0.0585	1.789
460	7.549	0.0597	1.772
462	0.001	0.06	1.768
321	0.001	0.0606	1.761
381	0.155	0.0608	1.758
404	0.001	0.061	1.755
497	0.001	0.0624	1.736
411	0.001	0.0631	1.727
4	5.691	0.0656	1.695
181	0.213	0.066	1.690
377	0.001	0.0692	1.651
415	0.001	0.0704	1.637
504	0.001	0.0711	1.629
453	0.001	0.0715	1.624
173	0.001	0.073	1.607
10	99.000	0.0734	1.603
408	0.001	0.0734	1.603
233	0.001	0.0737	1.600
240	0.001	0.0808	1.524
355	0.001	0.0814	1.518
211	0.125	0.0819	1.513
251	0.001	0.0858	1.475
59	4.983	0.0869	1.466
459	0.297	0.0873	1.461
539	0.001	0.0882	1.453
122	0.131	0.0884	1.451
288	0.334	0.089	1.447
312	0.001	0.0898	1.439
291	0.292	0.09	1.437
375	0.001	0.0902	1.435
278	0.001	0.0914	1.425
432	0.182	0.0919	1.420
146	0.001	0.0949	1.395
430	0.001	0.0969	1.378
394	0.001	0.0969	1.378
402	0.001	0.0975	1.373
93	0.001	0.0986	1.364
182	0.001	0.0989	1.362
451	0.001	0.0991	1.360
128	0.001	0.101	1.346
27	0.001	0.102	1.340
141	3.039	0.102	1.336
25	0.001	0.102	1.336
560	0.001	0.106	1.307
280	0.001	0.106	1.304
526	0.001	0.107	1.303
91	0.001	0.107	1.296
325	0.348	0.108	1.294
3	99.000	0.108	1.293
387	0.001	0.109	1.287
39	0.001	0.112	1.261
548	99.000	0.112	1.260
378	0.001	0.113	1.259
221	0.001	0.114	1.246
116	0.001	0.115	1.245
58	0.001	0.116	1.237
322	0.001	0.116	1.233
99	0.267	0.12	1.208
198	0.399	0.121	1.200
334	0.001	0.123	1.188
241	0.001	0.124	1.181
368	0.001	0.125	1.178
232	0.001	0.126	1.171
195	0.001	0.127	1.165
405	0.001	0.127	1.164
100	0.274	0.131	1.142
521	0.195	0.131	1.141
362	0.001	0.135	1.114
366	0.001	0.137	1.105
465	99.000	0.137	1.105
225	0.001	0.138	1.101
151	0.001	0.138	1.097
276	3.781	0.139	1.093
557	0.001	0.14	1.088
97	0.001	0.14	1.087
537	0.001	0.143	1.072
53	0.001	0.143	1.071
104	0.001	0.145	1.062
188	0.001	0.146	1.055
60	0.001	0.148	1.044
242	0.215	0.151	1.033
135	0.244	0.151	1.029
502	0.315	0.154	1.018
133	0.001	0.155	1.013
525	0.300	0.155	1.013
186	0.001	0.155	1.012
121	0.001	0.155	1.012
300	0.001	0.155	1.011
26	0.001	0.155	1.010
72	0.298	0.157	1.001
382	0.001	0.157	1.000
425	0.001	0.158	0.996
311	0.001	0.16	0.989
253	0.001	0.16	0.986
283	0.001	0.16	0.985
532	0.001	0.163	0.973
14	99.000	0.163	0.972
541	0.001	0.166	0.959
85	2.684	0.167	0.956
21	99.000	0.169	0.947
145	3.223	0.173	0.929
258	0.001	0.173	0.927
448	0.001	0.173	0.927
269	0.001	0.174	0.924
44	0.001	0.174	0.923
50	0.001	0.176	0.917
306	0.001	0.176	0.916
248	0.001	0.177	0.912
416	0.001	0.181	0.895
482	0.001	0.183	0.888
31	0.001	0.184	0.882
349	0.001	0.185	0.877
252	0.210	0.188	0.867
398	0.001	0.189	0.864
22	0.001	0.19	0.860
180	0.001	0.19	0.858
206	3.317	0.191	0.856
220	0.397	0.191	0.856
396	99.000	0.193	0.845
2	99.000	0.194	0.844
197	0.001	0.197	0.834
344	0.001	0.198	0.827
237	2.418	0.2	0.820
207	0.001	0.201	0.817
457	0.001	0.202	0.816
163	0.001	0.207	0.798
119	0.001	0.208	0.793
218	3.216	0.209	0.790
297	0.001	0.212	0.780
379	0.001	0.215	0.769
132	99.000	0.218	0.759
101	0.368	0.218	0.757
56	0.001	0.22	0.752
33	0.001	0.22	0.751
259	0.001	0.22	0.751
274	0.001	0.222	0.747
79	0.001	0.222	0.745
256	99.000	0.223	0.743
499	0.001	0.223	0.742
350	0.001	0.225	0.737
469	0.428	0.227	0.730
391	0.001	0.229	0.724
48	0.001	0.231	0.718
472	0.001	0.232	0.715
538	0.001	0.237	0.699
335	0.001	0.241	0.688
156	2.892	0.241	0.688
35	99.000	0.241	0.688
243	99.000	0.242	0.686
358	0.001	0.243	0.681
505	0.251	0.243	0.680
544	0.001	0.246	0.674
556	0.001	0.247	0.670
392	0.001	0.247	0.669
105	0.407	0.248	0.668
345	0.001	0.25	0.661
295	0.001	0.25	0.661
486	0.001	0.251	0.659
52	0.397	0.252	0.656
522	99.000	0.254	0.650
75	0.001	0.255	0.648
315	0.001	0.257	0.642
488	0.344	0.258	0.640
360	0.342	0.258	0.639
468	0.001	0.259	0.637
49	0.001	0.263	0.627
436	0.001	0.265	0.622
130	0.001	0.267	0.616
71	0.001	0.268	0.614
294	0.001	0.27	0.608
477	0.315	0.27	0.608
216	0.001	0.271	0.606
508	99.000	0.274	0.599
107	0.001	0.275	0.595
66	0.001	0.28	0.583
67	0.328	0.283	0.575
418	0.001	0.285	0.572
364	0.001	0.285	0.571
495	3.047	0.288	0.565
124	0.335	0.289	0.563
422	0.001	0.289	0.562
137	0.523	0.293	0.553
290	0.001	0.294	0.550
490	0.001	0.296	0.546
17	0.001	0.296	0.546
42	0.001	0.296	0.545
83	0.001	0.297	0.543
289	0.384	0.3	0.537
263	0.001	0.302	0.533
12	2.700	0.303	0.530
399	0.001	0.306	0.523
414	99.000	0.307	0.521
559	0.001	0.31	0.515
524	0.459	0.311	0.513
435	0.001	0.312	0.510
446	0.001	0.314	0.507
324	0.001	0.314	0.507
351	0.001	0.315	0.504
386	0.001	0.317	0.501
301	99.000	0.32	0.495
563	0.001	0.322	0.491
187	99.000	0.324	0.486
439	0.001	0.326	0.483
5	0.451	0.326	0.483
412	0.001	0.33	0.474
94	0.001	0.33	0.474
1	2.226	0.333	0.469
279	0.363	0.333	0.469
420	0.361	0.339	0.457
339	0.366	0.34	0.456
68	0.001	0.341	0.453
140	0.001	0.341	0.453
318	0.001	0.347	0.443
153	0.425	0.347	0.442
558	0.001	0.348	0.441
57	0.001	0.349	0.439
69	0.331	0.352	0.433
168	2.084	0.355	0.428
226	0.484	0.355	0.428
531	0.001	0.357	0.424
262	0.001	0.357	0.424
407	0.434	0.361	0.417
78	0.001	0.362	0.415
268	2.388	0.362	0.415
466	2.425	0.364	0.412
30	0.001	0.365	0.410
29	0.001	0.367	0.407
81	0.001	0.367	0.407
340	0.001	0.368	0.406
347	0.001	0.37	0.401
202	0.562	0.372	0.399
316	0.001	0.375	0.394
271	99.000	0.376	0.392
323	1.882	0.377	0.390
189	0.001	0.378	0.389
298	0.581	0.378	0.389
445	0.001	0.383	0.380
264	0.491	0.384	0.378
443	0.001	0.389	0.371
54	0.411	0.39	0.370
372	0.001	0.399	0.356
212	0.424	0.401	0.353
449	0.001	0.401	0.353
45	0.001	0.405	0.347
34	0.001	0.405	0.347
185	1.615	0.408	0.343
513	0.497	0.408	0.342
28	0.001	0.412	0.336
98	0.473	0.415	0.332
438	0.001	0.417	0.329
385	0.435	0.419	0.326
354	0.001	0.422	0.322
373	0.001	0.422	0.322
244	0.001	0.423	0.321
296	0.001	0.427	0.315
479	0.001	0.454	0.280
384	0.001	0.455	0.279
327	0.001	0.456	0.278
106	0.001	0.463	0.270
442	2.933	0.467	0.265
370	0.001	0.469	0.263
266	0.001	0.471	0.260
89	1.968	0.473	0.257
129	1.690	0.474	0.256
165	99.000	0.475	0.255
376	2.863	0.48	0.250
203	0.001	0.481	0.248
450	0.001	0.49	0.239
529	0.001	0.491	0.237
152	0.588	0.498	0.230
421	0.550	0.502	0.225
118	0.475	0.507	0.221
374	2.586	0.514	0.213
123	0.461	0.519	0.207
424	1.773	0.52	0.207
332	0.001	0.522	0.205
331	0.001	0.523	0.204
176	0.494	0.523	0.204
84	2.059	0.523	0.204
319	0.001	0.523	0.204
125	2.122	0.531	0.196
299	0.001	0.532	0.195
461	0.001	0.536	0.192
63	1.938	0.541	0.187
117	0.001	0.542	0.186
326	0.475	0.543	0.185
110	1.974	0.544	0.184
32	0.001	0.544	0.184
328	0.529	0.548	0.180
193	2.212	0.553	0.176
15	1.833	0.553	0.176
547	0.001	0.555	0.175
86	1.842	0.557	0.173
13	0.657	0.557	0.172
447	0.491	0.562	0.168
343	0.001	0.568	0.163
496	99.000	0.57	0.161
161	1.657	0.57	0.161
170	1.456	0.572	0.159
199	0.595	0.58	0.153
310	0.598	0.596	0.140
308	0.001	0.6	0.137
250	0.611	0.602	0.136
61	0.712	0.604	0.135
417	1.514	0.606	0.133
108	0.001	0.611	0.129
419	99.000	0.616	0.126
463	0.562	0.622	0.121
155	0.712	0.623	0.121
7	1.809	0.624	0.120
87	0.732	0.627	0.118
444	0.001	0.629	0.117
410	2.046	0.629	0.117
329	99.000	0.63	0.116
440	1.774	0.632	0.115
224	0.697	0.632	0.114
172	1.752	0.641	0.109
383	0.001	0.641	0.109
82	0.583	0.641	0.108
337	0.611	0.651	0.102
200	1.557	0.653	0.101
489	0.705	0.658	0.098
38	1.889	0.66	0.097
527	1.883	0.66	0.097
158	0.714	0.662	0.096
249	1.324	0.674	0.089
458	0.700	0.675	0.088
456	1.851	0.675	0.088
413	1.463	0.681	0.085
40	0.640	0.688	0.081
380	1.414	0.69	0.079
397	1.340	0.692	0.078
8	0.662	0.699	0.075
261	0.001	0.703	0.073
293	1.303	0.705	0.072
313	1.318	0.707	0.070
164	0.747	0.717	0.066
359	99.000	0.72	0.064
159	0.675	0.726	0.062
166	1.320	0.737	0.057
177	1.299	0.737	0.056
201	1.202	0.752	0.050
231	1.233	0.752	0.050
330	1.422	0.755	0.049
95	0.685	0.759	0.047
222	1.372	0.762	0.046
286	1.214	0.764	0.045
523	2.198	0.775	0.041
142	0.674	0.782	0.038
515	0.672	0.784	0.037
245	0.714	0.786	0.037
254	1.386	0.789	0.036
90	0.802	0.793	0.034
70	0.718	0.794	0.034
475	0.786	0.798	0.033
352	1.443	0.799	0.032
265	1.168	0.804	0.031
143	1.184	0.809	0.029
303	0.800	0.81	0.029
194	1.232	0.81	0.029
292	1.180	0.827	0.024
175	0.871	0.831	0.023
178	0.866	0.834	0.022
494	0.795	0.841	0.020
113	1.174	0.846	0.019
157	0.852	0.846	0.019
136	1.144	0.85	0.018
223	1.148	0.852	0.017
148	0.828	0.866	0.014
112	0.882	0.866	0.014
77	0.908	0.867	0.014
19	0.860	0.871	0.013
431	1.138	0.876	0.012
487	1.194	0.885	0.010
6	1.118	0.885	0.010
273	1.118	0.89	0.010
282	0.892	0.891	0.009
561	0.825	0.893	0.009
154	1.085	0.899	0.008
73	1.136	0.901	0.008
210	1.137	0.903	0.007
120	0.874	0.908	0.007
464	0.887	0.916	0.006
317	1.155	0.92	0.005
239	0.924	0.922	0.005
191	1.095	0.936	0.003
314	1.118	0.938	0.003
260	0.909	0.938	0.003
11	0.944	0.947	0.002
209	1.078	0.948	0.002
88	0.953	0.949	0.002
357	1.087	0.953	0.002
403	1.045	0.954	0.002
307	1.067	0.957	0.001
204	1.034	0.964	0.001
205	1.027	0.966	0.001
16	0.950	0.966	0.001
96	1.039	0.967	0.001
285	1.035	0.968	0.001
162	1.052	0.969	0.001
528	1.049	0.973	0.001
390	1.027	0.982	0.000
102	0.996	0.995	0.000
229	0.160	1	0.000
401	0.188	1	0.000
545	3.944	1	0.000
546	2.256	1	0.000
255	0.113	1	0.000
530	2.086	1	0.000
498	0.238	1	0.000
551	0.089	1	0.000
543	2.245	1	0.000
65	2.307	1	0.000
484	2.029	1	0.000
134	1.832	1	0.000
43	2.286	1	0.000
536	1.991	1	0.000
228	0.241	1	0.000
533	1.864	1	0.000
20	1.947	1	0.000
361	2.017	1	0.000
365	2.383	1	0.000
219	0.305	1	0.000
427	1.864	1	0.000
348	2.045	1	0.000
192	0.274	1	0.000
434	0.255	1	0.000
471	2.079	1	0.000
24	1.935	1	0.000
302	0.202	1	0.000
139	0.236	1	0.000
428	1.960	1	0.000
491	0.351	1	0.000
474	1.932	1	0.000
103	0.318	1	0.000
480	0.226	1	0.000
356	0.312	1	0.000
555	1.914	1	0.000
92	0.229	1	0.000
76	0.255	1	0.000
114	1.839	1	0.000
246	0.311	1	0.000
516	0.835	1	0.000
213	1.806	1	0.000
18	2.095	1	0.000
552	0.001	1	0.000
363	0.294	1	-0.000
562	8.417	1	-0.000