# Omega fit to each site after fixing tree and and all other parameters.
# Not using '--omegabysite_fixsyn', so we fit a synonymous rate for each site. This means we compare fitting omega and a synonymous rate to fitting just a synonymous rate.
# Fits compared to null model of omega = 1.000; P-values NOT corrected for multiple testing.
#
# site	omega	P	dLnL
147	0.001	1.4e-07	13.859
236	0.001	1.46e-05	9.397
267	0.084	6.29e-05	8.006
304	0.001	0.000103	7.539
473	0.001	0.000123	7.374
341	0.001	0.00017	7.070
501	0.001	0.000406	6.252
506	0.098	0.000678	5.775
41	0.001	0.000759	5.670
514	0.120	0.000966	5.446
371	0.130	0.00104	5.375
481	0.001	0.00111	5.315
478	0.001	0.00117	5.266
503	0.001	0.00119	5.253
127	0.033	0.00147	5.055
455	0.057	0.0016	4.981
230	0.048	0.00182	4.861
388	0.050	0.00195	4.796
367	0.001	0.00201	4.772
338	0.001	0.00201	4.772
55	0.001	0.00209	4.734
275	0.147	0.00211	4.725
406	0.001	0.00226	4.663
519	0.001	0.00239	4.610
517	0.001	0.00241	4.604
234	0.104	0.00283	4.458
320	0.001	0.0033	4.317
395	0.001	0.00333	4.308
171	0.148	0.00379	4.191
9	0.099	0.00395	4.154
305	0.001	0.00402	4.136
23	0.001	0.00408	4.125
160	99.000	0.00437	4.061
235	0.070	0.00482	3.972
509	0.082	0.00496	3.947
287	0.159	0.00519	3.906
409	0.001	0.0053	3.887
492	0.001	0.00536	3.876
144	0.278	0.00537	3.876
342	0.001	0.00555	3.845
37	0.001	0.00602	3.772
111	0.001	0.00621	3.744
167	0.184	0.00633	3.726
36	0.001	0.00658	3.692
500	0.071	0.00691	3.648
467	0.001	0.00702	3.634
169	0.181	0.00732	3.596
336	0.126	0.00742	3.585
485	0.001	0.00782	3.537
179	0.001	0.00808	3.508
74	0.001	0.00919	3.393
270	0.001	0.00941	3.372
174	0.001	0.00963	3.351
346	0.001	0.0106	3.262
115	0.001	0.0107	3.261
190	0.001	0.0107	3.254
328	0.114	0.013	3.085
511	0.001	0.0133	3.066
217	0.126	0.0134	3.057
430	0.001	0.0134	3.056
493	0.001	0.0136	3.046
214	0.001	0.0137	3.036
550	0.001	0.0142	3.008
322	0.001	0.0142	3.007
535	99.000	0.0155	2.928
534	0.001	0.0158	2.911
64	0.001	0.0158	2.911
400	0.001	0.0164	2.878
454	0.001	0.0169	2.853
549	0.112	0.0171	2.841
368	0.001	0.0172	2.837
280	0.001	0.0178	2.806
483	0.001	0.0181	2.793
10	99.000	0.0188	2.759
321	0.001	0.0193	2.737
138	0.001	0.0202	2.697
452	0.121	0.0207	2.678
459	0.198	0.0211	2.658
411	0.001	0.0214	2.647
196	0.001	0.0218	2.630
476	0.001	0.0221	2.619
387	0.001	0.0225	2.602
507	0.001	0.0229	2.590
131	0.001	0.0234	2.568
288	0.228	0.024	2.549
510	0.001	0.0243	2.536
470	0.001	0.0248	2.520
257	0.001	0.027	2.444
215	0.099	0.0284	2.403
145	6.050	0.0293	2.375
62	0.001	0.031	2.328
281	0.001	0.0311	2.324
208	0.227	0.032	2.300
429	0.001	0.0321	2.295
554	0.001	0.0322	2.295
274	0.001	0.0336	2.256
150	8.366	0.0357	2.206
227	0.001	0.0359	2.200
369	0.001	0.0367	2.182
393	0.001	0.0378	2.157
518	0.001	0.0389	2.133
423	0.001	0.039	2.130
272	0.208	0.0405	2.098
325	0.264	0.0423	2.062
184	0.213	0.0426	2.056
441	0.001	0.0431	2.046
375	0.001	0.0448	2.014
437	0.001	0.0448	2.013
394	0.001	0.0466	1.980
404	0.001	0.0479	1.957
232	0.001	0.0484	1.948
149	4.239	0.0497	1.926
433	99.000	0.0505	1.912
146	0.001	0.0512	1.901
220	0.247	0.0524	1.881
126	0.001	0.0527	1.877
540	0.001	0.0556	1.832
276	5.221	0.0572	1.809
233	0.001	0.0586	1.788
238	0.001	0.0623	1.738
51	99.000	0.0625	1.734
309	0.001	0.0645	1.709
211	0.111	0.0665	1.683
402	0.001	0.0667	1.681
178	3.302	0.067	1.678
221	0.001	0.0676	1.670
415	0.001	0.0677	1.669
80	0.001	0.0679	1.666
247	0.001	0.0682	1.663
377	0.001	0.0706	1.635
46	0.001	0.0713	1.626
553	0.001	0.0721	1.617
366	0.001	0.0736	1.601
181	0.222	0.0736	1.600
315	0.001	0.0752	1.583
198	0.349	0.0755	1.580
564	0.001	0.0774	1.559
426	0.001	0.0784	1.549
457	0.001	0.0802	1.531
109	0.001	0.081	1.522
422	0.001	0.0811	1.522
283	0.001	0.0814	1.519
4	5.121	0.0819	1.513
504	0.001	0.0829	1.503
97	0.001	0.083	1.503
197	0.001	0.0837	1.496
381	0.178	0.0844	1.489
25	0.001	0.0861	1.473
526	0.001	0.0871	1.463
182	0.001	0.0876	1.459
300	0.001	0.0888	1.448
59	4.972	0.0894	1.443
186	0.001	0.0903	1.434
104	0.001	0.0952	1.392
451	0.001	0.0961	1.384
242	0.165	0.0962	1.384
278	0.001	0.0973	1.374
334	0.001	0.0982	1.367
512	0.001	0.0983	1.367
47	0.001	0.0984	1.366
173	0.001	0.0991	1.360
3	99.000	0.0992	1.359
425	0.001	0.0998	1.354
311	0.001	0.101	1.344
408	0.001	0.101	1.343
225	0.001	0.104	1.325
291	0.309	0.104	1.319
557	0.001	0.105	1.314
453	0.001	0.106	1.306
60	0.001	0.106	1.304
462	0.001	0.107	1.301
349	0.001	0.109	1.282
353	0.001	0.11	1.275
91	0.001	0.11	1.274
58	0.001	0.113	1.254
253	0.001	0.114	1.248
378	0.001	0.114	1.247
339	0.206	0.116	1.238
122	0.157	0.12	1.211
539	0.001	0.121	1.201
542	0.244	0.122	1.196
396	99.000	0.123	1.190
537	0.001	0.125	1.178
277	0.376	0.126	1.173
137	0.391	0.126	1.171
195	0.001	0.127	1.167
460	4.560	0.129	1.153
135	0.228	0.13	1.146
27	0.001	0.13	1.145
362	0.001	0.131	1.140
240	0.001	0.131	1.139
541	0.001	0.132	1.136
520	0.001	0.133	1.130
416	0.001	0.133	1.129
398	0.001	0.136	1.113
183	0.397	0.136	1.112
39	0.001	0.137	1.103
385	0.209	0.139	1.094
355	0.001	0.14	1.089
521	0.202	0.141	1.086
497	0.001	0.143	1.075
128	0.001	0.144	1.069
502	0.307	0.145	1.064
14	99.000	0.145	1.062
133	0.001	0.145	1.062
414	99.000	0.146	1.059
345	0.001	0.146	1.055
548	99.000	0.147	1.054
248	0.001	0.148	1.044
101	0.312	0.149	1.043
31	0.001	0.15	1.035
93	0.001	0.152	1.026
207	0.001	0.152	1.025
256	99.000	0.153	1.022
391	0.001	0.155	1.013
116	0.001	0.155	1.010
465	99.000	0.156	1.007
298	0.415	0.157	1.001
251	0.001	0.158	0.997
72	0.300	0.159	0.994
119	0.001	0.16	0.985
389	0.361	0.162	0.980
420	0.239	0.162	0.978
284	0.277	0.164	0.969
44	0.001	0.165	0.966
421	0.305	0.169	0.945
151	0.001	0.171	0.937
463	0.226	0.173	0.928
532	0.001	0.174	0.922
494	0.256	0.179	0.904
269	0.001	0.179	0.901
57	0.001	0.18	0.898
21	99.000	0.182	0.893
464	0.253	0.182	0.890
12	3.466	0.187	0.872
22	0.001	0.188	0.867
241	0.001	0.192	0.850
71	0.001	0.193	0.849
405	0.001	0.194	0.845
448	0.001	0.194	0.845
130	0.001	0.196	0.836
75	0.001	0.196	0.835
333	0.001	0.2	0.822
382	0.001	0.201	0.818
35	99.000	0.204	0.807
477	0.274	0.205	0.802
412	0.001	0.208	0.791
560	0.001	0.209	0.791
2	99.000	0.209	0.789
295	0.001	0.21	0.785
351	0.001	0.212	0.780
312	0.001	0.214	0.771
33	0.001	0.216	0.766
556	0.001	0.216	0.765
544	0.001	0.217	0.761
372	0.001	0.22	0.753
335	0.001	0.222	0.746
559	0.001	0.227	0.729
316	0.001	0.229	0.724
187	99.000	0.231	0.719
180	0.001	0.231	0.718
505	0.244	0.234	0.709
499	0.001	0.235	0.704
482	0.001	0.235	0.704
358	0.001	0.236	0.703
50	0.001	0.237	0.701
94	0.001	0.238	0.696
258	0.001	0.239	0.692
245	0.248	0.24	0.692
153	0.336	0.24	0.691
490	0.001	0.242	0.685
436	0.001	0.242	0.684
350	0.001	0.243	0.683
121	0.001	0.243	0.681
407	0.345	0.244	0.679
216	0.001	0.246	0.672
418	0.001	0.25	0.663
120	0.302	0.25	0.660
289	0.351	0.257	0.643
264	0.389	0.257	0.641
124	0.312	0.258	0.640
188	0.001	0.26	0.635
468	0.001	0.26	0.635
446	0.001	0.261	0.633
379	0.001	0.262	0.630
29	0.001	0.263	0.627
53	0.001	0.264	0.624
107	0.001	0.268	0.614
475	0.341	0.269	0.611
432	0.313	0.271	0.607
17	0.001	0.273	0.601
344	0.001	0.274	0.598
85	2.191	0.278	0.589
83	0.001	0.281	0.582
439	0.001	0.281	0.581
1	2.450	0.282	0.579
443	0.001	0.287	0.567
466	2.775	0.289	0.562
297	0.001	0.29	0.560
206	2.622	0.29	0.560
54	0.343	0.291	0.556
26	0.001	0.295	0.548
538	0.001	0.296	0.547
306	0.001	0.297	0.545
140	0.001	0.297	0.544
522	99.000	0.297	0.543
218	2.596	0.3	0.538
472	0.001	0.301	0.535
100	0.417	0.302	0.533
237	2.058	0.302	0.533
105	0.452	0.304	0.528
49	0.001	0.305	0.526
212	0.350	0.306	0.524
435	0.001	0.312	0.511
79	0.001	0.312	0.510
210	0.332	0.313	0.508
438	0.001	0.313	0.508
78	0.001	0.314	0.508
30	0.001	0.315	0.506
364	0.001	0.317	0.501
417	2.205	0.319	0.497
294	0.001	0.32	0.495
40	0.355	0.321	0.492
84	3.055	0.322	0.491
155	0.507	0.322	0.491
399	0.001	0.324	0.486
56	0.001	0.324	0.486
324	0.001	0.325	0.484
189	0.001	0.327	0.481
354	0.001	0.329	0.476
392	0.001	0.334	0.467
262	0.001	0.341	0.454
98	0.418	0.341	0.454
163	0.001	0.341	0.454
360	0.410	0.341	0.453
486	0.001	0.345	0.446
263	0.001	0.346	0.445
202	0.546	0.35	0.437
513	0.460	0.353	0.431
259	0.001	0.354	0.429
323	1.916	0.361	0.417
28	0.001	0.362	0.415
449	0.001	0.366	0.409
66	0.001	0.369	0.404
89	2.363	0.37	0.402
132	99.000	0.371	0.400
243	99.000	0.377	0.390
525	0.481	0.379	0.387
42	0.001	0.38	0.386
52	0.497	0.381	0.383
445	0.001	0.384	0.380
347	0.001	0.386	0.376
290	0.001	0.39	0.369
531	0.001	0.391	0.368
32	0.001	0.391	0.367
185	1.641	0.392	0.367
271	99.000	0.397	0.358
67	0.420	0.4	0.354
68	0.001	0.401	0.352
34	0.001	0.405	0.347
61	0.580	0.411	0.339
45	0.001	0.411	0.338
558	0.001	0.413	0.335
390	0.403	0.414	0.333
177	1.847	0.417	0.329
250	0.460	0.418	0.328
563	0.001	0.42	0.325
461	0.001	0.421	0.324
81	0.001	0.421	0.323
386	0.001	0.424	0.320
469	0.574	0.425	0.318
384	0.001	0.427	0.316
327	0.001	0.431	0.310
340	0.001	0.433	0.307
301	99.000	0.433	0.307
165	99.000	0.437	0.302
318	0.001	0.441	0.296
296	0.001	0.444	0.293
508	99.000	0.447	0.289
125	2.463	0.453	0.282
374	2.998	0.454	0.280
244	0.001	0.456	0.278
129	1.704	0.457	0.277
106	0.001	0.458	0.275
529	0.001	0.464	0.268
203	0.001	0.465	0.267
524	0.576	0.467	0.265
252	0.420	0.468	0.263
70	0.385	0.47	0.262
343	0.001	0.471	0.260
376	2.948	0.472	0.259
440	2.477	0.472	0.258
479	0.001	0.479	0.251
293	1.623	0.489	0.240
118	0.464	0.493	0.235
48	0.001	0.495	0.233
265	0.654	0.499	0.229
266	0.001	0.503	0.224
141	1.558	0.505	0.222
450	0.001	0.521	0.206
373	0.001	0.528	0.200
90	0.578	0.528	0.199
332	0.001	0.528	0.199
330	1.988	0.535	0.193
370	0.001	0.535	0.192
319	0.001	0.535	0.192
261	0.001	0.54	0.188
547	0.001	0.54	0.188
444	0.001	0.542	0.186
496	99.000	0.551	0.178
279	0.524	0.555	0.174
456	2.415	0.556	0.173
95	2.283	0.56	0.170
303	0.588	0.562	0.168
331	0.001	0.565	0.165
410	2.311	0.573	0.159
117	0.001	0.581	0.153
108	0.001	0.586	0.148
156	0.604	0.588	0.146
168	1.522	0.601	0.137
142	0.471	0.602	0.136
193	2.002	0.602	0.136
69	0.536	0.604	0.134
515	0.473	0.605	0.134
431	1.553	0.608	0.131
308	0.001	0.609	0.131
326	0.534	0.611	0.130
201	0.740	0.616	0.126
199	0.627	0.618	0.124
286	1.379	0.619	0.124
15	1.665	0.622	0.122
329	99.000	0.622	0.121
380	1.522	0.629	0.117
209	0.556	0.632	0.115
313	1.417	0.635	0.113
337	0.607	0.645	0.106
82	0.597	0.655	0.100
19	0.668	0.661	0.096
299	0.001	0.661	0.096
176	0.613	0.662	0.095
86	1.554	0.663	0.095
523	3.454	0.664	0.094
113	0.699	0.676	0.087
166	1.413	0.679	0.086
63	1.508	0.695	0.077
307	0.636	0.696	0.076
528	1.755	0.698	0.075
148	0.668	0.704	0.072
419	99.000	0.71	0.069
458	0.726	0.713	0.068
359	99.000	0.729	0.060
224	0.770	0.73	0.060
383	0.001	0.732	0.059
447	0.654	0.734	0.058
13	0.789	0.741	0.055
123	0.668	0.741	0.055
413	1.348	0.748	0.052
7	1.450	0.752	0.050
87	0.820	0.756	0.048
158	0.794	0.764	0.045
164	0.786	0.767	0.044
110	1.399	0.769	0.043
273	1.252	0.778	0.040
162	0.715	0.782	0.038
282	1.252	0.784	0.038
152	0.817	0.794	0.034
88	0.826	0.799	0.032
442	1.431	0.802	0.031
310	0.786	0.802	0.031
172	1.354	0.803	0.031
5	0.811	0.805	0.031
200	0.780	0.808	0.030
159	0.761	0.812	0.028
561	1.394	0.818	0.027
424	1.217	0.825	0.024
397	0.849	0.826	0.024
357	1.369	0.827	0.024
96	0.818	0.827	0.024
205	0.871	0.827	0.024
403	0.860	0.841	0.020
260	1.267	0.846	0.019
222	1.225	0.848	0.018
136	1.145	0.849	0.018
38	1.299	0.854	0.017
161	0.850	0.855	0.017
8	1.224	0.861	0.015
191	1.222	0.863	0.015
249	1.112	0.871	0.013
292	0.889	0.875	0.012
112	1.120	0.878	0.012
268	0.876	0.888	0.010
170	1.098	0.89	0.009
77	1.082	0.891	0.009
352	1.209	0.895	0.009
175	0.921	0.898	0.008
11	0.899	0.904	0.007
226	0.911	0.905	0.007
223	1.086	0.911	0.006
317	0.857	0.914	0.006
231	0.931	0.916	0.006
99	0.926	0.926	0.004
73	1.090	0.933	0.004
143	1.058	0.938	0.003
239	1.061	0.942	0.003
157	1.059	0.944	0.003
6	1.053	0.947	0.002
488	0.946	0.95	0.002
489	1.048	0.952	0.002
487	1.071	0.956	0.002
285	0.953	0.957	0.001
16	0.939	0.958	0.001
495	0.946	0.962	0.001
194	1.042	0.962	0.001
314	1.067	0.964	0.001
154	1.029	0.964	0.001
254	1.051	0.968	0.001
102	0.978	0.976	0.000
527	1.039	0.978	0.000
204	1.012	0.987	0.000
213	0.001	1	0.000
401	0.162	1	0.000
516	0.173	1	0.000
545	3.495	1	0.000
219	0.249	1	0.000
498	0.089	1	0.000
530	2.166	1	0.000
546	2.226	1	0.000
103	0.247	1	0.000
361	2.079	1	0.000
552	0.154	1	0.000
543	2.017	1	0.000
229	0.263	1	0.000
43	2.532	1	0.000
255	0.001	1	0.000
365	2.409	1	0.000
65	2.340	1	0.000
134	1.775	1	0.000
20	1.926	1	0.000
428	1.841	1	0.000
536	1.971	1	0.000
471	2.132	1	0.000
533	1.831	1	0.000
192	0.278	1	0.000
427	1.895	1	0.000
551	0.226	1	0.000
491	0.348	1	0.000
18	1.873	1	0.000
114	1.797	1	0.000
484	2.064	1	0.000
356	0.301	1	0.000
92	0.147	1	0.000
302	1.952	1	0.000
480	1.946	1	0.000
246	0.298	1	0.000
555	2.958	1	0.000
24	2.053	1	0.000
139	0.238	1	0.000
348	1.895	1	0.000
474	0.298	1	0.000
363	0.338	1	0.000
76	0.246	1	0.000
434	0.297	1	0.000
562	2.773	1	0.000
228	0.677	1	-0.000