# Omega fit to each site after fixing tree and and all other parameters.
# Not using '--omegabysite_fixsyn', so we fit a synonymous rate for each site. This means we compare fitting omega and a synonymous rate to fitting just a synonymous rate.
# Fits compared to null model of omega = 1.000; P-values NOT corrected for multiple testing.
#
# site	omega	P	dLnL
429	0.001	2.5e-08	15.530
147	0.001	9.24e-08	14.264
353	0.001	1.04e-07	14.153
55	0.001	5.65e-07	12.514
27	0.001	1.94e-06	11.329
478	0.001	4.69e-06	10.480
334	0.001	6.48e-06	10.170
355	0.001	9.89e-06	9.766
378	0.001	1.29e-05	9.511
23	0.001	1.44e-05	9.404
453	0.001	1.55e-05	9.336
473	0.001	1.67e-05	9.265
395	0.001	1.75e-05	9.222
62	0.001	1.76e-05	9.217
305	0.001	1.77e-05	9.212
37	0.001	1.84e-05	9.176
190	0.001	2.12e-05	9.039
366	0.001	2.9e-05	8.741
350	0.001	3.55e-05	8.548
115	0.001	3.57e-05	8.544
270	0.001	3.97e-05	8.443
362	0.001	4.04e-05	8.427
501	0.001	4.29e-05	8.369
346	0.001	4.41e-05	8.343
109	0.001	4.77e-05	8.269
304	0.001	4.81e-05	8.261
236	0.001	5.49e-05	8.136
207	0.001	5.94e-05	8.062
309	0.001	6.31e-05	8.004
367	0.001	7.44e-05	7.848
423	0.001	8.77e-05	7.692
25	0.001	8.98e-05	7.669
554	0.001	0.000136	7.281
321	0.001	0.000168	7.082
549	0.039	0.000168	7.081
483	0.001	0.000211	6.864
342	0.001	0.000217	6.841
493	0.001	0.000233	6.771
116	0.001	0.000253	6.695
36	0.001	0.000256	6.683
173	0.001	0.00029	6.566
58	0.001	0.000302	6.528
437	0.001	0.000368	6.343
131	0.001	0.000376	6.323
371	0.110	0.000386	6.299
214	0.001	0.000387	6.297
415	0.001	0.0004	6.266
151	0.001	0.000424	6.213
104	0.001	0.00046	6.135
534	0.001	0.000464	6.128
452	0.048	0.000465	6.126
328	0.054	0.00049	6.077
351	0.001	0.000522	6.018
54	0.050	0.00056	5.952
240	0.001	0.000612	5.870
481	0.001	0.000674	5.780
280	0.001	0.000683	5.767
338	0.001	0.000706	5.736
375	0.001	0.000713	5.727
519	0.001	0.000739	5.695
506	0.100	0.000754	5.676
133	0.001	0.000768	5.658
316	0.001	0.000772	5.654
358	0.001	0.000802	5.618
393	0.001	0.00088	5.533
335	0.001	0.000903	5.508
477	0.048	0.000929	5.482
320	0.001	0.000968	5.444
550	0.001	0.000971	5.441
504	0.001	0.000977	5.435
448	0.001	0.00098	5.433
257	0.001	0.000988	5.425
22	0.001	0.00099	5.423
80	0.001	0.000999	5.415
517	0.001	0.00102	5.396
182	0.001	0.00103	5.387
300	0.001	0.00105	5.365
159	0.051	0.00108	5.346
267	0.127	0.00114	5.294
503	0.001	0.00114	5.289
179	0.001	0.00117	5.270
238	0.001	0.00118	5.262
476	0.001	0.00119	5.256
354	0.001	0.00127	5.189
290	0.001	0.00131	5.167
281	0.001	0.00132	5.156
349	0.001	0.00133	5.152
138	0.001	0.00135	5.134
387	0.001	0.00141	5.094
416	0.001	0.00144	5.077
71	0.001	0.00146	5.063
295	0.001	0.0015	5.039
227	0.001	0.00153	5.022
306	0.001	0.00155	5.006
49	0.001	0.00162	4.968
297	0.001	0.00164	4.957
64	0.001	0.00166	4.945
169	0.138	0.00167	4.941
379	0.001	0.00172	4.914
564	0.001	0.00176	4.891
283	0.001	0.00181	4.866
430	0.001	0.00189	4.828
507	0.001	0.00195	4.799
97	0.001	0.00196	4.795
485	0.001	0.00198	4.782
93	0.001	0.00199	4.781
406	0.001	0.00199	4.780
167	0.149	0.002	4.773
454	0.001	0.00205	4.753
9	0.084	0.00207	4.745
518	0.001	0.00211	4.724
195	0.001	0.00212	4.720
39	0.001	0.00214	4.715
509	0.068	0.00217	4.702
553	0.001	0.0022	4.688
500	0.051	0.0023	4.645
119	0.001	0.00231	4.643
341	0.001	0.00232	4.640
327	0.001	0.00241	4.605
322	0.001	0.00241	4.605
216	0.001	0.00249	4.573
425	0.001	0.00251	4.567
400	0.001	0.00255	4.554
432	0.053	0.00261	4.530
468	0.001	0.00264	4.520
184	0.109	0.00265	4.518
409	0.001	0.00277	4.478
146	0.001	0.00278	4.473
422	0.001	0.00298	4.411
75	0.001	0.00305	4.388
470	0.001	0.00358	4.243
287	0.148	0.0037	4.213
377	0.001	0.00372	4.207
44	0.001	0.00379	4.190
412	0.001	0.00379	4.190
441	0.001	0.00384	4.179
241	0.001	0.00388	4.171
68	0.001	0.00391	4.163
47	0.001	0.00411	4.118
492	0.001	0.00444	4.048
78	0.001	0.00452	4.030
467	0.001	0.00471	3.993
275	0.172	0.00473	3.990
458	0.096	0.00481	3.975
426	0.001	0.00491	3.956
510	0.001	0.00494	3.950
333	0.001	0.00496	3.946
514	0.167	0.00522	3.902
242	0.038	0.00523	3.899
418	0.001	0.00551	3.852
269	0.001	0.00557	3.841
74	0.001	0.0057	3.822
46	0.001	0.00574	3.815
94	0.001	0.00594	3.784
388	0.069	0.00599	3.777
107	0.001	0.00609	3.761
459	0.147	0.00618	3.749
31	0.001	0.00628	3.733
251	0.001	0.00648	3.706
60	0.001	0.00667	3.680
279	0.073	0.00685	3.656
278	0.001	0.00699	3.638
462	0.001	0.00726	3.603
247	0.001	0.00742	3.584
435	0.001	0.00763	3.559
41	0.001	0.00824	3.490
294	0.001	0.00831	3.483
66	0.001	0.00831	3.482
497	0.001	0.00842	3.471
57	0.001	0.00862	3.450
486	0.001	0.00866	3.446
451	0.001	0.00868	3.444
502	0.125	0.00895	3.416
540	0.001	0.00911	3.400
394	0.001	0.0096	3.354
29	0.001	0.00968	3.346
368	0.001	0.00997	3.320
318	0.001	0.0103	3.292
234	0.142	0.0103	3.290
315	0.001	0.0104	3.283
148	0.104	0.0105	3.277
339	0.086	0.0109	3.241
311	0.001	0.0111	3.225
83	0.001	0.0113	3.211
81	0.001	0.0113	3.206
446	0.001	0.0115	3.193
48	0.001	0.0116	3.185
262	0.001	0.0119	3.165
79	0.001	0.0119	3.162
344	0.001	0.012	3.158
324	0.001	0.0122	3.141
558	0.001	0.0123	3.133
28	0.001	0.0124	3.128
439	0.001	0.0124	3.128
538	0.001	0.0125	3.123
196	0.001	0.0125	3.118
33	0.001	0.0125	3.118
230	0.087	0.0126	3.115
420	0.088	0.0126	3.114
457	0.001	0.0126	3.109
464	0.088	0.0129	3.089
490	0.001	0.0131	3.076
408	0.001	0.0133	3.065
382	0.001	0.0134	3.059
455	0.101	0.0134	3.059
404	0.001	0.0135	3.050
384	0.001	0.0137	3.037
53	0.001	0.0138	3.029
26	0.001	0.0141	3.011
180	0.001	0.0145	2.991
560	0.001	0.0146	2.984
121	0.001	0.0146	2.982
137	0.220	0.0152	2.949
542	0.127	0.0152	2.949
274	0.001	0.0152	2.947
130	0.001	0.0155	2.928
248	0.001	0.0161	2.896
369	0.001	0.0162	2.891
373	0.001	0.0162	2.888
513	0.146	0.0164	2.878
443	0.001	0.0165	2.875
232	0.001	0.0165	2.874
162	0.077	0.0166	2.870
499	0.001	0.017	2.850
128	0.001	0.0171	2.845
135	0.110	0.0172	2.839
482	0.001	0.0175	2.825
127	0.082	0.0181	2.791
319	0.001	0.0182	2.790
364	0.001	0.0186	2.772
532	0.001	0.0186	2.770
111	0.001	0.0186	2.768
411	0.001	0.0187	2.766
421	0.135	0.0189	2.754
402	0.001	0.0195	2.727
520	0.001	0.0204	2.688
449	0.001	0.0208	2.674
174	0.001	0.0209	2.667
163	0.001	0.0211	2.657
235	0.109	0.0214	2.645
436	0.001	0.0214	2.645
511	0.001	0.0214	2.645
221	0.001	0.0217	2.634
494	0.108	0.0221	2.621
521	0.087	0.0221	2.618
512	0.001	0.0223	2.612
126	0.001	0.0224	2.609
336	0.168	0.0229	2.590
258	0.001	0.0233	2.573
372	0.001	0.0238	2.554
526	0.001	0.0238	2.553
541	0.001	0.0242	2.538
266	0.001	0.0244	2.534
450	0.001	0.0244	2.533
263	0.001	0.0253	2.503
529	0.001	0.0255	2.494
183	0.247	0.0255	2.494
307	0.094	0.0256	2.492
312	0.001	0.0262	2.471
40	0.116	0.0271	2.443
472	0.001	0.0272	2.440
386	0.001	0.0275	2.431
398	0.001	0.0276	2.428
124	0.117	0.0278	2.420
82	0.097	0.0278	2.420
337	0.117	0.0279	2.417
347	0.001	0.0289	2.387
539	0.001	0.0292	2.377
101	0.177	0.0297	2.363
391	0.001	0.0305	2.342
198	0.276	0.0306	2.338
72	0.160	0.0306	2.337
556	0.001	0.0307	2.335
188	0.001	0.0308	2.331
381	0.120	0.0309	2.330
34	0.001	0.0311	2.323
189	0.001	0.0317	2.307
16	0.104	0.0325	2.286
233	0.001	0.0339	2.250
186	0.001	0.0361	2.196
557	0.001	0.0367	2.183
91	0.001	0.037	2.176
463	0.109	0.038	2.153
197	0.001	0.0381	2.149
120	0.130	0.0384	2.145
288	0.262	0.0392	2.126
215	0.113	0.0395	2.120
289	0.150	0.0418	2.072
86	0.171	0.0427	2.053
118	0.121	0.0463	1.986
129	0.265	0.0476	1.961
10	99.000	0.049	1.937
284	0.162	0.05	1.920
3	99.000	0.0501	1.919
117	0.001	0.0516	1.895
211	0.098	0.0528	1.875
181	0.204	0.0591	1.782
390	0.136	0.0599	1.771
106	0.001	0.0612	1.752
308	0.001	0.0629	1.730
217	0.213	0.064	1.716
537	0.001	0.0647	1.706
35	99.000	0.0681	1.664
155	0.284	0.0681	1.664
559	0.001	0.0691	1.653
51	99.000	0.0699	1.643
145	4.534	0.0707	1.633
345	0.001	0.0741	1.595
325	0.311	0.0746	1.589
208	0.291	0.0756	1.578
447	0.118	0.0756	1.578
370	0.001	0.0758	1.576
479	0.001	0.0784	1.549
563	0.001	0.079	1.543
535	99.000	0.0807	1.525
141	0.318	0.081	1.522
30	0.001	0.0813	1.519
253	0.001	0.082	1.513
340	0.001	0.0825	1.508
445	0.001	0.0833	1.500
461	0.001	0.0848	1.485
17	0.001	0.0861	1.473
50	0.001	0.0876	1.459
261	0.001	0.0879	1.456
407	0.208	0.0883	1.453
332	0.001	0.0892	1.445
244	0.001	0.0916	1.423
122	0.134	0.0916	1.423
343	0.001	0.0924	1.416
433	99.000	0.0934	1.407
392	0.001	0.0959	1.387
405	0.001	0.0962	1.384
56	0.001	0.0998	1.355
259	0.001	0.101	1.348
299	0.001	0.101	1.348
225	0.001	0.104	1.318
399	0.001	0.109	1.285
438	0.001	0.109	1.282
108	0.001	0.11	1.280
547	0.001	0.11	1.278
32	0.001	0.112	1.263
291	0.314	0.116	1.237
331	0.001	0.119	1.217
303	0.242	0.121	1.202
203	0.001	0.121	1.201
140	0.001	0.122	1.197
383	0.001	0.122	1.196
326	0.158	0.124	1.183
272	0.310	0.125	1.176
193	0.162	0.125	1.176
360	0.224	0.126	1.169
45	0.001	0.129	1.154
296	0.001	0.129	1.154
414	99.000	0.13	1.144
220	0.341	0.131	1.141
256	99.000	0.136	1.112
69	0.171	0.136	1.111
531	0.001	0.137	1.105
310	0.222	0.137	1.104
42	0.001	0.138	1.103
252	0.175	0.143	1.075
14	99.000	0.143	1.072
440	0.256	0.148	1.045
544	0.001	0.149	1.041
77	0.441	0.151	1.030
444	0.001	0.157	1.001
8	0.253	0.158	0.998
95	0.188	0.16	0.989
276	3.571	0.16	0.987
98	0.279	0.164	0.967
100	0.311	0.17	0.941
277	0.421	0.173	0.928
171	0.433	0.176	0.915
89	3.459	0.178	0.908
264	0.326	0.179	0.903
385	0.244	0.18	0.899
292	0.387	0.189	0.862
13	0.386	0.19	0.858
465	99.000	0.201	0.819
245	0.219	0.201	0.818
158	0.370	0.205	0.803
123	0.234	0.222	0.747
96	0.329	0.222	0.747
166	0.413	0.225	0.735
85	2.387	0.23	0.721
515	0.165	0.232	0.714
191	0.300	0.238	0.697
12	3.066	0.239	0.694
5	0.388	0.24	0.691
67	0.299	0.247	0.671
176	0.289	0.247	0.670
265	0.488	0.257	0.643
505	0.267	0.266	0.620
2	99.000	0.266	0.620
431	0.430	0.266	0.619
52	0.408	0.266	0.619
19	0.363	0.267	0.615
237	2.115	0.287	0.568
202	0.501	0.288	0.565
7	0.352	0.309	0.517
143	2.079	0.31	0.515
59	2.734	0.318	0.498
525	0.434	0.318	0.498
389	0.492	0.326	0.482
156	2.410	0.333	0.468
522	99.000	0.347	0.442
456	0.254	0.352	0.432
212	0.395	0.363	0.414
548	99.000	0.364	0.413
142	0.270	0.372	0.398
508	99.000	0.38	0.385
73	0.411	0.386	0.376
99	0.491	0.393	0.364
396	99.000	0.397	0.359
561	0.300	0.411	0.338
249	0.586	0.414	0.334
268	0.457	0.415	0.332
376	0.305	0.417	0.329
488	0.483	0.43	0.312
271	99.000	0.43	0.311
243	99.000	0.432	0.309
224	0.552	0.433	0.307
469	0.580	0.434	0.306
298	0.618	0.434	0.306
144	0.694	0.443	0.295
466	2.104	0.452	0.283
4	1.981	0.453	0.282
164	0.537	0.46	0.273
410	0.340	0.46	0.273
205	0.622	0.463	0.269
161	0.520	0.468	0.264
489	0.566	0.472	0.258
222	2.053	0.477	0.253
413	0.510	0.48	0.250
317	0.365	0.487	0.241
187	99.000	0.489	0.239
102	0.590	0.491	0.237
496	99.000	0.496	0.232
250	0.532	0.507	0.220
442	0.385	0.509	0.219
397	0.613	0.519	0.208
475	0.543	0.522	0.205
460	0.598	0.53	0.198
352	0.407	0.534	0.194
528	0.409	0.536	0.192
152	0.616	0.536	0.192
6	0.626	0.549	0.179
201	1.401	0.56	0.170
11	0.592	0.564	0.167
61	0.696	0.582	0.152
403	0.661	0.585	0.149
357	0.466	0.596	0.141
185	1.362	0.596	0.140
314	0.471	0.601	0.137
226	0.664	0.601	0.136
487	0.512	0.604	0.135
286	0.718	0.613	0.128
374	0.495	0.624	0.120
231	1.369	0.635	0.113
149	1.446	0.636	0.112
178	1.371	0.639	0.110
153	0.670	0.649	0.104
282	1.447	0.651	0.102
424	0.663	0.651	0.102
21	99.000	0.663	0.095
301	99.000	0.665	0.094
132	99.000	0.668	0.092
154	0.763	0.677	0.087
524	0.733	0.68	0.085
105	0.737	0.687	0.081
88	0.737	0.687	0.081
15	1.509	0.694	0.077
199	0.717	0.721	0.064
239	1.324	0.721	0.064
70	0.637	0.723	0.063
110	0.654	0.726	0.061
168	1.330	0.726	0.061
419	99.000	0.734	0.058
175	0.805	0.737	0.056
150	1.435	0.74	0.055
38	0.629	0.745	0.053
285	0.765	0.764	0.045
194	0.773	0.772	0.042
87	0.836	0.778	0.040
313	0.811	0.779	0.039
172	1.402	0.78	0.039
495	1.359	0.781	0.038
160	1.611	0.783	0.038
177	1.238	0.784	0.038
136	0.834	0.801	0.032
84	0.743	0.804	0.031
218	0.797	0.808	0.030
380	1.232	0.811	0.029
112	0.845	0.821	0.026
113	0.834	0.83	0.023
1	1.193	0.838	0.021
210	1.239	0.838	0.021
206	0.835	0.846	0.019
329	99.000	0.846	0.019
417	1.166	0.851	0.018
260	0.793	0.852	0.017
90	0.860	0.857	0.016
527	0.788	0.867	0.014
223	0.885	0.869	0.014
293	1.119	0.872	0.013
165	99.000	0.88	0.011
323	0.901	0.886	0.010
204	0.899	0.888	0.010
359	99.000	0.91	0.006
254	0.880	0.918	0.005
330	1.117	0.923	0.005
209	0.899	0.928	0.004
170	0.950	0.94	0.003
125	1.078	0.951	0.002
273	1.050	0.952	0.002
63	0.950	0.961	0.001
523	1.050	0.984	0.000
157	1.004	0.996	0.000
200	1.000	1	0.000
491	0.295	1	0.000
401	0.298	1	0.000
552	0.298	1	0.000
229	0.301	1	0.000
562	0.299	1	0.000
255	0.302	1	0.000
92	0.297	1	0.000
551	0.296	1	0.000
516	0.308	1	0.000
76	0.295	1	0.000
434	0.295	1	0.000
363	0.299	1	0.000
428	0.305	1	0.000
246	0.299	1	0.000
192	0.298	1	0.000
139	0.301	1	0.000
356	0.303	1	0.000
545	1.711	1	0.000
427	0.309	1	0.000
361	0.310	1	0.000
20	0.311	1	0.000
228	0.319	1	0.000
24	0.312	1	0.000
471	0.310	1	0.000
555	0.312	1	0.000
480	0.314	1	0.000
365	0.313	1	0.000
103	0.316	1	0.000
213	0.325	1	0.000
474	0.342	1	0.000
484	0.318	1	0.000
530	1.728	1	0.000
533	1.755	1	0.000
114	0.336	1	0.000
219	1.745	1	0.000
18	1.826	1	0.000
546	1.751	1	0.000
65	0.446	1	0.000
302	0.365	1	0.000
134	1.756	1	0.000
536	1.784	1	0.000
43	2.052	1	0.000
348	0.823	1	0.000
543	1.742	1	0.000
498	1.829	1	0.000