# Omega fit to each site after fixing tree and and all other parameters.
# Not using '--omegabysite_fixsyn', so we fit a synonymous rate for each site. This means we compare fitting omega and a synonymous rate to fitting just a synonymous rate.
# Fits compared to null model of omega = 1.000; P-values NOT corrected for multiple testing.
#
# site	omega	P	dLnL
147	0.001	1.77e-06	11.416
473	0.001	4.03e-06	10.626
304	0.001	2.5e-05	8.884
341	0.001	6.29e-05	8.007
342	0.001	0.000396	6.276
519	0.001	0.000474	6.107
236	0.001	0.000713	5.727
74	0.001	0.000921	5.490
514	0.125	0.00122	5.233
160	99.000	0.00138	5.116
517	0.001	0.00178	4.883
267	0.146	0.00194	4.804
481	0.001	0.00248	4.577
501	0.001	0.00249	4.575
230	0.053	0.0025	4.569
41	0.001	0.00264	4.522
137	0.159	0.00342	4.283
388	0.059	0.00363	4.231
493	0.001	0.00427	4.083
9	0.102	0.00439	4.059
455	0.074	0.00441	4.052
127	0.050	0.0046	4.016
506	0.144	0.00473	3.990
367	0.001	0.0049	3.957
149	7.823	0.005	3.939
320	0.001	0.00515	3.913
409	0.001	0.00521	3.902
395	0.001	0.00545	3.863
190	0.001	0.00553	3.849
503	0.001	0.00595	3.783
549	0.087	0.00642	3.715
550	0.001	0.00681	3.661
167	0.190	0.00732	3.596
500	0.073	0.00735	3.593
336	0.129	0.00774	3.546
509	0.092	0.00776	3.544
144	0.298	0.00781	3.539
275	0.194	0.00835	3.478
111	0.001	0.00859	3.453
338	0.001	0.00879	3.432
322	0.001	0.00895	3.416
371	0.195	0.00938	3.375
36	0.001	0.0094	3.373
169	0.194	0.0103	3.288
535	99.000	0.0106	3.262
174	0.001	0.0108	3.251
179	0.001	0.0122	3.141
492	0.001	0.0125	3.122
411	0.001	0.0126	3.114
554	0.001	0.0128	3.101
171	0.203	0.0135	3.053
305	0.001	0.0144	2.993
234	0.159	0.0157	2.916
483	0.001	0.0164	2.882
346	0.001	0.0166	2.870
257	0.001	0.0177	2.815
55	0.001	0.0177	2.813
51	99.000	0.0179	2.805
183	0.228	0.0182	2.791
485	0.001	0.0185	2.773
138	0.001	0.0202	2.696
235	0.109	0.0218	2.632
64	0.001	0.0225	2.604
511	0.001	0.0226	2.598
217	0.151	0.0237	2.557
238	0.001	0.024	2.549
287	0.229	0.0242	2.540
467	0.001	0.0248	2.519
507	0.001	0.0253	2.503
4	8.590	0.0266	2.457
406	0.001	0.0281	2.411
196	0.001	0.0305	2.340
272	0.193	0.0317	2.306
430	0.001	0.0321	2.295
206	7.534	0.0328	2.278
247	0.001	0.0339	2.249
214	0.001	0.0346	2.231
284	0.140	0.0354	2.212
211	0.081	0.0377	2.160
10	99.000	0.0383	2.146
534	0.001	0.0389	2.132
433	99.000	0.0392	2.127
478	0.001	0.0398	2.114
510	0.001	0.0425	2.057
540	0.001	0.0428	2.053
227	0.001	0.0436	2.035
452	0.157	0.0471	1.971
520	0.001	0.0472	1.969
454	0.001	0.0479	1.956
542	0.180	0.051	1.904
393	0.001	0.0518	1.891
470	0.001	0.055	1.841
150	6.864	0.0556	1.832
37	0.001	0.0561	1.825
459	0.259	0.0562	1.823
408	0.001	0.0626	1.733
460	6.926	0.063	1.729
394	0.001	0.064	1.715
387	0.001	0.0646	1.708
415	0.001	0.0654	1.697
518	0.001	0.0655	1.696
3	99.000	0.0665	1.684
369	0.001	0.0669	1.679
25	0.001	0.0673	1.674
233	0.001	0.0675	1.672
404	0.001	0.0676	1.670
59	5.519	0.0676	1.670
215	0.148	0.0713	1.626
368	0.001	0.0714	1.626
198	0.345	0.0722	1.616
512	0.001	0.0751	1.584
400	0.001	0.077	1.564
126	0.001	0.0783	1.550
46	0.001	0.0806	1.526
321	0.001	0.083	1.503
220	0.289	0.0832	1.501
115	0.001	0.0878	1.457
186	0.001	0.0892	1.445
280	0.001	0.0893	1.444
426	0.001	0.0897	1.440
22	0.001	0.0916	1.423
218	4.845	0.0925	1.415
462	0.001	0.0932	1.410
377	0.001	0.094	1.402
91	0.001	0.0946	1.397
181	0.249	0.0988	1.362
564	0.001	0.0995	1.357
270	0.001	0.102	1.340
381	0.193	0.102	1.335
389	0.304	0.103	1.326
281	0.001	0.105	1.317
548	99.000	0.105	1.311
423	0.001	0.106	1.310
145	3.915	0.108	1.292
526	0.001	0.109	1.287
402	0.001	0.109	1.282
539	0.001	0.111	1.269
221	0.001	0.111	1.267
362	0.001	0.113	1.259
208	0.332	0.113	1.254
375	0.001	0.115	1.240
23	0.001	0.117	1.232
407	0.238	0.117	1.226
184	0.294	0.12	1.210
276	3.972	0.123	1.190
131	0.001	0.123	1.190
437	0.001	0.125	1.176
315	0.001	0.125	1.176
277	0.378	0.127	1.162
339	0.217	0.129	1.154
253	0.001	0.133	1.129
278	0.001	0.133	1.127
80	0.001	0.134	1.120
47	0.001	0.136	1.112
441	0.001	0.137	1.107
560	0.001	0.138	1.100
27	0.001	0.14	1.089
396	99.000	0.141	1.082
67	0.211	0.142	1.079
429	0.001	0.144	1.066
122	0.177	0.145	1.060
232	0.001	0.152	1.025
256	99.000	0.152	1.025
2	99.000	0.153	1.019
225	0.001	0.157	1.001
85	2.723	0.16	0.989
391	0.001	0.16	0.987
366	0.001	0.163	0.975
465	99.000	0.163	0.974
129	2.978	0.163	0.972
274	0.001	0.164	0.970
417	2.951	0.169	0.946
497	0.001	0.17	0.943
60	0.001	0.172	0.934
557	0.001	0.172	0.933
62	0.001	0.173	0.930
72	0.312	0.175	0.920
476	0.001	0.177	0.909
457	0.001	0.178	0.909
21	99.000	0.178	0.906
376	8.579	0.18	0.899
289	0.294	0.184	0.881
14	99.000	0.185	0.878
532	0.001	0.186	0.874
109	0.001	0.186	0.873
58	0.001	0.188	0.867
504	0.001	0.189	0.863
553	0.001	0.189	0.862
248	0.001	0.191	0.853
311	0.001	0.195	0.841
188	0.001	0.195	0.838
344	0.001	0.196	0.838
502	0.348	0.196	0.836
146	0.001	0.197	0.831
124	0.271	0.198	0.828
541	0.001	0.2	0.819
151	0.001	0.203	0.812
53	0.001	0.206	0.799
105	0.374	0.209	0.791
185	2.057	0.209	0.790
333	0.001	0.212	0.778
451	0.001	0.213	0.774
237	2.345	0.217	0.763
243	99.000	0.218	0.759
405	0.001	0.222	0.744
187	99.000	0.225	0.738
202	0.452	0.225	0.737
382	0.001	0.225	0.735
334	0.001	0.226	0.734
385	0.282	0.226	0.734
39	0.001	0.228	0.727
177	2.448	0.228	0.725
325	0.455	0.232	0.714
448	0.001	0.232	0.713
456	6.780	0.236	0.704
414	99.000	0.239	0.694
521	0.274	0.239	0.692
425	0.001	0.241	0.687
283	0.001	0.242	0.684
358	0.001	0.247	0.671
309	0.001	0.248	0.666
398	0.001	0.248	0.666
86	3.449	0.249	0.665
416	0.001	0.249	0.665
522	99.000	0.25	0.663
505	0.257	0.252	0.656
360	0.338	0.253	0.654
495	3.289	0.257	0.643
312	0.001	0.26	0.635
89	2.873	0.261	0.631
468	0.001	0.262	0.629
298	0.500	0.262	0.628
35	99.000	0.263	0.626
251	0.001	0.265	0.621
420	0.313	0.269	0.611
119	0.001	0.27	0.610
128	0.001	0.27	0.609
173	0.001	0.27	0.607
101	0.410	0.275	0.597
453	0.001	0.276	0.593
135	0.331	0.277	0.592
323	2.170	0.277	0.590
12	2.828	0.278	0.588
52	0.419	0.28	0.584
300	0.001	0.282	0.580
538	0.001	0.282	0.578
482	0.001	0.285	0.572
353	0.001	0.287	0.567
50	0.001	0.292	0.556
170	1.992	0.292	0.556
116	0.001	0.293	0.554
44	0.001	0.293	0.553
84	3.231	0.295	0.549
165	99.000	0.295	0.548
374	4.811	0.296	0.547
100	0.413	0.296	0.545
418	0.001	0.299	0.539
97	0.001	0.302	0.534
330	3.057	0.302	0.533
466	2.700	0.304	0.529
537	0.001	0.309	0.518
193	4.177	0.313	0.509
488	0.391	0.315	0.505
432	0.344	0.316	0.502
104	0.001	0.316	0.502
33	0.001	0.317	0.501
155	0.504	0.318	0.499
463	0.330	0.323	0.488
132	99.000	0.325	0.485
133	0.001	0.33	0.475
349	0.001	0.333	0.468
98	0.413	0.335	0.464
269	0.001	0.336	0.463
431	2.354	0.339	0.456
345	0.001	0.34	0.456
301	99.000	0.342	0.451
472	0.001	0.343	0.450
397	2.018	0.343	0.449
56	0.001	0.344	0.449
252	0.324	0.344	0.448
291	0.513	0.35	0.437
288	0.552	0.352	0.433
297	0.001	0.352	0.432
513	0.459	0.352	0.432
54	0.383	0.354	0.430
31	0.001	0.355	0.428
17	0.001	0.363	0.413
240	0.001	0.364	0.412
258	0.001	0.367	0.407
29	0.001	0.371	0.401
182	0.001	0.372	0.399
399	0.001	0.372	0.398
242	0.391	0.373	0.397
207	0.001	0.374	0.395
130	0.001	0.376	0.391
479	0.001	0.381	0.384
508	99.000	0.382	0.383
1	2.066	0.382	0.383
42	0.001	0.385	0.377
180	0.001	0.386	0.375
195	0.001	0.391	0.368
212	0.419	0.394	0.363
241	0.001	0.395	0.362
340	0.001	0.395	0.362
486	0.001	0.396	0.360
499	0.001	0.401	0.353
412	0.001	0.401	0.353
436	0.001	0.403	0.350
99	0.498	0.403	0.350
295	0.001	0.405	0.347
216	0.001	0.405	0.346
355	0.001	0.406	0.346
422	0.001	0.406	0.346
93	0.001	0.408	0.342
32	0.001	0.411	0.338
162	3.388	0.412	0.336
379	0.001	0.412	0.336
378	0.001	0.414	0.334
438	0.001	0.415	0.332
140	0.001	0.416	0.330
306	0.001	0.418	0.327
75	0.001	0.42	0.326
490	0.001	0.421	0.323
329	99.000	0.422	0.322
410	3.337	0.425	0.318
163	0.001	0.429	0.313
28	0.001	0.432	0.309
446	0.001	0.434	0.306
544	0.001	0.435	0.304
26	0.001	0.436	0.304
48	0.001	0.437	0.302
335	0.001	0.437	0.302
30	0.001	0.438	0.301
559	0.001	0.439	0.299
57	0.001	0.439	0.299
531	0.001	0.443	0.294
197	0.001	0.444	0.293
424	1.975	0.446	0.291
5	0.535	0.446	0.291
271	99.000	0.448	0.288
556	0.001	0.45	0.285
558	0.001	0.454	0.280
78	0.001	0.455	0.279
303	0.505	0.456	0.278
372	0.001	0.458	0.275
71	0.001	0.459	0.274
121	0.001	0.462	0.270
66	0.001	0.467	0.265
164	0.556	0.468	0.263
136	1.658	0.472	0.258
268	1.965	0.474	0.257
351	0.001	0.475	0.256
392	0.001	0.477	0.252
444	0.001	0.485	0.244
307	2.586	0.486	0.243
141	1.577	0.487	0.241
161	1.844	0.49	0.238
296	0.001	0.498	0.229
435	0.001	0.502	0.225
249	1.554	0.508	0.219
259	0.001	0.509	0.218
563	0.001	0.512	0.215
68	0.001	0.515	0.212
350	0.001	0.517	0.210
421	0.561	0.517	0.210
87	0.659	0.517	0.210
107	0.001	0.518	0.209
496	99.000	0.519	0.208
316	0.001	0.524	0.203
440	2.193	0.524	0.203
83	0.001	0.527	0.201
324	0.001	0.529	0.198
445	0.001	0.53	0.197
88	0.620	0.53	0.197
194	1.716	0.53	0.197
263	0.001	0.531	0.196
443	0.001	0.533	0.195
354	0.001	0.533	0.194
294	0.001	0.534	0.194
461	0.001	0.535	0.193
49	0.001	0.536	0.192
94	0.001	0.536	0.192
168	1.644	0.537	0.191
166	1.684	0.537	0.190
439	0.001	0.541	0.187
290	0.001	0.545	0.183
525	0.609	0.55	0.178
364	0.001	0.552	0.177
318	0.001	0.554	0.175
90	0.601	0.557	0.173
327	0.001	0.557	0.173
260	2.015	0.559	0.171
384	0.001	0.562	0.168
477	0.526	0.565	0.166
178	1.466	0.565	0.165
34	0.001	0.566	0.164
82	0.519	0.568	0.163
45	0.001	0.568	0.163
475	0.584	0.572	0.160
153	0.607	0.572	0.160
244	0.001	0.573	0.159
79	0.001	0.574	0.158
332	0.001	0.575	0.157
63	1.747	0.578	0.155
61	0.696	0.581	0.153
386	0.001	0.593	0.143
449	0.001	0.594	0.142
172	1.892	0.595	0.141
245	0.530	0.599	0.138
450	0.001	0.6	0.137
313	1.467	0.601	0.137
7	1.888	0.602	0.136
81	0.001	0.604	0.134
319	0.001	0.608	0.131
547	0.001	0.616	0.126
347	0.001	0.617	0.125
189	0.001	0.617	0.125
262	0.001	0.625	0.119
106	0.001	0.625	0.119
413	1.575	0.625	0.119
266	0.001	0.639	0.110
264	0.682	0.644	0.107
529	0.001	0.644	0.107
352	1.943	0.648	0.104
69	0.577	0.649	0.104
77	0.775	0.653	0.101
370	0.001	0.658	0.098
200	1.542	0.66	0.097
148	0.634	0.662	0.095
38	1.859	0.667	0.093
199	0.670	0.668	0.092
489	0.716	0.672	0.090
380	1.435	0.678	0.086
223	1.358	0.678	0.086
419	99.000	0.681	0.085
343	0.001	0.684	0.083
331	0.001	0.689	0.080
16	1.645	0.694	0.078
176	0.643	0.694	0.077
142	0.569	0.694	0.077
494	0.647	0.695	0.077
373	0.001	0.696	0.076
117	0.001	0.7	0.074
250	0.696	0.7	0.074
226	0.742	0.701	0.074
203	0.001	0.709	0.070
254	1.563	0.713	0.067
328	0.663	0.715	0.067
261	0.001	0.716	0.066
299	0.001	0.723	0.063
95	1.602	0.725	0.062
110	1.486	0.728	0.060
125	1.522	0.729	0.060
120	0.674	0.729	0.060
152	0.767	0.733	0.058
359	99.000	0.733	0.058
159	1.558	0.734	0.058
108	0.001	0.735	0.057
157	0.766	0.749	0.051
314	1.586	0.749	0.051
191	1.452	0.753	0.049
523	2.440	0.755	0.049
527	1.561	0.755	0.049
447	1.504	0.763	0.045
464	0.713	0.765	0.045
528	1.531	0.767	0.044
113	1.269	0.772	0.042
308	0.001	0.775	0.041
383	0.001	0.778	0.040
524	0.812	0.78	0.039
70	0.711	0.789	0.036
458	0.793	0.791	0.035
102	0.820	0.793	0.034
19	0.785	0.793	0.034
515	0.686	0.794	0.034
292	1.217	0.796	0.033
11	0.798	0.8	0.032
337	1.339	0.803	0.031
390	0.752	0.81	0.029
224	1.190	0.815	0.027
154	0.861	0.816	0.027
310	0.807	0.823	0.025
469	0.859	0.827	0.024
282	1.194	0.829	0.023
286	1.148	0.832	0.023
357	1.344	0.836	0.021
273	1.178	0.838	0.021
158	0.865	0.848	0.018
561	1.317	0.849	0.018
143	0.871	0.853	0.017
326	0.801	0.862	0.015
265	1.111	0.866	0.014
209	0.820	0.867	0.014
442	1.266	0.869	0.014
73	1.175	0.874	0.012
112	1.120	0.878	0.012
403	0.892	0.879	0.012
201	0.922	0.891	0.009
205	1.087	0.895	0.009
15	1.142	0.901	0.008
222	1.137	0.904	0.007
487	1.152	0.908	0.007
210	1.115	0.917	0.005
231	1.072	0.917	0.005
40	0.893	0.922	0.005
118	0.894	0.925	0.004
293	0.941	0.932	0.004
156	1.059	0.949	0.002
123	0.929	0.953	0.002
317	1.076	0.959	0.001
13	0.970	0.966	0.001
285	1.036	0.968	0.001
204	0.973	0.971	0.001
239	1.030	0.971	0.001
96	1.034	0.971	0.001
279	1.032	0.978	0.000
6	0.980	0.979	0.000
175	0.984	0.98	0.000
8	1.001	0.999	0.000
545	6.767	1	0.000
401	0.215	1	0.000
229	0.187	1	0.000
546	2.642	1	0.000
255	0.076	1	0.000
219	0.217	1	0.000
530	2.210	1	0.000
491	0.295	1	0.000
43	3.990	1	0.000
365	4.040	1	0.000
20	2.487	1	0.000
65	3.725	1	0.000
543	2.550	1	0.000
536	2.265	1	0.000
533	2.024	1	0.000
552	0.203	1	0.000
134	1.817	1	0.000
114	1.900	1	0.000
498	0.271	1	0.000
474	2.010	1	0.000
427	2.019	1	0.000
471	2.512	1	0.000
92	0.182	1	0.000
24	2.053	1	0.000
348	1.943	1	0.000
428	1.982	1	0.000
484	1.932	1	0.000
361	2.445	1	0.000
480	0.440	1	0.000
434	0.328	1	0.000
228	2.189	1	0.000
18	2.066	1	0.000
246	0.353	1	0.000
555	1.872	1	0.000
302	0.436	1	0.000
363	0.277	1	0.000
551	0.282	1	0.000
562	0.655	1	0.000
76	0.283	1	0.000
192	0.210	1	0.000
516	1.859	1	0.000
356	0.370	1	0.000
213	1.843	1	0.000
139	0.125	1	0.000
103	0.423	1	-0.000