# Stringency fit to each site after fixing tree and and all other parameters.
# Fits compared to null model of stringency = 1.110 (the overall gene value).
# P-values NOT corrected for multiple testing.
# The stringency ratio is the ratio of the fitted value to the null (overall gene value).
#
# site	stringency_ratio	P	dLnL	LnL_fixed
77	0.090	6.44e-06	10.176	-84.688
414	0.090	0.000554	5.963	-38.994
341	0.090	0.00093	5.481	-30.919
5	0.247	0.000954	5.458	-41.029
74	0.090	0.0021	4.728	-29.550
239	0.090	0.00243	4.595	-65.989
397	0.090	0.00277	4.476	-54.359
23	9.012	0.00289	4.437	-31.725
35	0.315	0.00347	4.271	-37.832
161	0.090	0.00374	4.202	-39.648
395	9.012	0.00376	4.199	-29.766
513	0.179	0.00479	3.978	-45.161
237	0.090	0.00519	3.906	-98.670
14	0.090	0.00594	3.784	-27.641
401	9.012	0.00697	3.640	-3.998
58	9.012	0.00725	3.604	-19.963
210	0.131	0.00782	3.538	-47.988
552	9.012	0.00892	3.419	-4.391
291	9.012	0.00937	3.375	-44.007
429	8.176	0.00946	3.367	-52.052
37	6.374	0.0103	3.288	-28.235
493	9.012	0.0106	3.262	-17.905
353	6.870	0.0108	3.246	-33.615
238	9.012	0.012	3.159	-19.612
62	9.012	0.0123	3.135	-31.035
55	5.491	0.0126	3.114	-42.369
198	0.283	0.0136	3.047	-64.922
453	8.106	0.0146	2.981	-25.536
149	0.090	0.015	2.959	-62.703
3	0.090	0.0157	2.921	-64.606
67	0.090	0.0162	2.891	-30.364
506	0.090	0.0175	2.823	-56.631
496	0.090	0.0178	2.810	-14.824
222	0.090	0.0192	2.742	-45.028
346	6.786	0.0195	2.726	-29.516
407	0.415	0.0199	2.711	-34.301
491	9.012	0.0201	2.702	-2.703
151	9.012	0.0206	2.680	-19.939
442	0.303	0.0208	2.670	-19.369
27	6.900	0.0234	2.569	-32.420
254	0.090	0.0235	2.565	-25.960
334	9.012	0.0247	2.521	-33.169
504	9.012	0.0249	2.515	-19.476
554	9.012	0.0256	2.493	-27.346
154	0.090	0.0265	2.461	-71.170
168	0.090	0.0265	2.460	-53.488
470	9.012	0.0271	2.443	-19.945
257	9.012	0.0287	2.393	-18.757
454	9.012	0.0288	2.391	-18.890
147	4.625	0.0293	2.374	-47.657
323	9.012	0.0294	2.373	-43.134
420	9.012	0.0303	2.345	-26.893
514	0.438	0.0309	2.329	-52.894
111	0.261	0.0321	2.295	-18.791
336	0.090	0.0328	2.279	-42.664
451	9.012	0.0335	2.259	-13.598
201	0.090	0.0344	2.237	-92.970
102	0.090	0.0348	2.228	-46.478
325	2.334	0.035	2.223	-57.901
366	3.039	0.0353	2.216	-23.737
298	0.090	0.0357	2.206	-75.721
363	9.012	0.0367	2.183	-2.210
377	9.012	0.0372	2.171	-22.038
322	0.428	0.0374	2.167	-33.579
217	0.153	0.0383	2.146	-39.356
208	0.090	0.0387	2.136	-49.628
144	1.472	0.0393	2.124	-152.333
358	9.012	0.0399	2.111	-21.144
242	2.082	0.0409	2.090	-26.211
274	9.012	0.041	2.089	-17.492
458	3.084	0.0419	2.069	-35.743
434	9.012	0.0425	2.057	-2.057
113	2.625	0.0451	2.007	-42.950
309	7.904	0.0473	1.968	-23.962
223	0.090	0.0473	1.967	-48.007
289	0.219	0.0476	1.962	-30.545
416	9.012	0.0492	1.934	-19.060
232	9.012	0.0505	1.913	-14.661
452	2.453	0.051	1.904	-39.476
127	0.090	0.0514	1.898	-26.704
355	9.012	0.052	1.887	-31.044
109	8.214	0.0524	1.882	-30.973
119	9.012	0.0545	1.849	-18.887
76	9.012	0.055	1.841	-1.841
220	0.090	0.0551	1.839	-54.535
518	9.012	0.0565	1.819	-24.319
15	0.333	0.0574	1.806	-51.302
476	9.012	0.0584	1.790	-22.805
139	9.012	0.0596	1.774	-2.015
394	9.012	0.0598	1.772	-16.261
375	9.012	0.0606	1.761	-25.493
141	1.531	0.0621	1.740	-54.152
133	9.012	0.0643	1.711	-21.150
551	9.012	0.0644	1.710	-2.977
207	5.893	0.068	1.666	-25.632
1	0.090	0.0686	1.658	-38.023
90	0.090	0.0699	1.643	-52.167
564	5.087	0.0707	1.633	-20.231
486	9.012	0.0708	1.632	-11.567
104	8.826	0.0714	1.625	-23.214
356	7.658	0.0745	1.590	-1.590
116	9.012	0.0754	1.581	-23.241
131	9.012	0.0758	1.576	-17.666
478	3.261	0.0762	1.572	-39.745
535	0.366	0.0778	1.555	-32.282
46	9.012	0.0783	1.549	-21.927
80	9.012	0.0784	1.548	-18.881
270	1.885	0.0788	1.545	-27.938
520	0.335	0.0831	1.502	-31.425
423	2.791	0.0843	1.490	-27.076
173	9.012	0.0845	1.488	-22.095
214	9.012	0.0858	1.476	-25.758
283	9.012	0.0888	1.448	-24.942
393	9.012	0.0891	1.446	-19.842
300	9.012	0.0891	1.445	-23.288
286	0.090	0.0893	1.444	-62.276
120	4.077	0.0905	1.433	-21.441
105	0.371	0.0911	1.428	-49.703
230	0.150	0.0955	1.390	-39.108
482	9.012	0.0963	1.382	-13.539
362	7.494	0.0965	1.382	-28.903
277	0.090	0.0969	1.378	-55.872
351	7.304	0.0971	1.376	-15.731
10	0.168	0.1	1.350	-37.824
350	6.699	0.101	1.345	-32.796
349	9.012	0.102	1.337	-19.005
344	9.012	0.102	1.336	-34.274
97	9.012	0.103	1.332	-16.244
256	0.095	0.105	1.317	-30.986
13	0.294	0.105	1.311	-48.004
136	0.287	0.106	1.306	-59.356
430	6.888	0.106	1.305	-14.214
387	9.012	0.106	1.303	-20.082
12	0.503	0.108	1.289	-55.654
71	6.981	0.109	1.282	-16.500
378	6.537	0.11	1.278	-42.677
157	0.428	0.11	1.274	-55.256
479	3.891	0.111	1.272	-8.409
146	9.012	0.112	1.266	-21.768
415	2.364	0.112	1.261	-49.809
200	0.090	0.113	1.258	-55.675
312	9.012	0.114	1.248	-14.457
465	0.421	0.115	1.243	-18.816
18	0.296	0.115	1.239	-9.019
501	3.269	0.116	1.235	-30.092
468	9.012	0.116	1.233	-33.331
379	7.221	0.117	1.226	-16.673
47	3.115	0.118	1.225	-16.662
17	2.984	0.118	1.222	-9.178
527	0.305	0.118	1.220	-19.070
412	9.012	0.119	1.219	-14.306
340	9.012	0.119	1.218	-8.214
425	9.012	0.12	1.212	-20.405
389	0.225	0.121	1.203	-53.240
305	2.600	0.123	1.192	-39.211
39	9.012	0.124	1.185	-16.086
22	8.060	0.124	1.185	-24.100
335	8.448	0.124	1.182	-17.655
42	9.012	0.125	1.179	-9.597
231	0.090	0.126	1.173	-70.190
295	7.898	0.126	1.169	-21.641
313	0.090	0.127	1.163	-44.847
519	0.090	0.127	1.162	-22.732
25	0.532	0.128	1.159	-31.616
488	0.559	0.128	1.159	-34.487
354	8.765	0.128	1.156	-24.444
68	9.012	0.131	1.143	-34.947
172	0.281	0.131	1.142	-25.493
115	2.747	0.132	1.135	-28.720
435	9.012	0.133	1.130	-21.071
481	2.837	0.134	1.125	-19.738
297	7.941	0.135	1.117	-21.888
226	0.460	0.138	1.103	-42.437
288	0.090	0.142	1.080	-62.110
30	2.524	0.143	1.071	-10.228
280	3.877	0.144	1.067	-22.856
72	4.009	0.145	1.064	-31.012
221	9.012	0.148	1.049	-15.133
382	9.012	0.148	1.047	-16.072
57	9.012	0.15	1.037	-32.227
371	1.781	0.15	1.036	-50.089
532	2.332	0.152	1.027	-11.297
438	0.451	0.152	1.026	-14.177
75	9.012	0.153	1.019	-20.040
98	0.110	0.155	1.013	-36.221
85	0.090	0.155	1.013	-61.001
316	6.800	0.158	0.999	-23.093
211	0.408	0.158	0.998	-21.114
536	3.031	0.16	0.988	-7.473
333	9.012	0.16	0.986	-30.204
345	2.768	0.163	0.975	-10.159
56	9.012	0.163	0.974	-7.437
306	6.790	0.168	0.951	-21.206
310	6.565	0.168	0.948	-29.161
83	2.661	0.169	0.944	-9.330
463	4.054	0.175	0.921	-18.792
31	9.012	0.175	0.918	-19.898
216	7.773	0.177	0.910	-20.044
422	9.012	0.182	0.889	-29.418
66	9.012	0.183	0.885	-30.300
315	9.012	0.184	0.882	-12.846
99	0.374	0.184	0.882	-35.163
441	9.012	0.185	0.878	-29.461
174	0.299	0.186	0.875	-16.222
246	6.395	0.187	0.872	-0.872
384	9.012	0.187	0.871	-15.882
84	1.950	0.188	0.865	-23.323
240	7.421	0.189	0.863	-20.425
402	2.443	0.19	0.861	-10.161
258	9.012	0.197	0.831	-12.819
70	0.318	0.198	0.830	-23.707
52	0.448	0.198	0.828	-41.643
259	9.012	0.2	0.821	-10.857
266	9.012	0.202	0.814	-13.087
130	1.890	0.203	0.810	-12.653
219	0.171	0.204	0.807	-9.143
145	1.511	0.205	0.803	-106.865
324	7.306	0.205	0.803	-11.060
165	3.022	0.208	0.791	-14.321
44	2.650	0.21	0.786	-16.249
499	2.139	0.211	0.782	-9.299
433	3.087	0.212	0.780	-22.961
179	2.841	0.212	0.779	-27.544
48	9.012	0.215	0.768	-24.815
439	8.790	0.215	0.768	-10.162
78	9.012	0.217	0.762	-31.113
250	0.090	0.218	0.759	-32.284
517	0.329	0.219	0.756	-25.771
557	0.492	0.219	0.756	-20.495
318	1.675	0.222	0.746	-12.067
121	9.012	0.222	0.745	-27.151
2	0.415	0.224	0.740	-21.510
215	2.535	0.227	0.730	-22.956
408	2.853	0.228	0.728	-22.580
558	7.774	0.229	0.724	-26.198
122	0.438	0.231	0.718	-23.705
418	2.600	0.233	0.711	-17.114
241	7.221	0.236	0.703	-15.135
28	9.012	0.237	0.700	-17.119
328	1.741	0.238	0.696	-41.403
81	8.297	0.24	0.689	-15.592
26	9.012	0.241	0.687	-10.989
563	1.709	0.242	0.685	-7.397
512	2.944	0.242	0.684	-13.914
390	5.301	0.246	0.674	-22.615
327	9.012	0.246	0.672	-32.057
284	0.282	0.249	0.664	-27.776
206	0.579	0.25	0.661	-34.817
251	2.499	0.251	0.659	-19.735
477	1.935	0.255	0.648	-32.309
267	1.766	0.255	0.647	-67.857
275	0.090	0.256	0.644	-61.356
290	1.802	0.262	0.629	-11.735
431	0.433	0.263	0.627	-45.785
186	0.370	0.266	0.619	-12.791
189	9.012	0.268	0.614	-13.958
40	1.788	0.271	0.606	-24.426
392	3.552	0.272	0.604	-9.893
494	2.041	0.272	0.603	-24.420
49	2.278	0.273	0.602	-29.256
548	0.433	0.273	0.600	-13.149
490	1.526	0.276	0.593	-12.054
436	1.623	0.276	0.592	-10.801
60	4.247	0.278	0.589	-31.661
480	4.208	0.278	0.588	-6.541
182	6.386	0.279	0.585	-15.829
285	0.421	0.281	0.581	-41.436
272	2.399	0.281	0.580	-45.638
197	9.012	0.285	0.573	-14.711
29	8.990	0.285	0.572	-17.527
524	0.536	0.287	0.567	-45.240
129	0.512	0.287	0.566	-57.924
163	3.280	0.289	0.563	-24.352
526	4.200	0.289	0.563	-11.329
329	1.548	0.29	0.560	-8.418
529	9.008	0.291	0.557	-31.329
437	1.650	0.295	0.549	-20.304
89	0.495	0.295	0.548	-55.173
511	0.535	0.297	0.544	-14.842
562	4.353	0.299	0.538	-3.366
373	8.754	0.304	0.529	-10.909
7	0.417	0.307	0.521	-31.645
93	5.171	0.311	0.514	-20.071
64	2.036	0.311	0.513	-27.158
528	0.491	0.313	0.510	-19.279
409	0.447	0.313	0.509	-21.179
417	1.656	0.314	0.506	-39.969
445	3.370	0.321	0.492	-9.191
24	2.605	0.324	0.487	-5.344
449	8.507	0.325	0.484	-12.642
455	0.424	0.325	0.483	-34.328
537	2.457	0.326	0.482	-8.559
446	9.012	0.329	0.477	-12.446
213	0.554	0.329	0.476	-7.096
112	0.620	0.33	0.475	-49.298
183	0.579	0.333	0.469	-67.226
540	0.572	0.333	0.469	-20.946
33	1.633	0.333	0.468	-11.098
343	2.381	0.334	0.466	-10.424
448	1.697	0.335	0.464	-18.953
443	6.265	0.336	0.464	-28.214
152	0.469	0.337	0.461	-39.144
199	0.580	0.339	0.456	-30.011
388	0.424	0.342	0.451	-24.427
132	6.201	0.343	0.449	-10.223
41	0.441	0.349	0.439	-23.822
515	2.384	0.35	0.436	-13.848
73	1.994	0.353	0.432	-22.928
508	0.512	0.358	0.423	-15.140
326	0.619	0.358	0.422	-17.287
135	1.951	0.359	0.421	-30.997
357	0.488	0.359	0.420	-19.224
495	1.738	0.36	0.420	-25.877
110	0.463	0.362	0.416	-30.791
543	2.272	0.362	0.415	-6.935
177	0.624	0.362	0.415	-63.502
103	0.583	0.365	0.411	-6.773
108	5.820	0.365	0.410	-8.076
11	0.550	0.365	0.409	-37.660
319	5.648	0.367	0.407	-11.761
411	0.465	0.367	0.407	-15.575
279	1.571	0.368	0.405	-27.170
195	5.549	0.372	0.399	-14.024
383	8.204	0.372	0.399	-7.597
342	0.614	0.375	0.394	-25.325
278	0.572	0.378	0.389	-19.814
294	1.469	0.378	0.389	-10.865
331	9.012	0.38	0.386	-9.518
53	0.574	0.38	0.385	-15.086
472	0.673	0.38	0.385	-19.070
249	0.659	0.382	0.382	-56.922
271	0.493	0.386	0.376	-15.152
404	2.298	0.389	0.371	-13.680
253	0.480	0.391	0.368	-14.645
107	1.506	0.395	0.361	-11.995
547	9.011	0.397	0.358	-9.165
34	6.536	0.401	0.353	-13.526
202	1.325	0.401	0.353	-81.521
427	1.712	0.405	0.347	-4.965
561	0.599	0.406	0.345	-19.098
79	5.674	0.41	0.339	-15.721
150	1.806	0.411	0.337	-39.190
560	1.577	0.412	0.337	-12.519
400	2.619	0.413	0.335	-20.483
541	0.516	0.415	0.333	-27.611
311	1.880	0.415	0.333	-12.265
204	0.595	0.416	0.331	-50.117
117	7.395	0.421	0.324	-27.093
330	1.685	0.422	0.323	-24.058
209	0.552	0.422	0.322	-28.224
556	6.269	0.424	0.320	-15.502
367	1.557	0.427	0.316	-22.762
522	0.539	0.429	0.313	-13.241
539	2.154	0.43	0.312	-24.763
247	1.914	0.433	0.308	-21.189
293	1.359	0.435	0.305	-67.955
474	1.626	0.436	0.303	-4.579
447	0.600	0.437	0.302	-20.754
281	1.509	0.439	0.300	-25.185
4	0.592	0.44	0.299	-33.984
385	0.180	0.441	0.297	-26.441
546	3.432	0.443	0.295	-8.656
403	0.451	0.445	0.291	-43.133
304	0.540	0.447	0.289	-29.331
269	1.788	0.453	0.282	-19.486
95	2.377	0.453	0.281	-19.408
36	1.685	0.456	0.278	-41.932
188	0.613	0.457	0.276	-16.510
228	2.332	0.46	0.273	-5.928
128	1.509	0.462	0.271	-11.978
365	9.012	0.462	0.271	-6.191
487	1.720	0.472	0.259	-19.354
299	1.736	0.472	0.258	-9.011
184	1.687	0.481	0.249	-45.147
169	0.531	0.482	0.248	-60.268
190	1.524	0.482	0.248	-37.031
533	0.628	0.482	0.248	-7.613
484	1.380	0.483	0.246	-4.854
180	9.012	0.486	0.242	-11.123
227	1.507	0.487	0.242	-19.484
124	0.694	0.487	0.241	-30.079
96	0.725	0.489	0.239	-32.072
32	2.359	0.493	0.235	-13.411
372	1.503	0.498	0.230	-13.993
19	1.400	0.502	0.226	-25.194
101	1.552	0.502	0.226	-43.141
8	0.689	0.504	0.224	-37.863
159	1.240	0.504	0.223	-27.776
94	1.436	0.506	0.221	-14.566
233	2.156	0.508	0.219	-18.630
559	0.629	0.509	0.218	-15.009
114	1.856	0.51	0.217	-5.559
252	0.659	0.511	0.216	-21.450
321	1.292	0.511	0.216	-20.636
6	0.690	0.517	0.210	-39.312
405	1.872	0.518	0.209	-12.213
485	1.759	0.518	0.209	-19.874
530	1.380	0.521	0.206	-8.113
483	1.218	0.522	0.205	-25.006
359	1.423	0.526	0.201	-10.203
498	0.622	0.526	0.201	-8.107
166	0.736	0.528	0.199	-48.090
273	0.679	0.536	0.192	-58.752
218	0.690	0.545	0.183	-34.474
466	0.354	0.547	0.181	-50.587
410	0.657	0.547	0.181	-17.648
134	0.666	0.548	0.180	-9.457
457	1.579	0.548	0.180	-19.720
153	0.672	0.554	0.175	-42.957
303	0.742	0.554	0.175	-32.911
364	1.354	0.556	0.173	-10.967
525	1.512	0.556	0.173	-37.684
244	1.317	0.56	0.170	-7.876
118	0.750	0.564	0.167	-21.396
91	0.540	0.565	0.166	-16.401
192	1.395	0.565	0.165	-1.955
361	1.303	0.582	0.152	-4.551
523	0.600	0.583	0.151	-18.445
432	1.287	0.584	0.150	-23.547
261	5.648	0.584	0.150	-9.785
196	0.696	0.588	0.147	-15.803
460	0.745	0.59	0.145	-49.081
386	1.511	0.592	0.143	-17.264
399	0.735	0.597	0.140	-9.752
544	1.748	0.598	0.139	-10.891
171	0.804	0.6	0.137	-56.887
370	1.457	0.602	0.136	-7.901
262	6.019	0.604	0.134	-9.963
462	1.372	0.606	0.133	-18.403
51	0.689	0.606	0.133	-38.575
69	1.419	0.607	0.133	-23.837
302	0.706	0.609	0.131	-6.970
260	0.736	0.611	0.129	-25.657
510	0.707	0.612	0.129	-32.987
489	0.659	0.617	0.125	-38.337
205	1.344	0.623	0.121	-68.644
194	0.775	0.624	0.120	-34.991
59	1.339	0.634	0.114	-45.218
391	1.506	0.634	0.114	-14.098
61	1.401	0.636	0.112	-49.357
396	0.769	0.645	0.106	-13.777
50	1.379	0.649	0.104	-9.471
138	1.368	0.652	0.102	-25.568
164	0.751	0.652	0.101	-45.826
421	1.295	0.662	0.095	-34.403
534	1.294	0.662	0.095	-29.137
332	1.382	0.664	0.094	-8.907
63	0.780	0.665	0.094	-44.087
406	0.750	0.665	0.094	-29.981
235	0.768	0.669	0.092	-35.266
475	1.386	0.67	0.091	-33.944
225	1.318	0.671	0.090	-10.557
538	1.376	0.672	0.089	-19.313
413	1.298	0.672	0.089	-28.913
507	1.295	0.673	0.089	-17.110
176	0.758	0.675	0.088	-29.569
229	0.730	0.68	0.085	-6.097
550	1.314	0.683	0.083	-23.027
469	1.266	0.687	0.081	-47.515
337	0.822	0.688	0.081	-30.865
43	1.434	0.692	0.079	-5.017
545	5.146	0.694	0.077	-9.593
236	1.318	0.695	0.077	-27.965
347	1.251	0.696	0.076	-14.256
461	1.231	0.699	0.075	-7.923
88	0.646	0.701	0.074	-48.159
156	0.797	0.705	0.071	-55.974
444	0.759	0.71	0.069	-16.845
360	1.254	0.712	0.068	-38.095
368	1.187	0.712	0.068	-12.611
553	1.191	0.727	0.061	-18.393
92	0.843	0.731	0.059	-3.861
106	1.131	0.739	0.055	-7.580
65	1.323	0.742	0.054	-5.093
348	0.749	0.746	0.053	-6.506
314	1.231	0.747	0.052	-15.093
549	0.859	0.753	0.050	-35.005
471	0.828	0.756	0.048	-4.944
265	1.094	0.76	0.047	-49.585
20	1.129	0.765	0.045	-4.505
137	0.839	0.767	0.044	-66.073
125	0.782	0.77	0.043	-24.576
140	1.206	0.772	0.042	-12.724
178	0.896	0.772	0.042	-81.612
38	1.251	0.776	0.040	-16.057
160	0.875	0.78	0.039	-20.719
264	1.177	0.781	0.039	-34.146
456	0.850	0.781	0.039	-17.145
282	1.195	0.785	0.037	-43.044
317	0.743	0.79	0.036	-15.743
497	1.184	0.79	0.035	-21.543
175	1.141	0.791	0.035	-67.657
500	0.867	0.794	0.034	-25.501
148	1.137	0.798	0.033	-34.525
158	1.109	0.802	0.032	-45.102
352	0.846	0.802	0.032	-17.377
162	0.893	0.804	0.031	-27.979
296	0.833	0.805	0.031	-10.019
224	0.865	0.808	0.029	-43.629
234	0.757	0.808	0.029	-40.094
338	1.209	0.817	0.027	-28.714
292	1.141	0.817	0.027	-46.255
268	0.906	0.818	0.027	-35.465
381	0.865	0.82	0.026	-22.899
155	0.890	0.821	0.026	-49.568
307	1.080	0.821	0.026	-23.790
9	0.885	0.824	0.025	-41.188
369	0.778	0.827	0.024	-19.262
126	0.883	0.83	0.023	-17.131
143	0.946	0.835	0.022	-124.538
450	1.222	0.837	0.021	-26.678
301	1.142	0.842	0.020	-10.633
263	1.122	0.844	0.019	-24.517
185	1.057	0.845	0.019	-65.312
531	0.893	0.846	0.019	-12.229
555	1.146	0.848	0.018	-5.606
503	1.144	0.849	0.018	-18.358
509	1.145	0.852	0.018	-33.433
426	1.138	0.854	0.017	-17.222
308	0.920	0.854	0.017	-12.926
45	1.170	0.858	0.016	-11.389
459	1.085	0.86	0.016	-46.954
181	0.881	0.865	0.014	-39.347
123	0.889	0.866	0.014	-23.873
245	1.107	0.867	0.014	-19.425
464	0.911	0.869	0.014	-32.930
21	1.111	0.87	0.013	-10.150
339	1.149	0.871	0.013	-32.452
542	1.093	0.873	0.013	-48.671
440	1.104	0.873	0.013	-36.151
82	0.899	0.874	0.013	-25.150
502	0.888	0.874	0.013	-43.066
86	0.922	0.876	0.012	-55.627
248	1.127	0.878	0.012	-24.646
276	1.204	0.88	0.011	-62.191
193	0.939	0.883	0.011	-23.253
142	0.931	0.883	0.011	-13.293
492	0.915	0.886	0.010	-19.265
467	1.095	0.887	0.010	-18.999
255	0.856	0.895	0.009	-5.009
505	0.898	0.895	0.009	-21.068
516	1.095	0.901	0.008	-6.759
243	0.910	0.903	0.007	-12.747
170	1.038	0.903	0.007	-70.313
54	0.960	0.904	0.007	-31.100
424	1.079	0.905	0.007	-33.431
428	1.081	0.909	0.007	-6.413
380	1.090	0.913	0.006	-35.011
473	0.944	0.914	0.006	-36.058
191	1.064	0.921	0.005	-31.724
100	0.946	0.921	0.005	-36.717
521	0.935	0.921	0.005	-23.504
376	1.057	0.922	0.005	-12.480
187	1.062	0.926	0.004	-10.966
203	1.066	0.926	0.004	-6.407
419	1.053	0.931	0.004	-8.960
87	1.034	0.941	0.003	-59.144
374	0.958	0.953	0.002	-19.252
320	1.026	0.972	0.001	-25.331
167	1.014	0.976	0.000	-55.722
212	1.015	0.984	0.000	-28.117
398	0.994	0.989	0.000	-11.664
16	0.994	0.99	0.000	-26.026
287	1.005	0.994	0.000	-56.974