# Omega fit to each site after fixing tree and and all other parameters.
# Not using '--omegabysite_fixsyn', so we fit a synonymous rate for each site. This means we compare fitting omega and a synonymous rate to fitting just a synonymous rate.
# Fits compared to null model of omega = 1.000; P-values NOT corrected for multiple testing.
#
# site	omega	P	dLnL
147	0.001	1.46e-05	9.392
473	0.001	2.8e-05	8.774
304	0.001	3.81e-05	8.481
514	0.071	4.99e-05	8.225
519	0.001	0.000214	6.852
549	0.041	0.000228	6.791
341	0.001	0.000239	6.750
25	0.001	0.000254	6.693
342	0.001	0.000382	6.308
236	0.001	0.000623	5.852
190	0.001	0.000663	5.794
501	0.001	0.000794	5.627
74	0.001	0.0008	5.621
367	0.001	0.00107	5.348
287	0.116	0.00119	5.254
517	0.001	0.00172	4.914
322	0.001	0.00185	4.846
320	0.001	0.00207	4.744
267	0.147	0.0021	4.729
429	0.001	0.00295	4.418
395	0.001	0.00301	4.402
423	0.001	0.0031	4.375
334	0.001	0.00312	4.368
550	0.001	0.0032	4.346
58	0.001	0.00329	4.319
338	0.001	0.0033	4.318
409	0.001	0.00333	4.310
503	0.001	0.00335	4.304
257	0.001	0.00344	4.280
36	0.001	0.00344	4.280
167	0.169	0.00392	4.161
483	0.001	0.00394	4.155
127	0.049	0.00447	4.041
500	0.065	0.00501	3.938
115	0.001	0.0051	3.923
493	0.001	0.00519	3.905
9	0.107	0.00532	3.883
388	0.067	0.00534	3.880
230	0.067	0.00542	3.867
198	0.190	0.00554	3.848
179	0.001	0.00604	3.769
346	0.001	0.00647	3.708
481	0.001	0.00658	3.693
510	0.001	0.00692	3.647
62	0.001	0.00692	3.646
452	0.091	0.00728	3.601
23	0.001	0.00753	3.571
459	0.156	0.008	3.516
485	0.001	0.00808	3.508
55	0.001	0.00828	3.486
208	0.163	0.00869	3.443
455	0.091	0.00927	3.385
393	0.001	0.0102	3.303
183	0.201	0.0108	3.246
275	0.208	0.0116	3.185
353	0.001	0.0117	3.175
415	0.001	0.0121	3.145
41	0.001	0.0122	3.140
492	0.001	0.0124	3.128
37	0.001	0.0126	3.109
371	0.206	0.0127	3.108
366	0.001	0.0128	3.101
520	0.001	0.0145	2.989
53	0.001	0.0147	2.974
238	0.001	0.015	2.959
540	0.001	0.0154	2.937
406	0.001	0.0158	2.914
111	0.001	0.0161	2.897
426	0.001	0.0163	2.886
151	0.001	0.0165	2.876
235	0.100	0.0169	2.856
387	0.001	0.0169	2.852
247	0.001	0.0173	2.833
270	0.001	0.0175	2.821
400	0.001	0.0178	2.810
27	0.001	0.0188	2.761
46	0.001	0.0188	2.758
149	5.503	0.0194	2.733
137	0.237	0.0199	2.709
554	0.001	0.0203	2.692
138	0.001	0.0206	2.679
234	0.170	0.0209	2.667
506	0.205	0.0214	2.648
448	0.001	0.022	2.621
470	0.001	0.0222	2.613
358	0.001	0.0223	2.610
119	0.001	0.0227	2.597
64	0.001	0.0227	2.597
507	0.001	0.0235	2.565
564	0.001	0.0236	2.561
109	0.001	0.0239	2.552
51	99.000	0.0243	2.535
284	0.122	0.0247	2.524
321	0.001	0.0255	2.495
10	99.000	0.0261	2.476
411	0.001	0.0266	2.460
509	0.131	0.0267	2.457
535	99.000	0.0276	2.427
369	0.001	0.0277	2.422
416	0.001	0.0279	2.417
454	0.001	0.0286	2.395
196	0.001	0.0289	2.385
237	4.241	0.029	2.384
420	0.118	0.0294	2.371
160	99.000	0.0302	2.349
418	0.001	0.0313	2.319
477	0.128	0.0313	2.318
5	0.185	0.0325	2.286
336	0.189	0.0327	2.282
186	0.001	0.0345	2.235
227	0.001	0.0348	2.227
305	0.001	0.035	2.223
433	99.000	0.0352	2.218
355	0.001	0.0354	2.213
116	0.001	0.0358	2.204
3	99.000	0.0362	2.193
504	0.001	0.0364	2.190
80	0.001	0.0405	2.099
534	0.001	0.0411	2.087
453	0.001	0.0412	2.084
169	0.264	0.0413	2.082
451	0.001	0.0416	2.075
184	0.214	0.0437	2.033
339	0.142	0.0454	2.001
274	0.001	0.0464	1.983
497	0.001	0.0467	1.978
278	0.001	0.0492	1.935
188	0.001	0.0493	1.932
437	0.001	0.0494	1.932
44	0.001	0.0495	1.929
315	0.001	0.0507	1.909
478	0.001	0.0507	1.908
457	0.001	0.0509	1.905
511	0.001	0.0517	1.892
541	0.001	0.052	1.887
171	0.295	0.0527	1.876
381	0.147	0.0529	1.873
91	0.001	0.0536	1.862
47	0.001	0.0543	1.851
377	0.001	0.0547	1.845
404	0.001	0.0561	1.825
232	0.001	0.0563	1.822
408	0.001	0.0564	1.821
425	0.001	0.0577	1.801
174	0.001	0.058	1.797
375	0.001	0.0585	1.789
518	0.001	0.0586	1.789
462	0.001	0.0592	1.780
131	0.001	0.0593	1.779
221	0.001	0.0594	1.777
526	0.001	0.0615	1.748
214	0.001	0.0616	1.747
309	0.001	0.063	1.728
335	0.001	0.0635	1.721
145	4.729	0.0656	1.695
144	0.432	0.0656	1.695
394	0.001	0.0666	1.683
391	0.001	0.0666	1.682
211	0.112	0.0678	1.668
133	0.001	0.0685	1.659
122	0.113	0.0686	1.659
220	0.272	0.0694	1.648
354	0.001	0.0734	1.603
22	0.001	0.0798	1.535
553	0.001	0.0804	1.529
350	0.001	0.0822	1.511
283	0.001	0.0832	1.500
181	0.233	0.0832	1.500
217	0.236	0.0839	1.494
72	0.234	0.0875	1.460
233	0.001	0.0887	1.449
173	0.001	0.0891	1.445
4	4.856	0.0917	1.422
289	0.211	0.0923	1.417
280	0.001	0.0924	1.416
242	0.162	0.0924	1.416
60	0.001	0.0924	1.416
467	0.001	0.0937	1.405
463	0.166	0.0954	1.391
560	0.001	0.0957	1.388
207	0.001	0.0966	1.380
276	4.348	0.097	1.377
71	0.001	0.0986	1.364
468	0.001	0.0987	1.363
39	0.001	0.101	1.341
253	0.001	0.103	1.332
248	0.001	0.103	1.327
502	0.270	0.104	1.323
328	0.217	0.104	1.322
300	0.001	0.105	1.318
344	0.001	0.108	1.290
362	0.001	0.111	1.267
100	0.255	0.112	1.266
216	0.001	0.112	1.265
333	0.001	0.112	1.265
104	0.001	0.114	1.252
472	0.001	0.115	1.243
412	0.001	0.117	1.230
402	0.001	0.119	1.213
542	0.243	0.12	1.212
215	0.190	0.12	1.211
476	0.001	0.12	1.208
57	0.001	0.121	1.203
316	0.001	0.121	1.202
539	0.001	0.121	1.200
54	0.227	0.123	1.187
407	0.244	0.124	1.182
430	0.001	0.125	1.178
146	0.001	0.126	1.173
150	4.718	0.126	1.173
538	0.001	0.127	1.166
349	0.001	0.128	1.160
397	3.087	0.13	1.149
460	4.523	0.131	1.141
67	0.202	0.131	1.139
251	0.001	0.131	1.139
486	0.001	0.132	1.137
269	0.001	0.132	1.134
482	0.001	0.134	1.125
378	0.001	0.137	1.106
218	4.028	0.137	1.103
85	2.860	0.139	1.093
557	0.001	0.14	1.091
311	0.001	0.142	1.079
240	0.001	0.143	1.074
360	0.241	0.143	1.072
351	0.001	0.146	1.055
306	0.001	0.146	1.054
105	0.318	0.146	1.054
379	0.001	0.147	1.053
532	0.001	0.148	1.046
241	0.001	0.15	1.036
17	0.001	0.151	1.032
68	0.001	0.152	1.025
135	0.246	0.154	1.015
258	0.001	0.155	1.010
252	0.186	0.156	1.007
97	0.001	0.157	0.999
83	0.001	0.158	0.998
521	0.217	0.159	0.992
206	3.643	0.159	0.992
330	4.469	0.16	0.988
295	0.001	0.165	0.963
438	0.001	0.166	0.961
202	0.401	0.166	0.960
421	0.303	0.166	0.958
303	0.285	0.169	0.945
368	0.001	0.17	0.939
256	99.000	0.171	0.939
512	0.001	0.171	0.939
33	0.001	0.171	0.937
490	0.001	0.172	0.931
48	0.001	0.172	0.931
297	0.001	0.174	0.926
432	0.246	0.175	0.921
75	0.001	0.175	0.921
324	0.001	0.175	0.918
26	0.001	0.177	0.909
14	99.000	0.179	0.902
499	0.001	0.182	0.891
405	0.001	0.182	0.890
126	0.001	0.184	0.882
66	0.001	0.184	0.881
396	99.000	0.185	0.877
89	3.381	0.187	0.872
298	0.443	0.189	0.861
265	0.435	0.19	0.860
99	0.332	0.19	0.857
446	0.001	0.194	0.843
385	0.257	0.195	0.839
422	0.001	0.195	0.839
49	0.001	0.197	0.831
182	0.001	0.198	0.829
382	0.001	0.199	0.825
479	0.001	0.199	0.825
327	0.001	0.2	0.822
435	0.001	0.2	0.820
450	0.001	0.205	0.803
436	0.001	0.206	0.798
59	3.450	0.207	0.797
195	0.001	0.21	0.784
130	0.001	0.211	0.782
77	0.492	0.211	0.781
30	0.001	0.211	0.781
345	0.001	0.212	0.780
384	0.001	0.217	0.763
32	0.001	0.22	0.751
318	0.001	0.224	0.738
56	0.001	0.228	0.727
399	0.001	0.228	0.726
170	2.160	0.232	0.714
124	0.296	0.232	0.713
559	0.001	0.235	0.706
225	0.001	0.235	0.706
281	0.001	0.237	0.699
31	0.001	0.237	0.699
266	0.001	0.238	0.695
513	0.380	0.239	0.694
458	0.369	0.239	0.693
508	99.000	0.239	0.693
449	0.001	0.24	0.692
2	99.000	0.24	0.690
140	0.001	0.242	0.685
439	0.001	0.242	0.684
441	0.001	0.242	0.683
347	0.001	0.244	0.678
120	0.298	0.245	0.676
28	0.001	0.251	0.659
548	99.000	0.252	0.657
29	0.001	0.253	0.653
417	2.456	0.255	0.649
398	0.001	0.261	0.632
102	0.419	0.261	0.631
180	0.001	0.263	0.627
340	0.001	0.263	0.627
50	0.001	0.264	0.623
312	0.001	0.264	0.623
187	99.000	0.265	0.621
101	0.404	0.267	0.617
370	0.001	0.271	0.607
243	99.000	0.271	0.606
262	0.001	0.273	0.601
445	0.001	0.274	0.599
494	0.323	0.274	0.598
563	0.001	0.275	0.595
177	2.256	0.275	0.595
392	0.001	0.276	0.593
128	0.001	0.277	0.590
35	99.000	0.283	0.576
93	0.001	0.289	0.563
296	0.001	0.29	0.560
78	0.001	0.291	0.557
431	2.642	0.293	0.554
294	0.001	0.294	0.550
82	0.316	0.294	0.549
290	0.001	0.296	0.546
272	0.450	0.297	0.543
531	0.001	0.302	0.534
465	99.000	0.303	0.531
42	0.001	0.304	0.529
522	99.000	0.305	0.525
464	0.344	0.306	0.524
279	0.346	0.309	0.518
52	0.444	0.311	0.513
414	99.000	0.314	0.507
364	0.001	0.315	0.504
107	0.001	0.316	0.502
461	0.001	0.32	0.495
189	0.001	0.323	0.488
558	0.001	0.33	0.474
390	0.342	0.332	0.471
488	0.405	0.332	0.471
94	0.001	0.332	0.470
121	0.001	0.335	0.465
372	0.001	0.336	0.463
45	0.001	0.341	0.453
81	0.001	0.349	0.439
323	1.955	0.349	0.439
148	0.396	0.35	0.436
143	1.997	0.351	0.435
537	0.001	0.353	0.431
325	0.544	0.356	0.426
34	0.001	0.357	0.425
6	0.489	0.366	0.409
155	0.543	0.373	0.396
21	99.000	0.375	0.393
79	0.001	0.377	0.390
226	0.522	0.377	0.390
444	0.001	0.378	0.389
197	0.001	0.381	0.384
161	2.129	0.383	0.381
244	0.001	0.396	0.360
1	2.020	0.4	0.354
301	99.000	0.401	0.352
466	2.266	0.405	0.347
40	0.416	0.407	0.344
556	0.001	0.409	0.341
299	0.001	0.41	0.339
373	0.001	0.411	0.338
117	0.001	0.413	0.336
163	0.001	0.417	0.330
443	0.001	0.424	0.320
250	0.467	0.426	0.317
343	0.001	0.43	0.312
496	99.000	0.438	0.300
129	1.743	0.443	0.295
12	2.126	0.444	0.293
259	0.001	0.444	0.293
447	0.397	0.446	0.291
529	0.001	0.448	0.288
442	0.336	0.453	0.282
263	0.001	0.457	0.277
271	99.000	0.457	0.276
288	0.625	0.462	0.271
291	0.589	0.462	0.270
331	0.001	0.462	0.270
106	0.001	0.466	0.266
544	0.001	0.472	0.258
383	0.001	0.478	0.252
98	0.524	0.483	0.246
376	2.812	0.483	0.246
132	99.000	0.499	0.229
158	0.597	0.505	0.223
308	0.001	0.509	0.218
200	1.901	0.512	0.215
84	2.100	0.512	0.215
95	0.456	0.515	0.212
547	0.001	0.521	0.206
386	0.001	0.523	0.204
159	0.506	0.526	0.201
489	0.606	0.527	0.200
11	0.565	0.53	0.198
96	0.565	0.531	0.196
199	0.563	0.543	0.185
495	1.924	0.544	0.184
332	0.001	0.547	0.181
525	0.610	0.552	0.177
69	0.494	0.557	0.173
162	0.505	0.56	0.170
142	0.432	0.561	0.169
222	1.811	0.562	0.168
515	0.433	0.564	0.166
319	0.001	0.571	0.161
317	0.452	0.581	0.152
172	1.932	0.583	0.151
277	0.709	0.585	0.149
210	0.593	0.593	0.143
307	1.987	0.597	0.140
374	2.141	0.598	0.139
310	0.611	0.612	0.128
261	0.001	0.616	0.126
329	99.000	0.617	0.125
112	0.695	0.627	0.118
203	0.001	0.631	0.115
239	0.671	0.634	0.113
166	1.479	0.64	0.109
249	1.358	0.645	0.106
87	0.749	0.652	0.102
108	0.001	0.659	0.098
176	0.620	0.671	0.090
389	0.745	0.681	0.085
419	99.000	0.687	0.081
88	0.741	0.692	0.078
168	1.367	0.7	0.074
157	0.729	0.705	0.071
8	0.670	0.707	0.070
292	0.765	0.717	0.066
152	0.757	0.721	0.064
38	1.655	0.726	0.062
90	0.748	0.732	0.058
268	0.727	0.735	0.057
7	0.700	0.744	0.053
16	0.691	0.749	0.051
282	1.295	0.751	0.050
194	1.300	0.762	0.046
527	1.538	0.763	0.045
113	1.280	0.764	0.045
475	0.756	0.767	0.044
178	0.818	0.771	0.042
337	0.725	0.773	0.042
561	1.514	0.774	0.041
185	1.183	0.775	0.041
156	1.279	0.792	0.035
285	1.257	0.793	0.034
326	0.720	0.794	0.034
224	1.216	0.794	0.034
193	1.386	0.799	0.032
524	1.206	0.799	0.032
413	1.265	0.8	0.032
201	0.862	0.803	0.031
286	0.852	0.805	0.030
359	99.000	0.805	0.030
165	99.000	0.811	0.028
380	1.229	0.814	0.028
403	0.848	0.826	0.024
314	1.366	0.828	0.024
212	0.809	0.834	0.022
487	0.771	0.836	0.021
273	0.845	0.838	0.021
153	0.841	0.842	0.020
293	1.150	0.842	0.020
61	1.127	0.853	0.017
410	1.295	0.858	0.016
86	1.203	0.86	0.015
313	1.137	0.861	0.015
456	1.271	0.868	0.014
209	1.209	0.869	0.014
528	1.256	0.873	0.013
523	1.506	0.874	0.013
223	1.124	0.875	0.012
260	1.210	0.876	0.012
63	1.169	0.881	0.011
141	1.096	0.889	0.010
191	0.865	0.897	0.008
264	0.904	0.902	0.008
164	1.105	0.903	0.007
70	1.157	0.906	0.007
73	0.891	0.909	0.006
15	0.885	0.913	0.006
125	1.140	0.915	0.006
440	0.889	0.915	0.006
19	0.910	0.92	0.005
136	1.071	0.923	0.005
204	0.934	0.928	0.004
505	0.901	0.933	0.004
175	1.051	0.938	0.003
110	0.918	0.942	0.003
231	0.957	0.948	0.002
469	0.957	0.949	0.002
357	1.093	0.95	0.002
123	1.080	0.951	0.002
424	0.950	0.954	0.002
154	1.024	0.97	0.001
205	1.020	0.976	0.000
13	0.981	0.979	0.000
245	1.030	0.981	0.000
118	1.006	0.996	0.000
352	0.995	0.997	0.000
255	0.062	1	0.000
229	0.162	1	0.000
401	0.155	1	0.000
92	0.069	1	0.000
545	2.581	1	0.000
552	0.236	1	0.000
18	0.001	1	0.000
192	0.018	1	0.000
480	0.052	1	0.000
491	0.293	1	0.000
213	0.180	1	0.000
530	1.864	1	0.000
365	2.069	1	0.000
546	2.008	1	0.000
65	2.078	1	0.000
43	2.224	1	0.000
543	1.894	1	0.000
134	1.851	1	0.000
20	1.850	1	0.000
533	1.921	1	0.000
551	0.222	1	0.000
361	1.799	1	0.000
536	1.985	1	0.000
484	1.857	1	0.000
562	0.227	1	0.000
363	0.229	1	0.000
474	1.842	1	0.000
348	1.813	1	0.000
302	0.271	1	0.000
428	0.329	1	0.000
114	1.918	1	0.000
219	1.851	1	0.000
498	2.051	1	0.000
471	2.033	1	0.000
139	0.177	1	0.000
103	0.258	1	0.000
76	0.281	1	0.000
24	1.870	1	0.000
427	1.840	1	0.000
356	0.281	1	0.000
434	0.301	1	0.000
246	0.288	1	0.000
228	2.990	1	0.000
254	1.000	1	-0.000
516	0.741	1	-0.000
555	2.035	1	-0.000