# Stringency fit to each site after fixing tree and and all other parameters.
# Fits compared to null model of stringency = 1.819 (the overall gene value).
# P-values NOT corrected for multiple testing.
# The stringency ratio is the ratio of the fitted value to the null (overall gene value).
#
# site	stringency_ratio	P	dLnL	LnL_fixed
341	0.055	1.26e-08	16.194	-42.162
222	0.055	4e-06	10.633	-52.504
77	0.055	1.07e-05	9.691	-83.758
35	0.332	0.000156	7.152	-39.660
217	0.055	0.000786	5.637	-43.428
74	0.055	0.00142	5.088	-30.308
149	0.055	0.00147	5.056	-63.987
201	0.055	0.00276	4.479	-93.677
230	0.055	0.00276	4.478	-42.865
501	5.498	0.00279	4.471	-29.194
389	0.055	0.00407	4.125	-56.394
414	0.055	0.00652	3.700	-35.996
367	5.498	0.00673	3.672	-21.878
488	0.471	0.00686	3.655	-36.315
157	0.056	0.00734	3.594	-57.652
550	5.498	0.00785	3.534	-22.045
493	5.498	0.00848	3.465	-18.312
174	0.055	0.00905	3.406	-19.487
346	5.498	0.0124	3.128	-28.915
483	5.498	0.0129	3.093	-24.110
111	0.213	0.0151	2.950	-19.978
55	3.450	0.0158	2.912	-42.227
67	0.055	0.0169	2.853	-30.401
395	5.498	0.0175	2.822	-28.855
190	5.498	0.0202	2.698	-36.267
401	5.498	0.0206	2.680	-4.478
549	5.498	0.0211	2.660	-34.030
257	5.498	0.0213	2.649	-17.211
496	0.055	0.0216	2.641	-14.729
219	0.055	0.0224	2.608	-11.079
41	0.055	0.0248	2.517	-26.769
105	0.150	0.0254	2.499	-50.796
478	5.498	0.0261	2.476	-39.932
14	0.180	0.0275	2.429	-25.813
165	1.776	0.0298	2.360	-11.770
510	5.498	0.0299	2.358	-31.641
552	5.498	0.0309	2.329	-2.364
23	5.498	0.0324	2.289	-29.648
534	5.498	0.0338	2.252	-28.577
336	0.055	0.0349	2.224	-43.177
491	5.498	0.0389	2.134	-2.134
430	5.498	0.0402	2.105	-15.112
466	0.055	0.041	2.087	-51.798
498	0.055	0.0412	2.085	-11.120
37	5.498	0.0431	2.046	-26.984
227	5.498	0.0454	2.001	-19.164
404	5.498	0.0462	1.988	-13.201
406	5.498	0.0466	1.980	-28.702
171	0.522	0.0495	1.929	-58.613
102	0.055	0.0504	1.914	-45.824
247	5.498	0.0515	1.896	-20.509
15	0.282	0.052	1.887	-51.040
46	5.498	0.057	1.811	-20.009
150	5.335	0.0587	1.787	-36.874
553	5.498	0.0591	1.781	-17.275
470	5.498	0.0635	1.722	-19.235
179	4.615	0.0637	1.719	-27.549
551	5.498	0.0643	1.711	-1.716
454	5.498	0.0666	1.682	-18.370
270	5.498	0.0689	1.655	-26.613
4	0.252	0.0691	1.652	-35.363
237	0.642	0.0703	1.638	-91.593
518	5.498	0.0704	1.636	-24.233
214	5.498	0.0711	1.629	-25.921
184	2.590	0.0724	1.613	-43.523
25	5.498	0.0747	1.589	-26.534
485	4.445	0.076	1.574	-19.359
453	5.295	0.0779	1.554	-24.119
115	5.498	0.0806	1.526	-26.506
539	5.498	0.0808	1.525	-24.516
377	5.498	0.081	1.522	-21.066
252	5.498	0.0817	1.516	-19.533
70	0.055	0.0902	1.435	-24.394
267	0.055	0.0905	1.432	-70.733
211	0.103	0.0913	1.425	-22.313
160	0.541	0.0917	1.422	-21.731
526	4.446	0.0917	1.422	-10.662
415	5.498	0.094	1.403	-49.379
186	4.877	0.0943	1.399	-10.738
393	5.498	0.0969	1.378	-18.970
357	0.323	0.0969	1.378	-20.194
98	0.055	0.0982	1.367	-36.653
560	2.525	0.0984	1.365	-11.838
426	5.498	0.102	1.340	-15.213
92	5.498	0.102	1.339	-1.345
127	0.248	0.103	1.331	-26.478
400	5.498	0.103	1.326	-19.220
72	3.707	0.105	1.313	-30.418
429	5.032	0.108	1.288	-49.922
423	5.498	0.11	1.280	-24.640
62	5.498	0.111	1.272	-29.069
403	0.055	0.111	1.272	-43.969
272	0.491	0.111	1.271	-48.300
441	5.498	0.111	1.267	-29.631
554	2.865	0.112	1.261	-28.075
375	5.498	0.115	1.240	-25.015
27	5.160	0.118	1.224	-30.986
405	2.733	0.119	1.218	-11.512
516	4.976	0.12	1.210	-6.734
438	5.498	0.121	1.205	-10.620
391	5.498	0.127	1.165	-12.891
487	3.043	0.129	1.153	-17.851
131	5.498	0.136	1.112	-17.185
437	5.498	0.137	1.107	-19.116
512	3.469	0.138	1.099	-14.748
22	5.498	0.141	1.085	-24.074
305	2.468	0.143	1.075	-40.066
273	2.282	0.145	1.064	-56.700
286	2.323	0.148	1.049	-58.938
143	0.758	0.152	1.027	-120.859
166	0.536	0.153	1.023	-48.995
172	0.202	0.154	1.014	-25.317
460	0.515	0.157	1.000	-49.995
369	3.854	0.164	0.968	-18.410
362	5.498	0.165	0.966	-28.466
293	1.764	0.166	0.958	-66.801
232	5.498	0.167	0.955	-13.451
129	0.672	0.167	0.954	-57.000
353	4.309	0.167	0.953	-31.075
152	0.102	0.168	0.951	-39.756
381	4.340	0.17	0.941	-22.255
344	5.498	0.175	0.919	-33.618
541	5.498	0.175	0.919	-25.022
504	5.498	0.176	0.915	-17.801
458	1.721	0.177	0.912	-34.311
366	5.498	0.178	0.907	-22.062
508	0.328	0.179	0.903	-15.858
144	1.269	0.18	0.900	-144.157
457	3.141	0.18	0.898	-18.057
60	5.498	0.181	0.896	-31.126
564	5.498	0.181	0.894	-19.523
456	0.570	0.183	0.887	-17.517
476	5.498	0.188	0.865	-21.812
321	5.498	0.189	0.861	-19.333
248	5.498	0.19	0.858	-23.991
524	0.446	0.19	0.857	-45.084
455	0.180	0.192	0.852	-35.312
525	2.944	0.192	0.851	-37.261
388	0.433	0.196	0.834	-25.073
274	5.498	0.197	0.834	-15.994
220	0.055	0.197	0.833	-53.148
161	0.497	0.199	0.826	-35.114
146	5.498	0.202	0.814	-21.238
238	1.773	0.208	0.794	-19.334
312	5.498	0.208	0.793	-14.039
251	5.498	0.209	0.791	-18.656
58	5.275	0.21	0.786	-16.710
402	2.736	0.216	0.766	-10.230
86	0.626	0.216	0.766	-56.886
90	0.160	0.216	0.764	-50.751
69	1.967	0.219	0.754	-22.947
188	5.498	0.22	0.753	-13.776
313	0.281	0.221	0.751	-44.110
139	5.459	0.221	0.747	-0.747
80	5.498	0.223	0.743	-18.059
387	2.528	0.224	0.739	-19.348
300	5.498	0.225	0.737	-22.568
411	0.187	0.228	0.727	-16.718
225	2.484	0.231	0.718	-11.345
209	0.055	0.231	0.717	-29.022
462	2.547	0.234	0.708	-17.830
153	0.055	0.236	0.702	-43.787
112	2.178	0.241	0.687	-47.780
151	4.902	0.246	0.674	-17.973
1	0.124	0.246	0.672	-36.755
309	4.645	0.248	0.666	-22.606
511	0.368	0.249	0.665	-15.878
509	3.264	0.25	0.662	-34.056
360	0.625	0.251	0.660	-38.788
342	0.530	0.252	0.656	-25.891
477	1.470	0.253	0.654	-29.759
63	0.348	0.254	0.650	-44.994
192	4.661	0.254	0.650	-0.650
51	0.343	0.256	0.645	-38.855
109	5.205	0.258	0.640	-29.668
497	1.934	0.259	0.637	-18.969
269	5.498	0.26	0.635	-18.402
64	1.893	0.263	0.625	-27.298
281	2.048	0.264	0.624	-25.624
333	5.498	0.265	0.622	-29.806
280	5.498	0.265	0.622	-22.653
231	0.291	0.266	0.619	-68.440
349	5.498	0.266	0.619	-18.358
467	2.945	0.266	0.618	-19.460
519	0.400	0.269	0.612	-22.551
548	0.580	0.269	0.610	-12.100
287	1.826	0.27	0.607	-56.090
283	5.498	0.272	0.604	-23.995
308	0.563	0.273	0.600	-13.500
163	5.498	0.274	0.599	-24.464
204	0.488	0.274	0.599	-49.971
334	4.605	0.275	0.595	-31.200
507	1.997	0.276	0.593	-17.098
221	2.075	0.279	0.586	-14.483
31	5.498	0.28	0.582	-19.585
169	1.919	0.281	0.580	-59.395
469	1.941	0.283	0.575	-46.803
451	5.498	0.284	0.575	-11.912
434	4.833	0.284	0.573	-0.573
265	1.341	0.287	0.567	-47.921
358	5.498	0.287	0.566	-19.612
296	5.498	0.288	0.564	-8.963
363	5.498	0.292	0.556	-0.556
468	5.498	0.294	0.551	-32.562
140	5.498	0.296	0.546	-10.874
473	0.436	0.296	0.545	-38.303
173	5.344	0.297	0.544	-21.181
448	5.498	0.299	0.539	-17.171
557	5.498	0.3	0.537	-18.374
255	2.911	0.302	0.532	-3.452
47	3.466	0.305	0.527	-16.045
537	2.321	0.308	0.521	-8.407
233	2.521	0.308	0.519	-19.111
168	2.155	0.31	0.515	-48.662
416	4.708	0.316	0.503	-17.656
208	0.055	0.32	0.494	-48.037
126	2.227	0.321	0.493	-17.351
156	0.579	0.324	0.486	-55.180
53	1.769	0.324	0.486	-10.944
97	5.498	0.324	0.485	-15.315
200	0.055	0.326	0.483	-54.417
73	2.512	0.326	0.482	-21.951
417	1.641	0.328	0.478	-37.180
495	3.434	0.328	0.478	-24.205
532	1.575	0.329	0.477	-10.808
76	4.629	0.33	0.474	-0.474
444	3.594	0.331	0.473	-15.392
452	1.321	0.331	0.473	-38.101
408	1.945	0.34	0.456	-22.301
177	0.581	0.34	0.455	-62.782
206	0.676	0.345	0.447	-32.975
147	1.525	0.345	0.446	-49.403
50	2.412	0.346	0.444	-8.671
104	4.774	0.347	0.442	-22.006
355	4.633	0.352	0.433	-29.587
356	4.861	0.354	0.430	-0.430
56	5.498	0.355	0.428	-7.116
89	0.316	0.358	0.422	-54.375
315	3.300	0.358	0.422	-12.031
295	4.906	0.361	0.418	-20.924
431	0.608	0.361	0.417	-45.018
3	0.055	0.362	0.416	-60.623
11	2.316	0.362	0.415	-35.714
116	4.615	0.363	0.414	-22.126
133	5.498	0.364	0.412	-19.788
207	4.024	0.366	0.409	-24.363
39	5.498	0.369	0.403	-15.311
472	5.498	0.373	0.397	-15.887
297	5.498	0.373	0.397	-21.175
506	1.953	0.377	0.391	-53.569
371	1.309	0.377	0.390	-49.306
85	0.055	0.378	0.389	-59.276
378	5.498	0.38	0.386	-41.636
325	2.160	0.381	0.384	-59.652
425	5.498	0.384	0.380	-19.649
180	5.498	0.388	0.373	-11.338
52	0.170	0.388	0.372	-41.513
141	1.227	0.388	0.372	-50.335
459	1.604	0.391	0.368	-46.824
121	5.498	0.391	0.368	-26.811
515	2.038	0.393	0.365	-13.679
292	0.680	0.394	0.364	-46.734
128	5.498	0.394	0.363	-11.351
271	0.274	0.396	0.361	-15.483
32	4.428	0.396	0.360	-11.121
29	5.498	0.397	0.359	-17.355
385	0.199	0.397	0.358	-26.579
480	1.760	0.398	0.357	-4.712
361	0.712	0.399	0.356	-4.450
20	0.739	0.4	0.354	-4.461
463	1.602	0.401	0.353	-18.191
276	0.055	0.402	0.351	-61.752
546	0.684	0.403	0.349	-8.218
298	0.261	0.405	0.347	-73.204
44	5.409	0.406	0.345	-14.164
419	0.708	0.407	0.344	-9.109
422	5.498	0.407	0.344	-28.782
78	5.498	0.407	0.344	-30.774
242	1.179	0.411	0.338	-25.614
164	0.698	0.411	0.338	-44.993
12	0.521	0.413	0.335	-54.384
13	0.593	0.413	0.334	-46.639
88	0.182	0.415	0.332	-48.156
558	5.498	0.418	0.329	-25.888
418	5.204	0.42	0.325	-14.970
183	1.654	0.423	0.321	-65.780
340	5.498	0.426	0.317	-7.265
210	0.439	0.426	0.317	-44.188
555	1.752	0.426	0.317	-5.167
101	1.926	0.432	0.309	-42.827
268	1.481	0.433	0.308	-32.271
540	2.278	0.434	0.306	-19.029
535	0.671	0.435	0.305	-29.509
263	5.498	0.438	0.301	-24.060
234	0.373	0.438	0.300	-40.867
289	0.594	0.441	0.297	-28.494
226	0.401	0.443	0.294	-42.011
42	1.509	0.443	0.294	-8.546
330	0.724	0.443	0.294	-25.310
382	2.001	0.444	0.292	-15.990
66	5.498	0.448	0.288	-29.732
348	0.551	0.448	0.288	-6.326
538	5.045	0.45	0.285	-18.357
545	0.527	0.452	0.282	-9.747
57	5.498	0.455	0.279	-31.458
502	1.740	0.456	0.277	-42.839
464	1.382	0.456	0.277	-30.558
178	1.376	0.457	0.277	-80.580
136	0.596	0.457	0.277	-57.046
306	4.216	0.462	0.271	-20.561
224	0.698	0.463	0.269	-43.496
259	5.498	0.464	0.268	-10.294
87	0.730	0.465	0.267	-59.143
254	0.478	0.466	0.266	-23.079
409	0.582	0.467	0.265	-21.136
245	5.498	0.467	0.264	-18.360
471	0.694	0.475	0.255	-4.474
162	0.782	0.48	0.250	-26.934
16	0.765	0.48	0.249	-26.182
246	3.935	0.482	0.248	-0.248
240	4.538	0.484	0.245	-19.870
370	0.666	0.491	0.237	-7.795
350	3.330	0.492	0.236	-31.700
75	5.498	0.493	0.235	-19.259
241	5.498	0.494	0.234	-14.655
68	4.153	0.494	0.233	-34.164
482	1.326	0.495	0.232	-12.255
492	1.603	0.498	0.229	-19.218
282	0.650	0.502	0.226	-43.224
376	0.700	0.502	0.226	-12.829
48	5.498	0.503	0.225	-24.324
24	1.434	0.505	0.222	-4.346
91	1.638	0.509	0.218	-15.534
352	0.655	0.517	0.210	-16.942
432	1.274	0.519	0.208	-22.563
420	1.363	0.521	0.206	-26.219
6	1.577	0.521	0.206	-38.005
505	0.634	0.526	0.201	-21.737
93	1.960	0.528	0.200	-19.881
61	1.361	0.528	0.199	-47.733
481	1.367	0.534	0.194	-20.689
213	1.536	0.535	0.193	-4.922
216	4.291	0.535	0.192	-19.374
337	0.756	0.536	0.191	-30.943
159	0.866	0.539	0.188	-27.736
442	1.622	0.542	0.186	-13.951
275	1.385	0.542	0.186	-59.661
450	5.498	0.545	0.183	-25.344
304	0.529	0.546	0.183	-30.509
202	0.884	0.547	0.181	-79.304
49	3.906	0.547	0.181	-28.668
182	4.081	0.547	0.181	-15.449
103	0.652	0.548	0.181	-6.865
351	3.559	0.554	0.175	-14.556
106	0.782	0.556	0.173	-7.708
199	0.757	0.558	0.172	-28.896
243	0.656	0.559	0.170	-13.042
335	3.702	0.56	0.170	-16.715
327	5.498	0.566	0.165	-31.496
475	1.773	0.568	0.163	-34.200
316	4.232	0.569	0.162	-22.161
435	4.323	0.57	0.161	-20.121
120	1.277	0.571	0.160	-20.686
379	5.173	0.572	0.160	-15.419
218	0.751	0.572	0.159	-33.257
81	4.974	0.576	0.157	-15.086
443	4.257	0.578	0.155	-27.841
244	0.766	0.58	0.154	-7.868
380	1.762	0.581	0.152	-34.301
329	1.226	0.582	0.152	-7.273
256	0.576	0.583	0.151	-28.993
278	1.409	0.584	0.150	-17.930
176	0.697	0.589	0.146	-29.321
100	1.308	0.589	0.146	-35.868
113	1.212	0.593	0.143	-40.937
212	0.611	0.599	0.139	-29.050
125	1.705	0.601	0.137	-23.841
65	0.720	0.601	0.136	-4.871
345	1.338	0.603	0.135	-9.320
19	0.835	0.605	0.134	-25.382
310	1.335	0.612	0.129	-28.545
503	1.413	0.612	0.129	-18.238
43	0.705	0.618	0.124	-4.848
124	0.722	0.622	0.122	-30.300
71	5.179	0.622	0.122	-15.377
28	1.610	0.629	0.117	-16.534
413	1.352	0.629	0.117	-27.368
368	1.434	0.631	0.116	-13.461
236	1.394	0.634	0.113	-28.966
189	3.651	0.634	0.113	-13.554
465	0.803	0.636	0.112	-15.615
122	1.413	0.637	0.112	-22.184
249	0.801	0.639	0.110	-54.511
500	1.363	0.641	0.109	-25.629
135	1.385	0.642	0.108	-31.390
521	1.308	0.646	0.106	-23.258
494	1.216	0.651	0.102	-23.555
288	1.336	0.652	0.102	-59.598
319	5.498	0.654	0.100	-11.449
338	1.299	0.661	0.096	-28.416
384	5.498	0.662	0.096	-15.192
79	3.834	0.662	0.095	-15.477
21	0.813	0.666	0.093	-9.643
523	1.431	0.673	0.089	-17.550
45	0.797	0.673	0.089	-10.409
175	1.340	0.675	0.088	-68.122
517	0.576	0.679	0.085	-25.916
396	1.523	0.68	0.085	-12.801
134	0.803	0.681	0.084	-8.260
529	3.671	0.682	0.084	-31.107
489	1.314	0.683	0.084	-37.416
196	0.747	0.683	0.083	-15.944
530	0.832	0.685	0.083	-7.987
40	1.196	0.687	0.081	-23.567
479	1.266	0.687	0.081	-7.146
34	4.740	0.688	0.081	-13.247
439	3.793	0.691	0.079	-9.469
486	1.174	0.692	0.079	-9.745
399	1.312	0.694	0.077	-8.036
324	1.577	0.697	0.076	-10.355
284	0.754	0.699	0.075	-26.864
195	2.956	0.699	0.075	-13.787
339	1.308	0.7	0.074	-31.762
301	1.265	0.702	0.073	-9.700
354	3.354	0.705	0.072	-23.456
365	0.752	0.706	0.071	-6.036
95	0.817	0.707	0.071	-19.156
561	1.229	0.708	0.070	-17.482
181	0.712	0.715	0.067	-39.926
187	0.812	0.719	0.065	-11.020
461	0.824	0.72	0.064	-7.576
527	0.785	0.721	0.064	-17.185
562	1.416	0.722	0.063	-2.943
449	3.703	0.725	0.062	-12.415
194	0.845	0.728	0.060	-33.290
374	0.831	0.734	0.058	-18.648
513	1.184	0.739	0.056	-40.000
258	1.177	0.74	0.055	-12.080
119	1.297	0.74	0.055	-17.255
10	1.286	0.741	0.055	-34.365
543	0.832	0.744	0.053	-6.492
484	0.881	0.745	0.053	-4.882
328	1.117	0.75	0.051	-40.756
7	0.839	0.76	0.047	-29.623
114	1.202	0.764	0.045	-4.554
474	1.187	0.765	0.045	-3.770
54	1.092	0.767	0.044	-29.283
299	0.806	0.769	0.043	-8.689
394	0.764	0.771	0.042	-17.322
117	3.553	0.773	0.041	-26.862
563	1.119	0.774	0.041	-6.764
332	4.135	0.774	0.041	-8.892
343	0.827	0.778	0.040	-10.019
8	1.183	0.78	0.039	-36.444
96	0.884	0.782	0.038	-29.872
279	1.112	0.787	0.037	-26.014
30	1.140	0.788	0.036	-9.101
364	0.864	0.789	0.036	-10.852
514	1.129	0.791	0.035	-50.100
390	1.191	0.796	0.033	-21.987
262	0.807	0.802	0.031	-9.846
197	1.144	0.803	0.031	-14.165
290	3.320	0.803	0.031	-11.171
99	1.177	0.806	0.030	-33.217
130	1.103	0.811	0.028	-11.931
412	1.165	0.812	0.028	-13.280
36	1.131	0.815	0.027	-42.214
223	1.193	0.816	0.027	-44.472
108	0.835	0.82	0.026	-7.618
531	0.915	0.821	0.026	-10.972
154	1.305	0.822	0.025	-67.442
83	0.916	0.824	0.025	-8.271
250	1.336	0.827	0.024	-31.037
110	1.166	0.827	0.024	-29.395
499	1.117	0.828	0.024	-8.649
318	0.917	0.83	0.023	-11.345
528	0.892	0.833	0.022	-17.937
239	1.097	0.834	0.022	-58.474
148	0.903	0.834	0.022	-34.059
445	1.233	0.837	0.021	-8.727
277	0.716	0.838	0.021	-54.068
5	1.123	0.85	0.018	-34.059
167	1.071	0.85	0.018	-55.554
428	0.926	0.854	0.017	-4.312
261	0.822	0.856	0.016	-9.605
185	0.893	0.863	0.015	-70.451
520	1.223	0.865	0.014	-29.589
138	0.911	0.869	0.014	-26.052
421	0.926	0.869	0.014	-34.408
266	3.430	0.871	0.013	-12.307
433	1.111	0.879	0.012	-21.885
398	0.900	0.885	0.010	-11.898
123	1.105	0.886	0.010	-23.399
383	0.806	0.886	0.010	-7.198
294	0.931	0.89	0.010	-10.510
191	1.094	0.892	0.009	-31.480
132	1.086	0.893	0.009	-9.959
33	1.066	0.894	0.009	-10.630
559	1.063	0.895	0.009	-12.947
392	1.075	0.896	0.009	-9.027
446	1.122	0.899	0.008	-12.061
228	0.917	0.903	0.007	-6.031
205	1.070	0.903	0.007	-69.016
253	0.908	0.907	0.007	-13.975
314	1.096	0.907	0.007	-14.850
311	1.076	0.907	0.007	-12.520
372	1.091	0.907	0.007	-14.105
302	1.113	0.908	0.007	-7.010
2	0.919	0.912	0.006	-20.124
424	0.947	0.916	0.006	-32.299
193	1.074	0.917	0.005	-21.568
547	1.165	0.917	0.005	-8.824
82	1.053	0.918	0.005	-24.232
533	0.947	0.92	0.005	-5.756
536	0.948	0.92	0.005	-6.357
386	0.923	0.921	0.005	-17.103
264	0.943	0.921	0.005	-34.814
17	1.043	0.921	0.005	-7.755
155	0.950	0.921	0.005	-49.707
436	1.044	0.926	0.004	-10.320
9	1.053	0.933	0.004	-41.191
322	0.903	0.935	0.003	-30.399
145	0.972	0.938	0.003	-105.858
18	0.920	0.939	0.003	-7.243
38	0.911	0.939	0.003	-15.885
397	0.967	0.94	0.003	-46.196
198	0.974	0.943	0.003	-60.329
285	1.049	0.945	0.002	-39.788
373	1.114	0.948	0.002	-10.397
118	1.032	0.951	0.002	-20.165
347	0.945	0.952	0.002	-13.395
291	1.034	0.952	0.002	-46.113
307	0.983	0.955	0.002	-22.398
142	1.036	0.956	0.002	-12.796
158	0.974	0.956	0.002	-44.910
331	0.927	0.958	0.001	-9.136
407	1.046	0.959	0.001	-31.792
107	0.972	0.962	0.001	-11.653
137	0.981	0.964	0.001	-65.204
235	0.968	0.964	0.001	-35.585
203	0.938	0.965	0.001	-6.489
556	1.024	0.966	0.001	-15.293
260	1.024	0.967	0.001	-23.899
447	0.985	0.97	0.001	-18.203
440	0.982	0.972	0.001	-35.278
323	0.986	0.976	0.000	-43.102
320	0.982	0.977	0.000	-24.895
317	0.984	0.981	0.000	-14.780
522	0.979	0.981	0.000	-12.415
229	0.989	0.985	0.000	-5.190
542	0.989	0.985	0.000	-49.605
490	0.994	0.985	0.000	-11.693
359	1.009	0.986	0.000	-9.552
410	0.993	0.991	0.000	-15.825
215	0.990	0.991	0.000	-24.531
303	1.005	0.991	0.000	-30.985
94	0.992	0.992	0.000	-14.387
59	0.995	0.994	0.000	-44.380
170	1.004	0.994	0.000	-69.839
544	0.994	0.995	0.000	-11.198
427	0.997	0.995	0.000	-4.358
84	0.999	0.997	0.000	-21.616
26	1.003	0.997	0.000	-10.270
326	1.001	0.998	0.000	-15.907