# Omega fit to each site after fixing tree and and all other parameters.
# Not using '--omegabysite_fixsyn', so we fit a synonymous rate for each site. This means we compare fitting omega and a synonymous rate to fitting just a synonymous rate.
# Fits compared to null model of omega = 1.000; P-values NOT corrected for multiple testing.
#
# site	omega	P	dLnL
147	0.001	6.15e-09	16.893
473	0.001	1.03e-06	11.939
304	0.001	8.96e-06	9.861
501	0.001	3.15e-05	8.662
341	0.001	4.2e-05	8.388
55	0.001	6.92e-05	7.916
236	0.001	0.000112	7.465
169	0.101	0.000233	6.771
500	0.028	0.000257	6.680
305	0.001	0.000383	6.306
346	0.001	0.000453	6.151
37	0.001	0.000471	6.115
36	0.001	0.000537	5.992
481	0.001	0.000591	5.903
190	0.001	0.00073	5.706
549	0.057	0.00105	5.371
234	0.084	0.00105	5.369
506	0.110	0.00125	5.206
275	0.133	0.00126	5.203
517	0.001	0.00128	5.185
167	0.142	0.00152	5.025
214	0.001	0.00156	5.005
342	0.001	0.00159	4.985
9	0.081	0.0017	4.923
74	0.001	0.00174	4.902
230	0.050	0.00202	4.763
509	0.068	0.00228	4.654
179	0.001	0.00229	4.649
127	0.039	0.00235	4.626
64	0.001	0.00316	4.357
519	0.001	0.00343	4.283
534	0.001	0.00345	4.276
478	0.001	0.00346	4.275
550	0.001	0.00351	4.259
492	0.001	0.00387	4.172
131	0.001	0.00507	3.927
267	0.176	0.00514	3.915
493	0.001	0.00515	3.912
41	0.001	0.00539	3.872
336	0.118	0.00562	3.834
367	0.001	0.00567	3.826
320	0.001	0.00577	3.810
554	0.001	0.00581	3.804
507	0.001	0.00649	3.704
338	0.001	0.00678	3.665
467	0.001	0.0077	3.551
174	0.001	0.00862	3.450
415	0.001	0.00888	3.423
220	0.145	0.00933	3.379
160	99.000	0.00989	3.327
353	0.001	0.00991	3.325
115	0.001	0.0102	3.298
409	0.001	0.0104	3.281
144	0.315	0.0106	3.268
503	0.001	0.0109	3.242
375	0.001	0.011	3.232
270	0.001	0.0115	3.195
483	0.001	0.0119	3.164
198	0.225	0.0123	3.131
257	0.001	0.0126	3.115
146	0.001	0.0136	3.047
126	0.001	0.0138	3.034
476	0.001	0.0139	3.027
452	0.109	0.0139	3.024
109	0.001	0.0146	2.985
535	99.000	0.0154	2.933
111	0.001	0.0156	2.923
138	0.001	0.0156	2.922
387	0.001	0.0186	2.769
388	0.100	0.0187	2.766
235	0.109	0.0196	2.724
196	0.001	0.0202	2.695
518	0.001	0.0213	2.651
512	0.001	0.0214	2.648
485	0.001	0.0216	2.641
371	0.232	0.0216	2.638
411	0.001	0.0226	2.598
217	0.150	0.0231	2.580
23	0.001	0.0236	2.563
406	0.001	0.0245	2.529
514	0.238	0.0252	2.505
287	0.231	0.0253	2.501
183	0.250	0.0265	2.461
227	0.001	0.0271	2.443
288	0.236	0.0271	2.442
454	0.001	0.0299	2.357
510	0.001	0.0306	2.338
280	0.001	0.0307	2.336
215	0.102	0.0308	2.333
51	99.000	0.031	2.328
437	0.001	0.0315	2.313
232	0.001	0.0317	2.308
247	0.001	0.0325	2.287
433	99.000	0.0325	2.287
284	0.136	0.0327	2.282
80	0.001	0.0333	2.265
462	0.001	0.0341	2.245
233	0.001	0.0342	2.243
430	0.001	0.0343	2.241
181	0.170	0.0351	2.221
369	0.001	0.0355	2.211
309	0.001	0.0366	2.185
297	0.001	0.0367	2.182
542	0.163	0.0372	2.171
423	0.001	0.0376	2.162
238	0.001	0.0391	2.129
211	0.083	0.0392	2.126
321	0.001	0.0392	2.126
404	0.001	0.04	2.109
10	99.000	0.0401	2.107
62	0.001	0.041	2.088
137	0.285	0.0412	2.084
281	0.001	0.0413	2.082
511	0.001	0.0442	2.024
339	0.141	0.045	2.009
408	0.001	0.0461	1.989
300	0.001	0.0466	1.979
564	0.001	0.0467	1.977
429	0.001	0.047	1.973
188	0.001	0.047	1.973
128	0.001	0.0477	1.960
540	0.001	0.0496	1.928
402	0.001	0.0503	1.916
27	0.001	0.0527	1.877
368	0.001	0.0539	1.858
394	0.001	0.054	1.857
207	0.001	0.0578	1.799
59	6.032	0.0579	1.798
182	0.001	0.0584	1.791
334	0.001	0.0595	1.775
91	0.001	0.0601	1.767
459	0.263	0.0608	1.758
306	0.001	0.0616	1.747
135	0.170	0.0621	1.741
171	0.311	0.063	1.729
184	0.239	0.0634	1.723
557	0.001	0.0646	1.708
322	0.001	0.066	1.690
395	0.001	0.0661	1.689
104	0.001	0.0668	1.680
173	0.001	0.0676	1.670
289	0.187	0.07	1.642
278	0.001	0.0704	1.637
39	0.001	0.0707	1.634
241	0.001	0.071	1.630
3	99.000	0.0719	1.619
277	0.315	0.0723	1.615
325	0.309	0.0729	1.608
482	0.001	0.0732	1.605
426	0.001	0.0739	1.598
513	0.236	0.074	1.596
441	0.001	0.0747	1.588
377	0.001	0.076	1.574
453	0.001	0.0773	1.561
58	0.001	0.0776	1.557
502	0.244	0.0788	1.545
526	0.001	0.0795	1.538
315	0.001	0.0801	1.532
539	0.001	0.0802	1.531
186	0.001	0.0802	1.530
4	5.159	0.0805	1.528
358	0.001	0.0806	1.526
497	0.001	0.0808	1.524
504	0.001	0.0815	1.517
366	0.001	0.0833	1.499
44	0.001	0.084	1.493
432	0.175	0.0847	1.487
372	0.001	0.0849	1.484
393	0.001	0.0887	1.449
521	0.161	0.0896	1.440
532	0.001	0.0909	1.429
520	0.001	0.091	1.429
400	0.001	0.0913	1.425
237	3.108	0.0919	1.420
256	99.000	0.0935	1.406
47	0.001	0.0942	1.401
272	0.279	0.0945	1.398
133	0.001	0.0953	1.391
470	0.001	0.0964	1.382
451	0.001	0.0969	1.378
553	0.001	0.0972	1.376
221	0.001	0.098	1.369
242	0.169	0.0991	1.360
344	0.001	0.101	1.347
420	0.191	0.101	1.346
119	0.001	0.101	1.341
379	0.001	0.103	1.330
253	0.001	0.103	1.330
35	99.000	0.103	1.329
93	0.001	0.104	1.321
560	0.001	0.104	1.320
486	0.001	0.106	1.307
457	0.001	0.11	1.278
455	0.215	0.112	1.265
258	0.001	0.112	1.265
75	0.001	0.112	1.260
94	0.001	0.113	1.257
72	0.259	0.113	1.256
31	0.001	0.115	1.242
378	0.001	0.118	1.224
295	0.001	0.12	1.207
463	0.188	0.122	1.199
25	0.001	0.122	1.198
355	0.001	0.123	1.191
416	0.001	0.124	1.186
276	3.938	0.126	1.173
107	0.001	0.131	1.140
46	0.001	0.132	1.136
225	0.001	0.132	1.136
116	0.001	0.133	1.129
269	0.001	0.133	1.129
335	0.001	0.133	1.127
145	3.623	0.134	1.125
362	0.001	0.134	1.124
385	0.205	0.134	1.123
122	0.168	0.134	1.121
2	99.000	0.135	1.115
97	0.001	0.138	1.100
446	0.001	0.139	1.096
151	0.001	0.14	1.091
489	0.302	0.142	1.077
89	3.803	0.143	1.073
548	99.000	0.145	1.062
391	0.001	0.145	1.061
101	0.310	0.146	1.054
350	0.001	0.148	1.045
240	0.001	0.15	1.035
328	0.250	0.151	1.030
197	0.001	0.152	1.028
48	0.001	0.152	1.026
311	0.001	0.153	1.020
382	0.001	0.157	1.001
149	2.880	0.157	1.000
448	0.001	0.158	0.996
537	0.001	0.158	0.995
248	0.001	0.159	0.991
22	0.001	0.162	0.979
349	0.001	0.169	0.948
98	0.284	0.169	0.945
185	2.194	0.17	0.941
389	0.369	0.17	0.941
243	99.000	0.172	0.934
68	0.001	0.172	0.934
538	0.001	0.173	0.927
499	0.001	0.177	0.913
472	0.001	0.178	0.909
333	0.001	0.178	0.908
14	99.000	0.18	0.900
195	0.001	0.181	0.894
422	0.001	0.182	0.891
180	0.001	0.187	0.872
303	0.301	0.189	0.864
274	0.001	0.192	0.852
436	0.001	0.194	0.844
364	0.001	0.195	0.839
130	0.001	0.196	0.836
418	0.001	0.197	0.834
407	0.307	0.197	0.831
559	0.001	0.198	0.830
33	0.001	0.198	0.830
29	0.001	0.199	0.825
83	0.001	0.199	0.824
53	0.001	0.2	0.819
345	0.001	0.201	0.816
381	0.271	0.206	0.801
82	0.254	0.206	0.801
251	0.001	0.206	0.798
405	0.001	0.208	0.792
67	0.268	0.208	0.792
50	0.001	0.211	0.783
118	0.260	0.211	0.782
490	0.001	0.212	0.778
21	99.000	0.213	0.777
396	99.000	0.215	0.768
71	0.001	0.216	0.766
541	0.001	0.218	0.760
414	99.000	0.219	0.756
66	0.001	0.22	0.754
443	0.001	0.221	0.748
469	0.424	0.222	0.746
148	0.307	0.222	0.746
85	2.410	0.222	0.746
319	0.001	0.223	0.742
435	0.001	0.225	0.736
54	0.301	0.229	0.725
412	0.001	0.229	0.724
79	0.001	0.23	0.721
49	0.001	0.233	0.711
360	0.324	0.235	0.704
177	2.372	0.243	0.681
155	0.450	0.245	0.675
208	0.444	0.246	0.674
312	0.001	0.247	0.670
212	0.303	0.248	0.668
178	2.142	0.248	0.667
26	0.001	0.252	0.655
216	0.001	0.254	0.650
398	0.001	0.255	0.648
283	0.001	0.257	0.642
324	0.001	0.259	0.638
120	0.308	0.26	0.635
12	2.911	0.263	0.626
386	0.001	0.264	0.623
318	0.001	0.268	0.613
262	0.001	0.269	0.612
417	2.400	0.269	0.611
425	0.001	0.269	0.610
399	0.001	0.27	0.608
495	3.159	0.273	0.601
531	0.001	0.276	0.593
202	0.493	0.277	0.591
78	0.001	0.282	0.579
290	0.001	0.284	0.574
279	0.329	0.284	0.574
121	0.001	0.285	0.573
488	0.367	0.286	0.570
547	0.001	0.286	0.569
316	0.001	0.288	0.565
52	0.429	0.292	0.556
477	0.336	0.297	0.544
34	0.001	0.301	0.535
206	2.530	0.308	0.519
81	0.001	0.308	0.519
187	99.000	0.309	0.518
266	0.001	0.31	0.516
563	0.001	0.312	0.512
449	0.001	0.312	0.510
384	0.001	0.317	0.500
28	0.001	0.321	0.492
291	0.488	0.322	0.490
56	0.001	0.322	0.490
479	0.001	0.323	0.489
140	0.001	0.324	0.485
296	0.001	0.327	0.480
558	0.001	0.328	0.479
445	0.001	0.329	0.477
392	0.001	0.329	0.476
162	0.340	0.336	0.463
42	0.001	0.338	0.459
16	0.350	0.34	0.456
351	0.001	0.341	0.453
468	0.001	0.345	0.446
166	0.496	0.345	0.446
465	99.000	0.346	0.444
189	0.001	0.347	0.443
376	4.293	0.348	0.440
439	0.001	0.349	0.439
340	0.001	0.349	0.438
17	0.001	0.35	0.436
354	0.001	0.352	0.433
294	0.001	0.355	0.429
106	0.001	0.356	0.427
60	0.001	0.356	0.426
263	0.001	0.356	0.425
259	0.001	0.36	0.419
505	0.338	0.362	0.416
522	99.000	0.362	0.415
494	0.385	0.363	0.413
129	1.937	0.37	0.401
460	2.267	0.373	0.396
508	99.000	0.383	0.381
30	0.001	0.384	0.379
373	0.001	0.386	0.376
444	0.001	0.387	0.375
323	1.835	0.393	0.364
556	0.001	0.394	0.363
390	0.388	0.397	0.359
347	0.001	0.4	0.355
326	0.362	0.402	0.352
331	0.001	0.405	0.347
438	0.001	0.406	0.345
158	0.525	0.407	0.343
370	0.001	0.409	0.340
87	0.586	0.413	0.336
461	0.001	0.414	0.334
544	0.001	0.416	0.331
327	0.001	0.417	0.330
142	0.310	0.423	0.321
176	0.419	0.426	0.317
150	0.377	0.433	0.307
332	0.001	0.436	0.303
421	0.502	0.437	0.302
244	0.001	0.443	0.295
456	3.252	0.447	0.289
343	0.001	0.448	0.288
57	0.001	0.45	0.286
32	0.001	0.455	0.279
525	0.539	0.458	0.275
464	0.447	0.461	0.272
450	0.001	0.464	0.268
252	0.417	0.465	0.267
271	99.000	0.467	0.264
45	0.001	0.47	0.261
203	0.001	0.477	0.253
466	2.004	0.484	0.245
123	0.433	0.485	0.244
141	1.583	0.49	0.238
117	0.001	0.491	0.237
218	1.884	0.492	0.237
105	0.600	0.501	0.226
132	99.000	0.508	0.219
88	0.605	0.51	0.217
161	1.782	0.51	0.217
529	0.001	0.512	0.215
124	0.503	0.52	0.207
496	99.000	0.522	0.205
194	1.733	0.523	0.204
337	0.507	0.525	0.202
268	1.820	0.525	0.202
458	0.586	0.531	0.196
293	0.641	0.532	0.195
308	0.001	0.535	0.192
108	0.001	0.54	0.188
301	99.000	0.54	0.188
307	0.501	0.542	0.186
163	0.001	0.553	0.176
153	0.595	0.557	0.172
424	1.638	0.579	0.154
61	0.697	0.582	0.151
299	0.001	0.582	0.151
157	0.627	0.583	0.151
136	1.466	0.588	0.146
1	1.570	0.59	0.145
15	1.737	0.591	0.144
100	0.637	0.593	0.143
209	0.523	0.599	0.138
175	0.712	0.601	0.136
19	0.622	0.605	0.133
515	0.475	0.607	0.132
239	1.492	0.608	0.132
329	99.000	0.611	0.129
201	1.341	0.613	0.128
264	0.660	0.615	0.127
310	0.622	0.62	0.123
86	1.660	0.622	0.122
152	0.683	0.625	0.119
199	0.643	0.638	0.111
99	0.678	0.639	0.110
374	1.963	0.639	0.110
165	99.000	0.64	0.109
440	1.745	0.642	0.108
172	1.740	0.645	0.106
102	1.409	0.647	0.105
191	0.616	0.655	0.100
260	1.694	0.662	0.095
205	0.757	0.663	0.095
380	1.456	0.665	0.094
383	0.001	0.667	0.092
125	1.669	0.672	0.090
168	1.407	0.673	0.089
261	0.001	0.675	0.088
90	0.700	0.676	0.087
298	0.778	0.68	0.085
69	0.610	0.683	0.083
524	1.347	0.685	0.082
5	1.430	0.687	0.081
38	1.760	0.695	0.077
285	0.705	0.696	0.076
442	1.749	0.697	0.076
250	0.705	0.711	0.069
419	99.000	0.712	0.068
447	0.638	0.719	0.065
77	1.231	0.721	0.064
403	0.775	0.736	0.057
70	0.654	0.74	0.055
413	0.734	0.742	0.054
487	0.663	0.746	0.053
359	99.000	0.757	0.048
286	0.818	0.758	0.047
204	0.793	0.759	0.047
159	0.711	0.761	0.046
13	0.806	0.763	0.046
170	1.221	0.768	0.043
265	1.200	0.771	0.042
231	0.824	0.777	0.040
528	0.670	0.779	0.039
8	0.742	0.783	0.038
410	0.689	0.796	0.033
154	1.173	0.802	0.031
431	1.227	0.806	0.030
330	1.320	0.806	0.030
110	0.747	0.808	0.030
73	0.790	0.817	0.027
273	0.837	0.829	0.023
113	1.185	0.836	0.021
313	1.164	0.837	0.021
249	1.143	0.838	0.021
200	1.205	0.844	0.019
282	0.860	0.857	0.016
561	0.782	0.864	0.015
63	1.171	0.868	0.014
112	0.908	0.897	0.008
96	1.127	0.898	0.008
95	0.853	0.899	0.008
352	1.185	0.905	0.007
7	1.134	0.912	0.006
84	1.117	0.924	0.005
6	1.074	0.926	0.004
210	0.912	0.927	0.004
226	0.935	0.93	0.004
475	1.078	0.936	0.003
143	0.950	0.944	0.002
397	0.950	0.945	0.002
523	0.849	0.946	0.002
245	1.087	0.948	0.002
292	1.047	0.951	0.002
224	1.046	0.952	0.002
11	0.950	0.953	0.002
254	0.937	0.958	0.001
357	1.076	0.959	0.001
156	0.959	0.961	0.001
164	0.971	0.97	0.001
223	0.973	0.971	0.001
40	0.959	0.971	0.001
527	0.951	0.971	0.001
193	1.038	0.976	0.000
317	0.980	0.989	0.000
314	1.018	0.99	0.000
222	1.003	0.998	0.000
219	0.135	1	0.000
491	0.263	1	0.000
498	0.181	1	0.000
545	3.247	1	0.000
401	0.202	1	0.000
229	0.250	1	0.000
546	2.012	1	0.000
255	0.184	1	0.000
552	0.222	1	0.000
134	1.928	1	0.000
530	1.964	1	0.000
562	0.188	1	0.000
65	2.209	1	0.000
43	2.154	1	0.000
516	0.231	1	0.000
103	0.263	1	0.000
536	1.851	1	0.000
20	1.965	1	0.000
543	2.075	1	0.000
365	2.112	1	0.000
363	0.219	1	0.000
533	1.795	1	0.000
484	1.909	1	0.000
24	2.370	1	0.000
18	1.981	1	0.000
427	1.843	1	0.000
348	1.938	1	0.000
92	0.199	1	0.000
361	1.898	1	0.000
76	0.174	1	0.000
192	0.235	1	0.000
114	1.814	1	0.000
246	0.296	1	0.000
356	0.334	1	0.000
139	0.184	1	0.000
228	0.552	1	0.000
428	1.795	1	0.000
471	2.032	1	0.000
474	2.046	1	0.000
302	0.367	1	0.000
551	0.267	1	0.000
555	2.350	1	0.000
213	0.518	1	0.000
480	2.097	1	0.000
434	0.307	1	-0.000