# Stringency fit to each site after fixing tree and and all other parameters.
# Fits compared to null model of stringency = 0.100 (the overall gene value).
# P-values NOT corrected for multiple testing.
# The stringency ratio is the ratio of the fitted value to the null (overall gene value).
#
# site	stringency_ratio	P	dLnL	LnL_fixed
237	15.415	7.51e-06	10.029	-99.394
143	17.841	0.0012	5.243	-136.000
257	100.000	0.00135	5.134	-19.469
22	100.000	0.00201	4.768	-27.909
354	100.000	0.00269	4.503	-27.620
316	100.000	0.00324	4.333	-26.982
335	83.895	0.00334	4.307	-20.935
299	100.000	0.00406	4.129	-12.797
300	100.000	0.00557	3.842	-26.830
411	63.512	0.0059	3.790	-14.063
470	100.000	0.00592	3.787	-21.296
541	100.000	0.00961	3.352	-26.871
539	100.000	0.01	3.315	-25.924
526	100.000	0.0102	3.297	-12.501
474	100.000	0.012	3.156	-7.111
480	100.000	0.0127	3.103	-7.635
18	100.000	0.0131	3.076	-8.034
344	100.000	0.0141	3.010	-35.929
205	32.429	0.0165	2.876	-73.194
324	38.561	0.0193	2.738	-14.080
433	23.646	0.02	2.706	-26.840
549	19.723	0.0226	2.600	-35.261
185	13.097	0.0248	2.519	-75.432
314	100.000	0.0258	2.486	-16.899
391	100.000	0.0306	2.338	-15.322
552	26.440	0.0332	2.268	-5.950
202	15.660	0.0354	2.213	-89.096
208	13.608	0.0419	2.069	-47.151
283	24.458	0.0465	1.982	-27.505
445	29.455	0.0498	1.925	-12.483
296	81.615	0.05	1.921	-11.709
222	13.217	0.0523	1.883	-43.799
353	51.262	0.056	1.826	-38.147
287	12.391	0.0636	1.720	-57.123
267	20.591	0.0647	1.706	-69.185
170	19.167	0.0707	1.634	-75.950
510	27.363	0.0711	1.628	-32.128
466	10.713	0.0747	1.589	-52.830
40	24.585	0.0761	1.573	-26.638
37	15.677	0.0769	1.564	-30.972
557	15.571	0.0778	1.556	-19.724
280	24.238	0.0831	1.502	-25.956
8	13.870	0.0879	1.456	-38.198
393	18.598	0.0889	1.447	-21.176
265	10.440	0.0892	1.444	-57.114
175	19.969	0.0897	1.440	-71.784
131	23.704	0.0899	1.439	-21.150
339	35.314	0.105	1.315	-32.541
415	16.849	0.109	1.286	-50.460
322	30.188	0.11	1.280	-31.482
33	17.700	0.122	1.196	-14.915
49	14.897	0.124	1.180	-31.935
153	17.044	0.127	1.165	-44.674
451	13.057	0.128	1.159	-15.571
295	47.982	0.131	1.139	-25.201
201	16.041	0.134	1.124	-95.031
547	11.793	0.138	1.098	-13.086
200	13.953	0.141	1.084	-56.325
563	18.964	0.145	1.061	-10.839
540	13.873	0.153	1.020	-20.316
114	14.832	0.164	0.970	-6.944
186	22.643	0.176	0.915	-11.952
183	11.053	0.182	0.891	-68.067
509	12.415	0.186	0.875	-33.301
23	23.477	0.201	0.818	-34.565
381	20.321	0.201	0.817	-23.435
399	17.376	0.201	0.816	-10.644
230	12.739	0.204	0.805	-37.158
487	10.724	0.206	0.800	-21.453
14	9.168	0.207	0.796	-24.895
273	9.954	0.21	0.785	-61.210
113	29.279	0.222	0.747	-47.937
481	28.444	0.229	0.725	-20.805
489	8.338	0.242	0.685	-39.464
394	31.108	0.242	0.684	-18.534
176	12.803	0.245	0.676	-31.223
207	13.856	0.248	0.669	-30.264
513	9.216	0.248	0.666	-40.351
253	21.412	0.251	0.658	-14.331
80	8.687	0.254	0.651	-21.744
271	10.925	0.261	0.632	-15.396
275	22.811	0.263	0.626	-60.547
72	18.890	0.266	0.620	-33.243
530	13.686	0.267	0.615	-11.826
537	11.895	0.276	0.595	-11.413
562	7.514	0.284	0.574	-5.790
269	8.220	0.288	0.563	-22.394
550	11.982	0.298	0.541	-23.042
419	5.724	0.304	0.529	-9.670
139	9.065	0.305	0.526	-5.390
29	17.344	0.311	0.514	-20.657
220	12.424	0.311	0.514	-53.712
225	11.892	0.324	0.486	-12.307
524	6.017	0.328	0.478	-46.004
221	6.989	0.331	0.473	-16.580
17	6.515	0.339	0.457	-11.654
307	13.288	0.348	0.441	-26.643
245	10.168	0.35	0.437	-21.563
141	13.373	0.351	0.435	-67.955
528	10.155	0.353	0.432	-19.129
28	8.933	0.363	0.413	-19.588
42	9.973	0.368	0.404	-11.955
274	12.467	0.373	0.397	-19.068
160	10.474	0.379	0.387	-23.439
450	15.095	0.379	0.387	-28.174
475	7.078	0.38	0.385	-35.804
515	7.460	0.383	0.380	-16.482
32	6.735	0.385	0.378	-14.356
166	5.787	0.388	0.372	-48.975
44	6.656	0.388	0.372	-18.530
511	6.373	0.39	0.370	-14.257
357	7.334	0.39	0.369	-19.524
34	11.074	0.393	0.364	-16.795
47	8.408	0.399	0.356	-19.386
68	6.774	0.399	0.355	-36.613
58	6.782	0.4	0.354	-22.068
6	8.556	0.403	0.349	-40.721
380	11.714	0.412	0.337	-37.284
169	8.202	0.415	0.332	-59.242
238	10.785	0.418	0.328	-21.397
249	7.884	0.42	0.325	-58.894
361	7.905	0.429	0.313	-7.779
304	15.319	0.43	0.312	-27.616
514	20.613	0.43	0.311	-50.868
476	7.439	0.438	0.301	-25.994
538	7.071	0.448	0.288	-21.437
41	8.415	0.451	0.284	-23.522
224	31.558	0.453	0.282	-45.761
499	7.109	0.46	0.273	-12.252
418	9.847	0.46	0.272	-18.581
125	9.280	0.467	0.264	-26.049
454	6.913	0.475	0.255	-21.571
19	12.337	0.477	0.253	-28.678
551	9.963	0.478	0.251	-5.462
406	8.973	0.482	0.247	-29.981
184	8.593	0.484	0.244	-45.248
5	9.270	0.497	0.231	-36.025
117	5.505	0.501	0.226	-30.240
464	10.515	0.501	0.226	-33.481
293	8.878	0.505	0.222	-73.890
96	7.245	0.506	0.221	-33.685
457	5.780	0.506	0.221	-21.003
327	15.971	0.508	0.220	-34.516
523	7.090	0.51	0.217	-18.750
156	12.760	0.512	0.215	-60.321
521	7.703	0.516	0.211	-24.249
211	13.195	0.517	0.210	-19.698
57	6.319	0.535	0.193	-34.731
88	7.635	0.539	0.189	-50.061
325	15.080	0.546	0.182	-61.068
161	5.265	0.548	0.181	-36.249
455	11.583	0.55	0.179	-33.348
219	10.261	0.567	0.164	-8.470
292	6.831	0.579	0.154	-48.727
507	5.125	0.583	0.150	-18.573
215	5.431	0.598	0.139	-24.085
492	3.854	0.604	0.135	-19.704
74	4.196	0.61	0.130	-23.285
520	4.034	0.611	0.130	-29.516
12	4.239	0.614	0.127	-58.312
84	4.816	0.62	0.123	-27.809
310	10.361	0.621	0.122	-33.587
182	5.232	0.628	0.118	-19.766
505	14.063	0.631	0.115	-22.107
235	4.682	0.64	0.110	-35.227
543	5.487	0.652	0.102	-10.375
443	5.597	0.654	0.100	-31.363
285	5.511	0.655	0.100	-42.422
101	5.661	0.671	0.090	-45.225
229	5.611	0.671	0.090	-5.942
76	3.838	0.671	0.090	-5.455
26	3.901	0.691	0.079	-13.837
503	5.057	0.693	0.078	-18.551
204	4.369	0.695	0.077	-51.995
453	3.979	0.703	0.073	-29.597
309	4.556	0.704	0.072	-27.767
440	4.163	0.706	0.071	-37.768
142	4.739	0.706	0.071	-15.230
544	6.152	0.715	0.067	-13.564
302	4.209	0.718	0.065	-7.893
423	4.312	0.719	0.065	-28.991
291	7.649	0.72	0.064	-48.352
165	3.691	0.721	0.064	-17.217
482	4.162	0.725	0.062	-16.276
359	6.424	0.725	0.062	-13.826
462	3.597	0.731	0.059	-19.972
434	3.063	0.738	0.056	-5.463
362	3.602	0.738	0.056	-33.002
548	3.293	0.744	0.053	-13.928
206	3.514	0.745	0.053	-36.770
491	2.573	0.754	0.049	-6.182
1	4.749	0.755	0.049	-37.585
444	3.199	0.756	0.048	-18.372
439	3.325	0.757	0.048	-13.761
414	4.880	0.761	0.046	-34.855
506	3.196	0.761	0.046	-52.705
45	3.107	0.762	0.046	-12.896
458	4.387	0.775	0.041	-38.142
50	3.403	0.787	0.037	-11.554
73	3.142	0.79	0.035	-25.451
328	5.303	0.812	0.028	-43.775
56	2.884	0.814	0.028	-9.454
212	3.767	0.823	0.025	-29.516
467	2.592	0.824	0.025	-20.153
39	2.552	0.828	0.024	-19.039
218	2.283	0.837	0.021	-36.304
53	2.593	0.851	0.018	-14.749
425	2.193	0.857	0.016	-22.928
179	2.412	0.861	0.015	-27.853
196	2.568	0.866	0.014	-15.990
258	3.088	0.875	0.012	-15.606
284	3.866	0.881	0.011	-26.789
86	2.255	0.885	0.010	-56.510
349	2.119	0.892	0.009	-22.682
256	2.000	0.893	0.009	-31.310
2	2.261	0.895	0.009	-21.883
97	2.760	0.899	0.008	-19.868
533	2.157	0.903	0.007	-8.500
262	2.344	0.909	0.007	-13.320
545	1.846	0.91	0.006	-13.603
408	1.863	0.911	0.006	-23.896
437	1.740	0.913	0.006	-22.990
209	2.348	0.914	0.006	-29.625
338	2.346	0.918	0.005	-28.814
259	1.920	0.92	0.005	-14.596
449	2.092	0.92	0.005	-15.678
252	1.905	0.928	0.004	-21.822
306	1.594	0.935	0.003	-25.314
438	1.901	0.935	0.003	-13.799
326	1.648	0.937	0.003	-18.052
289	1.722	0.94	0.003	-28.350
63	1.380	0.943	0.003	-46.953
522	1.574	0.944	0.002	-14.082
149	1.395	0.949	0.002	-62.061
370	1.689	0.95	0.002	-10.644
173	1.395	0.96	0.001	-26.249
436	1.541	0.962	0.001	-13.933
94	1.192	0.976	0.000	-18.683
508	1.435	0.977	0.000	-16.053
478	1.245	0.991	0.000	-44.254
527	1.039	0.996	0.000	-18.590
216	1.032	0.997	0.000	-23.531
3	1.000	1	0.000	-65.671
4	1.000	1	0.000	-36.219
7	1.000	1	0.000	-31.945
9	1.000	1	0.000	-41.056
10	1.000	1	0.000	-38.868
11	1.000	1	0.000	-38.700
13	1.000	1	0.000	-47.389
15	1.000	1	0.000	-52.050
16	1.000	1	0.000	-28.388
20	1.000	1	0.000	-8.219
21	1.000	1	0.000	-12.334
24	1.000	1	0.000	-7.868
25	1.000	1	0.000	-30.599
27	1.000	1	0.000	-36.957
30	1.000	1	0.000	-13.188
31	1.000	1	0.000	-23.056
35	1.000	1	0.000	-36.646
36	1.000	1	0.000	-42.001
38	1.000	1	0.000	-18.415
43	1.000	1	0.000	-8.360
46	1.000	1	0.000	-22.692
48	1.000	1	0.000	-27.753
51	1.000	1	0.000	-41.804
52	1.000	1	0.000	-41.989
54	1.000	1	0.000	-32.376
55	1.000	1	0.000	-45.958
59	1.000	1	0.000	-49.881
60	1.000	1	0.000	-33.770
61	1.000	1	0.000	-53.499
62	1.000	1	0.000	-33.823
64	1.000	1	0.000	-28.340
65	1.000	1	0.000	-9.274
66	1.000	1	0.000	-32.945
67	1.000	1	0.000	-27.628
69	1.000	1	0.000	-25.580
70	1.000	1	0.000	-23.868
71	1.000	1	0.000	-20.939
75	1.000	1	0.000	-24.313
77	1.000	1	0.000	-75.790
78	1.000	1	0.000	-33.771
79	1.000	1	0.000	-20.372
81	1.000	1	0.000	-20.110
82	1.000	1	0.000	-25.789
83	1.000	1	0.000	-13.266
85	1.000	1	0.000	-63.362
87	1.000	1	0.000	-63.000
89	1.000	1	0.000	-58.338
90	1.000	1	0.000	-52.357
91	1.000	1	0.000	-16.388
92	1.000	1	0.000	-5.620
93	1.000	1	0.000	-23.568
95	1.000	1	0.000	-21.785
98	1.000	1	0.000	-35.424
99	1.000	1	0.000	-35.233
100	1.000	1	0.000	-38.267
102	1.000	1	0.000	-45.527
103	1.000	1	0.000	-6.958
104	1.000	1	0.000	-26.785
105	1.000	1	0.000	-50.121
106	1.000	1	0.000	-12.254
107	1.000	1	0.000	-16.010
108	1.000	1	0.000	-12.266
109	1.000	1	0.000	-34.683
110	1.000	1	0.000	-31.309
111	1.000	1	0.000	-16.039
112	1.000	1	0.000	-51.489
115	1.000	1	0.000	-30.953
116	1.000	1	0.000	-26.962
118	1.000	1	0.000	-22.877
119	1.000	1	0.000	-21.231
120	1.000	1	0.000	-24.081
121	1.000	1	0.000	-29.681
122	1.000	1	0.000	-23.040
123	1.000	1	0.000	-25.569
124	1.000	1	0.000	-30.865
126	1.000	1	0.000	-18.350
127	1.000	1	0.000	-23.863
128	1.000	1	0.000	-15.220
129	1.000	1	0.000	-58.311
130	1.000	1	0.000	-16.352
132	1.000	1	0.000	-12.855
133	1.000	1	0.000	-25.032
134	1.000	1	0.000	-11.147
135	1.000	1	0.000	-31.985
136	1.000	1	0.000	-60.512
137	1.000	1	0.000	-67.962
138	1.000	1	0.000	-26.653
140	1.000	1	0.000	-15.211
144	1.000	1	0.000	-165.871
145	1.000	1	0.000	-116.493
146	1.000	1	0.000	-25.807
147	1.000	1	0.000	-47.688
148	1.000	1	0.000	-37.588
150	1.000	1	0.000	-43.747
151	1.000	1	0.000	-23.464
152	1.000	1	0.000	-39.965
154	1.000	1	0.000	-70.936
155	1.000	1	0.000	-51.569
157	1.000	1	0.000	-57.306
158	1.000	1	0.000	-48.694
159	1.000	1	0.000	-30.308
162	1.000	1	0.000	-29.653
163	1.000	1	0.000	-26.908
164	1.000	1	0.000	-47.914
167	1.000	1	0.000	-56.856
168	1.000	1	0.000	-53.062
171	1.000	1	0.000	-59.761
172	1.000	1	0.000	-25.251
174	1.000	1	0.000	-15.646
177	1.000	1	0.000	-67.712
178	1.000	1	0.000	-88.316
180	1.000	1	0.000	-14.694
181	1.000	1	0.000	-39.635
187	1.000	1	0.000	-12.759
188	1.000	1	0.000	-17.018
189	1.000	1	0.000	-17.335
190	1.000	1	0.000	-38.188
191	1.000	1	0.000	-34.457
192	1.000	1	0.000	-5.545
193	1.000	1	0.000	-26.683
194	1.000	1	0.000	-37.194
195	1.000	1	0.000	-18.713
197	1.000	1	0.000	-18.521
198	1.000	1	0.000	-62.287
199	1.000	1	0.000	-31.334
203	1.000	1	0.000	-9.958
210	1.000	1	0.000	-46.571
213	1.000	1	0.000	-7.290
214	1.000	1	0.000	-28.983
217	1.000	1	0.000	-37.285
223	1.000	1	0.000	-47.581
226	1.000	1	0.000	-43.247
227	1.000	1	0.000	-21.707
228	1.000	1	0.000	-7.729
231	1.000	1	0.000	-72.640
232	1.000	1	0.000	-16.498
233	1.000	1	0.000	-20.226
234	1.000	1	0.000	-39.609
236	1.000	1	0.000	-27.704
239	1.000	1	0.000	-65.015
240	1.000	1	0.000	-24.604
241	1.000	1	0.000	-18.818
242	1.000	1	0.000	-30.331
243	1.000	1	0.000	-14.277
244	1.000	1	0.000	-11.114
246	1.000	1	0.000	-5.583
247	1.000	1	0.000	-22.082
248	1.000	1	0.000	-26.164
250	1.000	1	0.000	-32.242
251	1.000	1	0.000	-22.705
254	1.000	1	0.000	-24.233
255	1.000	1	0.000	-6.023
260	1.000	1	0.000	-27.348
261	1.000	1	0.000	-14.529
263	1.000	1	0.000	-27.431
264	1.000	1	0.000	-38.001
266	1.000	1	0.000	-17.152
268	1.000	1	0.000	-37.702
270	1.000	1	0.000	-31.850
272	1.000	1	0.000	-48.821
276	1.000	1	0.000	-66.225
277	1.000	1	0.000	-55.568
278	1.000	1	0.000	-19.964
279	1.000	1	0.000	-29.584
281	1.000	1	0.000	-29.158
282	1.000	1	0.000	-46.531
286	1.000	1	0.000	-63.027
288	1.000	1	0.000	-61.402
290	1.000	1	0.000	-16.719
294	1.000	1	0.000	-15.507
297	1.000	1	0.000	-25.760
298	1.000	1	0.000	-75.356
301	1.000	1	0.000	-12.723
303	1.000	1	0.000	-34.619
305	1.000	1	0.000	-41.470
308	1.000	1	0.000	-16.123
311	1.000	1	0.000	-14.908
312	1.000	1	0.000	-17.153
313	1.000	1	0.000	-44.894
315	1.000	1	0.000	-14.900
317	1.000	1	0.000	-16.205
318	1.000	1	0.000	-16.275
319	1.000	1	0.000	-16.672
320	1.000	1	0.000	-25.315
321	1.000	1	0.000	-23.800
323	1.000	1	0.000	-48.691
329	1.000	1	0.000	-12.645
330	1.000	1	0.000	-29.208
331	1.000	1	0.000	-12.751
332	1.000	1	0.000	-13.410
333	1.000	1	0.000	-32.127
334	1.000	1	0.000	-36.167
336	1.000	1	0.000	-39.561
337	1.000	1	0.000	-32.469
340	1.000	1	0.000	-10.750
341	1.000	1	0.000	-24.423
342	1.000	1	0.000	-25.019
343	1.000	1	0.000	-14.528
345	1.000	1	0.000	-13.189
346	1.000	1	0.000	-31.401
347	1.000	1	0.000	-17.863
348	1.000	1	0.000	-8.048
350	1.000	1	0.000	-36.807
351	1.000	1	0.000	-20.231
352	1.000	1	0.000	-19.051
355	1.000	1	0.000	-35.059
356	1.000	1	0.000	-5.524
358	1.000	1	0.000	-24.105
360	1.000	1	0.000	-39.944
363	1.000	1	0.000	-5.569
364	1.000	1	0.000	-14.543
365	1.000	1	0.000	-10.163
366	1.000	1	0.000	-28.085
367	1.000	1	0.000	-24.515
368	1.000	1	0.000	-14.880
369	1.000	1	0.000	-19.091
371	1.000	1	0.000	-54.395
372	1.000	1	0.000	-17.237
373	1.000	1	0.000	-15.256
374	1.000	1	0.000	-21.318
375	1.000	1	0.000	-29.355
376	1.000	1	0.000	-16.360
377	1.000	1	0.000	-24.609
378	1.000	1	0.000	-47.564
379	1.000	1	0.000	-20.640
382	1.000	1	0.000	-19.260
383	1.000	1	0.000	-10.859
384	1.000	1	0.000	-18.919
385	1.000	1	0.000	-26.032
386	1.000	1	0.000	-22.143
387	1.000	1	0.000	-22.075
388	1.000	1	0.000	-23.365
389	1.000	1	0.000	-52.632
390	1.000	1	0.000	-25.137
392	1.000	1	0.000	-12.345
395	1.000	1	0.000	-31.996
396	1.000	1	0.000	-15.841
397	1.000	1	0.000	-50.976
398	1.000	1	0.000	-14.334
400	1.000	1	0.000	-21.645
401	1.000	1	0.000	-6.310
402	1.000	1	0.000	-12.783
403	1.000	1	0.000	-44.291
404	1.000	1	0.000	-15.330
405	1.000	1	0.000	-14.228
407	1.000	1	0.000	-32.090
409	1.000	1	0.000	-20.010
410	1.000	1	0.000	-18.531
412	1.000	1	0.000	-17.974
413	1.000	1	0.000	-31.180
416	1.000	1	0.000	-22.168
417	1.000	1	0.000	-44.674
420	1.000	1	0.000	-28.112
421	1.000	1	0.000	-35.475
422	1.000	1	0.000	-31.732
424	1.000	1	0.000	-35.794
426	1.000	1	0.000	-18.239
427	1.000	1	0.000	-7.890
428	1.000	1	0.000	-8.088
429	1.000	1	0.000	-55.559
430	1.000	1	0.000	-18.106
431	1.000	1	0.000	-45.900
432	1.000	1	0.000	-25.293
435	1.000	1	0.000	-23.816
441	1.000	1	0.000	-31.660
442	1.000	1	0.000	-16.924
446	1.000	1	0.000	-15.578
447	1.000	1	0.000	-20.959
448	1.000	1	0.000	-20.824
452	1.000	1	0.000	-40.892
456	1.000	1	0.000	-18.525
459	1.000	1	0.000	-49.003
460	1.000	1	0.000	-50.836
461	1.000	1	0.000	-10.853
463	1.000	1	0.000	-20.009
465	1.000	1	0.000	-19.562
468	1.000	1	0.000	-35.372
469	1.000	1	0.000	-50.316
471	1.000	1	0.000	-7.087
472	1.000	1	0.000	-20.256
473	1.000	1	0.000	-35.301
477	1.000	1	0.000	-33.384
479	1.000	1	0.000	-11.389
483	1.000	1	0.000	-26.386
484	1.000	1	0.000	-8.844
485	1.000	1	0.000	-20.137
486	1.000	1	0.000	-14.675
488	1.000	1	0.000	-35.353
490	1.000	1	0.000	-16.589
493	1.000	1	0.000	-19.531
494	1.000	1	0.000	-27.106
495	1.000	1	0.000	-29.589
496	1.000	1	0.000	-12.045
497	1.000	1	0.000	-22.749
498	1.000	1	0.000	-8.938
500	1.000	1	0.000	-25.829
501	1.000	1	0.000	-30.695
502	1.000	1	0.000	-43.808
504	1.000	1	0.000	-21.742
512	1.000	1	0.000	-16.593
516	1.000	1	0.000	-7.986
517	1.000	1	0.000	-24.171
518	1.000	1	0.000	-27.009
519	1.000	1	0.000	-20.426
525	1.000	1	0.000	-39.531
529	1.000	1	0.000	-34.039
531	1.000	1	0.000	-14.010
532	1.000	1	0.000	-14.222
534	1.000	1	0.000	-30.745
535	1.000	1	0.000	-33.078
536	1.000	1	0.000	-10.896
542	1.000	1	0.000	-49.739
546	1.000	1	0.000	-12.170
553	1.000	1	0.000	-20.622
554	1.000	1	0.000	-29.252
555	1.000	1	0.000	-6.962
556	1.000	1	0.000	-19.684
558	1.000	1	0.000	-28.810
559	1.000	1	0.000	-16.017
560	1.000	1	0.000	-15.184
561	1.000	1	0.000	-20.034
564	1.000	1	0.000	-22.253