# Omega fit to each site after fixing tree and and all other parameters.
# Not using '--omegabysite_fixsyn', so we fit a synonymous rate for each site. This means we compare fitting omega and a synonymous rate to fitting just a synonymous rate.
# Fits compared to null model of omega = 1.000; P-values NOT corrected for multiple testing.
#
# site	omega	P	dLnL
429	0.001	2.43e-08	15.560
147	0.001	4.72e-08	14.913
353	0.001	7.46e-08	14.471
55	0.001	5.07e-07	12.618
355	0.001	4.03e-06	10.626
27	0.001	4.97e-06	10.425
37	0.001	8.24e-06	9.940
478	0.001	9.5e-06	9.805
453	0.001	9.72e-06	9.783
334	0.001	1.15e-05	9.619
378	0.001	1.26e-05	9.533
362	0.001	1.27e-05	9.526
62	0.001	1.28e-05	9.523
473	0.001	1.73e-05	9.231
190	0.001	1.77e-05	9.209
109	0.001	1.92e-05	9.131
346	0.001	1.99e-05	9.100
236	0.001	2.13e-05	9.035
305	0.001	2.31e-05	8.956
115	0.001	3.79e-05	8.488
395	0.001	3.79e-05	8.487
25	0.001	4.97e-05	8.230
270	0.001	5.45e-05	8.142
23	0.001	6.11e-05	8.034
367	0.001	6.43e-05	7.985
304	0.001	8.93e-05	7.675
342	0.001	9.32e-05	7.635
350	0.001	9.65e-05	7.602
309	0.001	0.000107	7.506
366	0.001	0.000146	7.212
554	0.001	0.000149	7.190
423	0.001	0.000159	7.132
415	0.001	0.00019	6.965
207	0.001	0.000203	6.903
328	0.046	0.000219	6.831
549	0.041	0.000229	6.788
501	0.001	0.000236	6.761
116	0.001	0.000251	6.701
283	0.001	0.000257	6.681
371	0.104	0.000287	6.576
316	0.001	0.000296	6.548
58	0.001	0.0003	6.536
131	0.001	0.000312	6.497
358	0.001	0.000368	6.345
138	0.001	0.000388	6.294
104	0.001	0.000394	6.281
36	0.001	0.000412	6.238
267	0.107	0.000428	6.203
227	0.001	0.000433	6.193
238	0.001	0.000449	6.158
481	0.001	0.000484	6.088
493	0.001	0.000511	6.037
306	0.001	0.000512	6.036
351	0.001	0.000518	6.025
534	0.001	0.000549	5.971
437	0.001	0.000554	5.961
321	0.001	0.000566	5.942
448	0.001	0.000589	5.905
257	0.001	0.000627	5.847
406	0.001	0.000637	5.832
338	0.001	0.000648	5.817
295	0.001	0.000661	5.798
476	0.001	0.000688	5.761
506	0.098	0.000698	5.747
393	0.001	0.000706	5.737
519	0.001	0.000707	5.736
151	0.001	0.000709	5.733
320	0.001	0.000788	5.635
517	0.001	0.000793	5.629
452	0.055	0.000823	5.595
214	0.001	0.000837	5.579
375	0.001	0.000838	5.578
240	0.001	0.00085	5.565
133	0.001	0.000856	5.558
503	0.001	0.000861	5.552
483	0.001	0.000908	5.503
280	0.001	0.000909	5.502
335	0.001	0.000993	5.420
416	0.001	0.00106	5.360
550	0.001	0.00106	5.359
300	0.001	0.00119	5.251
169	0.131	0.00128	5.189
173	0.001	0.0013	5.168
54	0.061	0.00136	5.126
507	0.001	0.00137	5.124
354	0.001	0.00139	5.110
179	0.001	0.00143	5.082
97	0.001	0.00145	5.070
159	0.055	0.00147	5.056
49	0.001	0.00154	5.015
80	0.001	0.00155	5.010
509	0.063	0.00159	4.986
290	0.001	0.0016	4.978
167	0.144	0.00169	4.932
387	0.001	0.00171	4.920
281	0.001	0.00173	4.907
327	0.001	0.00176	4.893
71	0.001	0.00177	4.888
216	0.001	0.00179	4.878
297	0.001	0.00181	4.865
182	0.001	0.00183	4.856
485	0.001	0.00183	4.855
349	0.001	0.00184	4.853
518	0.001	0.00185	4.845
430	0.001	0.00186	4.842
22	0.001	0.00187	4.835
184	0.102	0.00191	4.817
75	0.001	0.00196	4.795
422	0.001	0.00206	4.748
425	0.001	0.0021	4.731
195	0.001	0.00224	4.672
502	0.088	0.00225	4.669
341	0.001	0.00232	4.639
468	0.001	0.00232	4.638
477	0.061	0.00234	4.631
377	0.001	0.00246	4.584
93	0.001	0.0026	4.533
564	0.001	0.00263	4.526
467	0.001	0.00263	4.525
241	0.001	0.00284	4.455
553	0.001	0.00288	4.441
504	0.001	0.00294	4.424
39	0.001	0.00295	4.420
510	0.001	0.00305	4.390
64	0.001	0.00311	4.370
379	0.001	0.00312	4.367
400	0.001	0.00313	4.365
146	0.001	0.00316	4.357
68	0.001	0.00325	4.332
455	0.068	0.00333	4.308
418	0.001	0.00346	4.272
333	0.001	0.00357	4.245
44	0.001	0.00358	4.242
41	0.001	0.00366	4.222
454	0.001	0.00369	4.216
441	0.001	0.00377	4.196
9	0.098	0.00378	4.193
119	0.001	0.00379	4.191
28	0.001	0.00387	4.173
492	0.001	0.00388	4.169
538	0.001	0.00395	4.153
322	0.001	0.004	4.143
78	0.001	0.00423	4.091
247	0.001	0.00424	4.089
435	0.001	0.00425	4.088
514	0.163	0.00449	4.037
470	0.001	0.0045	4.036
500	0.063	0.00458	4.019
230	0.064	0.00474	3.987
412	0.001	0.0049	3.958
287	0.158	0.00492	3.955
432	0.066	0.00536	3.877
81	0.001	0.00551	3.852
278	0.001	0.00572	3.819
409	0.001	0.00575	3.814
269	0.001	0.00606	3.766
251	0.001	0.00617	3.750
60	0.001	0.00641	3.715
540	0.001	0.0065	3.703
47	0.001	0.00673	3.672
458	0.101	0.00677	3.666
31	0.001	0.00706	3.629
74	0.001	0.0072	3.611
57	0.001	0.00723	3.607
464	0.073	0.00724	3.607
404	0.001	0.00742	3.584
394	0.001	0.00747	3.579
79	0.001	0.00765	3.556
426	0.001	0.00782	3.537
344	0.001	0.00795	3.522
242	0.046	0.00798	3.518
148	0.097	0.00817	3.498
46	0.001	0.0082	3.495
462	0.001	0.00821	3.494
497	0.001	0.00825	3.489
274	0.001	0.00826	3.488
368	0.001	0.00854	3.459
66	0.001	0.00856	3.456
384	0.001	0.00877	3.434
315	0.001	0.0095	3.363
319	0.001	0.00959	3.354
294	0.001	0.00969	3.345
439	0.001	0.00978	3.338
486	0.001	0.00982	3.333
126	0.001	0.00994	3.323
234	0.141	0.01	3.313
29	0.001	0.0101	3.310
232	0.001	0.0101	3.309
312	0.001	0.0102	3.298
337	0.083	0.0102	3.296
513	0.128	0.0103	3.295
174	0.001	0.0103	3.290
279	0.083	0.0103	3.290
542	0.114	0.0103	3.287
101	0.130	0.0105	3.270
558	0.001	0.0105	3.270
311	0.001	0.0106	3.269
275	0.205	0.0109	3.239
451	0.001	0.011	3.232
48	0.001	0.0111	3.226
196	0.001	0.0112	3.219
457	0.001	0.0113	3.210
373	0.001	0.0114	3.198
411	0.001	0.0116	3.183
266	0.001	0.0117	3.180
369	0.001	0.0118	3.171
339	0.090	0.012	3.154
420	0.087	0.0122	3.141
318	0.001	0.0126	3.112
53	0.001	0.0128	3.097
459	0.180	0.014	3.021
83	0.001	0.0143	3.002
94	0.001	0.0143	2.999
128	0.001	0.0144	2.994
324	0.001	0.0144	2.994
408	0.001	0.0145	2.986
388	0.093	0.0149	2.965
446	0.001	0.0151	2.954
121	0.001	0.0152	2.946
248	0.001	0.0153	2.942
262	0.001	0.0153	2.942
541	0.001	0.0155	2.931
443	0.001	0.016	2.902
107	0.001	0.016	2.900
34	0.001	0.0163	2.886
235	0.100	0.0164	2.880
163	0.001	0.0165	2.876
127	0.080	0.0168	2.856
521	0.079	0.0171	2.845
130	0.001	0.0173	2.835
512	0.001	0.0174	2.828
520	0.001	0.0179	2.804
33	0.001	0.0179	2.803
482	0.001	0.018	2.800
91	0.001	0.0181	2.794
40	0.100	0.0181	2.793
26	0.001	0.0182	2.786
560	0.001	0.0192	2.740
16	0.084	0.0192	2.739
449	0.001	0.0198	2.717
197	0.001	0.0204	2.691
382	0.001	0.0204	2.690
372	0.001	0.0209	2.668
490	0.001	0.0215	2.642
162	0.087	0.0216	2.637
111	0.001	0.022	2.624
391	0.001	0.0221	2.618
120	0.106	0.0222	2.615
539	0.001	0.0224	2.609
129	0.211	0.0225	2.605
258	0.001	0.0229	2.588
180	0.001	0.0236	2.564
450	0.001	0.0236	2.560
137	0.246	0.0237	2.558
198	0.261	0.0243	2.538
307	0.092	0.0244	2.531
529	0.001	0.0253	2.503
499	0.001	0.0255	2.496
135	0.125	0.0255	2.494
263	0.001	0.0258	2.483
82	0.095	0.0262	2.471
557	0.001	0.0267	2.456
402	0.001	0.0286	2.395
511	0.001	0.0287	2.392
325	0.241	0.0298	2.360
124	0.120	0.03	2.355
381	0.119	0.0301	2.350
86	0.154	0.0302	2.349
189	0.001	0.0306	2.337
421	0.159	0.0307	2.336
215	0.102	0.0308	2.332
494	0.121	0.031	2.327
463	0.101	0.0312	2.321
221	0.001	0.0314	2.315
364	0.001	0.0333	2.265
532	0.001	0.0335	2.260
186	0.001	0.0344	2.238
118	0.107	0.0344	2.237
233	0.001	0.0349	2.226
436	0.001	0.0355	2.209
398	0.001	0.0357	2.207
472	0.001	0.0363	2.190
526	0.001	0.0379	2.155
386	0.001	0.039	2.131
347	0.001	0.039	2.130
183	0.283	0.0427	2.053
288	0.269	0.0428	2.052
155	0.246	0.0431	2.046
336	0.207	0.0447	2.015
556	0.001	0.0456	1.999
117	0.001	0.0468	1.976
535	999.000	0.0477	1.960
188	0.001	0.048	1.955
51	999.000	0.0495	1.928
208	0.256	0.05	1.920
289	0.163	0.0511	1.903
72	0.197	0.0546	1.847
308	0.001	0.0623	1.738
340	0.001	0.0649	1.703
3	999.000	0.0657	1.694
145	4.557	0.0659	1.691
445	0.001	0.0665	1.684
106	0.001	0.0679	1.666
108	0.001	0.0693	1.650
332	0.001	0.0696	1.646
537	0.001	0.07	1.641
181	0.218	0.0702	1.639
407	0.189	0.0705	1.635
447	0.114	0.0708	1.632
559	0.001	0.071	1.630
261	0.001	0.0713	1.627
345	0.001	0.0733	1.604
211	0.118	0.0737	1.599
259	0.001	0.0765	1.569
547	0.001	0.0768	1.566
50	0.001	0.0784	1.549
272	0.257	0.0789	1.544
10	999.000	0.08	1.533
390	0.157	0.0826	1.507
284	0.201	0.0826	1.507
563	0.001	0.0826	1.506
433	999.000	0.0827	1.505
370	0.001	0.0869	1.465
56	0.001	0.0872	1.462
479	0.001	0.0883	1.453
98	0.209	0.089	1.446
331	0.001	0.0892	1.445
299	0.001	0.0895	1.441
296	0.001	0.0906	1.432
383	0.001	0.0914	1.425
310	0.180	0.0935	1.406
203	0.001	0.0965	1.381
8	0.205	0.0973	1.374
360	0.196	0.0982	1.367
217	0.253	0.0982	1.367
35	999.000	0.1	1.353
399	0.001	0.1	1.350
252	0.142	0.102	1.339
253	0.001	0.103	1.328
438	0.001	0.105	1.315
30	0.001	0.106	1.310
141	0.348	0.106	1.310
326	0.144	0.106	1.310
17	0.001	0.106	1.307
225	0.001	0.107	1.299
405	0.001	0.107	1.298
277	0.361	0.112	1.263
461	0.001	0.113	1.259
220	0.325	0.115	1.245
343	0.001	0.115	1.239
32	0.001	0.117	1.226
264	0.273	0.118	1.225
45	0.001	0.118	1.225
392	0.001	0.118	1.220
244	0.001	0.122	1.198
42	0.001	0.122	1.194
123	0.161	0.126	1.173
414	999.000	0.126	1.168
122	0.164	0.129	1.153
140	0.001	0.136	1.112
440	0.248	0.138	1.102
143	2.924	0.139	1.096
505	0.177	0.146	1.058
5	0.313	0.148	1.049
166	0.354	0.15	1.038
444	0.001	0.151	1.029
544	0.001	0.157	1.001
265	0.408	0.159	0.991
237	2.620	0.163	0.975
531	0.001	0.167	0.956
291	0.362	0.167	0.954
19	0.282	0.167	0.954
292	0.372	0.172	0.933
95	0.199	0.175	0.921
303	0.294	0.179	0.901
276	3.355	0.184	0.882
69	0.210	0.187	0.871
96	0.302	0.189	0.864
77	0.473	0.189	0.863
193	0.216	0.196	0.837
256	999.000	0.2	0.821
89	3.261	0.201	0.818
67	0.266	0.205	0.802
515	0.147	0.206	0.800
14	999.000	0.209	0.790
191	0.283	0.213	0.774
465	999.000	0.23	0.720
385	0.290	0.235	0.705
176	0.283	0.238	0.695
171	0.485	0.244	0.679
249	0.467	0.246	0.672
100	0.376	0.247	0.671
286	0.470	0.258	0.639
13	0.450	0.27	0.608
99	0.399	0.273	0.600
144	0.593	0.275	0.595
52	0.418	0.277	0.592
431	0.442	0.283	0.577
489	0.426	0.287	0.568
466	2.773	0.289	0.562
222	2.709	0.316	0.503
548	999.000	0.322	0.491
298	0.537	0.322	0.490
561	0.231	0.322	0.490
2	999.000	0.327	0.480
7	0.368	0.332	0.470
245	0.316	0.333	0.470
224	0.485	0.345	0.446
142	0.251	0.349	0.439
156	2.409	0.356	0.425
158	0.500	0.371	0.401
160	27.354	0.378	0.389
243	999.000	0.388	0.373
185	1.650	0.388	0.373
396	999.000	0.404	0.349
212	0.428	0.406	0.346
456	0.296	0.406	0.345
105	0.530	0.406	0.345
410	0.298	0.409	0.341
314	0.304	0.415	0.332
88	0.541	0.423	0.321
85	1.797	0.426	0.317
525	0.515	0.426	0.316
73	0.445	0.428	0.313
12	2.174	0.43	0.311
59	2.230	0.432	0.309
403	0.551	0.436	0.303
469	0.581	0.437	0.302
61	0.601	0.443	0.295
522	999.000	0.447	0.289
161	0.497	0.451	0.284
389	0.585	0.457	0.277
164	0.523	0.459	0.274
508	999.000	0.46	0.274
201	1.535	0.46	0.273
250	0.494	0.461	0.272
202	0.623	0.462	0.271
374	0.345	0.464	0.268
357	0.348	0.467	0.265
496	999.000	0.467	0.264
460	0.556	0.473	0.258
475	0.505	0.475	0.255
317	0.357	0.478	0.252
271	999.000	0.493	0.235
218	0.525	0.498	0.230
152	0.596	0.51	0.217
187	999.000	0.514	0.213
136	0.623	0.516	0.211
285	0.559	0.522	0.205
376	0.401	0.528	0.200
4	1.777	0.528	0.199
11	0.565	0.53	0.197
205	0.678	0.547	0.181
528	0.434	0.562	0.168
352	0.435	0.563	0.167
424	0.592	0.567	0.164
442	0.442	0.57	0.161
15	1.788	0.571	0.161
268	0.588	0.577	0.156
488	0.604	0.578	0.155
397	0.657	0.578	0.155
177	1.519	0.585	0.149
282	1.517	0.612	0.129
293	1.419	0.616	0.126
63	0.613	0.618	0.124
413	0.639	0.634	0.113
154	0.736	0.636	0.112
102	0.718	0.664	0.095
301	999.000	0.675	0.088
21	999.000	0.676	0.087
70	0.586	0.676	0.087
132	999.000	0.677	0.087
487	0.619	0.706	0.071
153	0.731	0.721	0.064
254	0.636	0.721	0.064
178	1.263	0.73	0.060
419	999.000	0.732	0.058
84	0.663	0.734	0.058
168	1.298	0.75	0.051
204	0.787	0.751	0.050
87	0.817	0.751	0.050
125	0.674	0.755	0.049
323	0.802	0.764	0.045
524	0.800	0.765	0.045
1	1.293	0.766	0.044
523	3.505	0.809	0.029
6	0.832	0.812	0.028
330	1.308	0.813	0.028
226	0.836	0.82	0.026
157	1.193	0.827	0.024
170	0.864	0.831	0.023
199	0.823	0.834	0.022
210	1.247	0.838	0.021
38	0.755	0.844	0.019
527	0.759	0.847	0.019
260	0.790	0.85	0.018
110	0.805	0.856	0.017
194	0.859	0.863	0.015
165	508.632	0.869	0.014
175	0.900	0.871	0.013
329	999.000	0.875	0.012
495	1.191	0.875	0.012
90	0.890	0.89	0.010
273	1.115	0.893	0.009
380	0.895	0.9	0.008
172	0.858	0.902	0.008
206	0.905	0.914	0.006
359	999.000	0.916	0.006
231	1.063	0.927	0.004
209	0.901	0.93	0.004
200	1.095	0.931	0.004
149	1.069	0.934	0.003
112	1.057	0.94	0.003
223	0.947	0.941	0.003
239	1.055	0.947	0.002
150	1.075	0.948	0.002
313	1.041	0.957	0.001
417	1.021	0.98	0.000
113	1.007	0.994	0.000
401	0.303	1	0.000
491	0.303	1	0.000
552	0.303	1	0.000
229	0.306	1	0.000
255	0.306	1	0.000
562	0.306	1	0.000
228	0.327	1	0.000
474	0.327	1	0.000
76	0.301	1	0.000
92	0.301	1	0.000
139	0.301	1	0.000
192	0.301	1	0.000
246	0.301	1	0.000
356	0.301	1	0.000
363	0.301	1	0.000
434	0.301	1	0.000
551	0.301	1	0.000
24	0.310	1	0.000
20	0.313	1	0.000
361	0.319	1	0.000
427	0.319	1	0.000
428	0.319	1	0.000
516	0.319	1	0.000
545	1.705	1	0.000
65	0.310	1	0.000
480	0.315	1	0.000
103	0.341	1	0.000
471	0.341	1	0.000
555	0.341	1	0.000
546	1.717	1	0.000
18	0.337	1	0.000
43	0.337	1	0.000
219	0.349	1	0.000
533	0.349	1	0.000
543	1.715	1	0.000
365	0.382	1	0.000
484	0.332	1	0.000
302	1.829	1	0.000
530	1.717	1	0.000
348	1.836	1	0.000
536	1.718	1	0.000
498	1.780	1	0.000
134	1.717	1	0.000
114	1.111	1	-0.000
213	1.111	1	-0.000