# Omega fit to each site after fixing tree and and all other parameters.
# Not using '--omegabysite_fixsyn', so we fit a synonymous rate for each site. This means we compare fitting omega and a synonymous rate to fitting just a synonymous rate.
# Fits compared to null model of omega = 1.000; P-values NOT corrected for multiple testing.
#
# site	omega	P	dLnL
304	0.001	9.44e-06	9.810
514	0.063	2.43e-05	8.909
473	0.001	3e-05	8.708
342	0.001	6.05e-05	8.043
147	0.001	0.000149	7.189
388	0.025	0.000175	7.040
493	0.001	0.000369	6.341
519	0.001	0.000426	6.208
371	0.114	0.000476	6.105
167	0.131	0.000919	5.492
55	0.001	0.000953	5.458
74	0.001	0.00101	5.406
517	0.001	0.00103	5.383
341	0.001	0.00123	5.225
27	0.001	0.00126	5.201
367	0.001	0.0017	4.926
208	0.115	0.00191	4.818
455	0.060	0.00202	4.766
409	0.001	0.00238	4.615
41	0.001	0.00314	4.362
481	0.001	0.0034	4.289
305	0.001	0.00357	4.246
160	99.000	0.00363	4.229
238	0.001	0.00415	4.107
549	0.079	0.00444	4.046
267	0.175	0.00577	3.811
430	0.001	0.00612	3.758
230	0.070	0.00644	3.711
236	0.001	0.00724	3.606
429	0.001	0.00724	3.606
509	0.092	0.00751	3.573
137	0.192	0.00837	3.476
501	0.001	0.00892	3.419
227	0.001	0.00949	3.364
169	0.191	0.00971	3.344
395	0.001	0.00982	3.333
506	0.171	0.0102	3.304
9	0.128	0.0103	3.292
151	0.001	0.0104	3.283
64	0.001	0.0106	3.264
280	0.001	0.0107	3.261
393	0.001	0.0107	3.255
320	0.001	0.0112	3.218
275	0.208	0.0114	3.205
534	0.001	0.0117	3.181
483	0.001	0.0122	3.144
411	0.001	0.013	3.085
470	0.001	0.0133	3.066
478	0.001	0.0147	2.978
346	0.001	0.0153	2.939
554	0.001	0.0157	2.920
535	99.000	0.0158	2.915
503	0.001	0.0164	2.881
174	0.001	0.0166	2.871
284	0.105	0.0169	2.855
322	0.001	0.0172	2.839
518	0.001	0.0194	2.732
500	0.101	0.0196	2.726
37	0.001	0.0198	2.714
179	0.001	0.0201	2.701
336	0.165	0.0206	2.680
183	0.236	0.021	2.662
394	0.001	0.0211	2.661
111	0.001	0.0212	2.655
492	0.001	0.0214	2.646
550	0.001	0.0215	2.642
408	0.001	0.0218	2.630
338	0.001	0.0237	2.557
270	0.001	0.0242	2.540
432	0.109	0.0248	2.519
366	0.001	0.0249	2.514
3	99.000	0.0251	2.510
36	0.001	0.0254	2.500
257	0.001	0.0254	2.498
51	99.000	0.0259	2.482
375	0.001	0.0269	2.449
387	0.001	0.0279	2.419
510	0.001	0.0281	2.411
138	0.001	0.0287	2.393
404	0.001	0.0299	2.357
454	0.001	0.0299	2.357
423	0.001	0.0302	2.348
358	0.001	0.031	2.325
207	0.001	0.0313	2.318
507	0.001	0.0318	2.305
406	0.001	0.0323	2.292
377	0.001	0.0326	2.282
540	0.001	0.0342	2.243
287	0.252	0.0345	2.235
433	99.000	0.0357	2.205
467	0.001	0.0365	2.186
468	0.001	0.0371	2.173
309	0.001	0.0375	2.164
504	0.001	0.0387	2.136
291	0.220	0.0389	2.132
452	0.148	0.039	2.131
351	0.001	0.0401	2.108
62	0.001	0.0403	2.102
149	4.485	0.0413	2.081
339	0.137	0.0414	2.079
453	0.001	0.042	2.067
321	0.001	0.0433	2.041
25	0.001	0.0441	2.027
485	0.001	0.0448	2.013
511	0.001	0.0448	2.012
564	0.001	0.0451	2.008
190	0.001	0.0452	2.005
211	0.090	0.0454	2.002
116	0.001	0.0472	1.969
272	0.220	0.0475	1.964
145	5.115	0.0486	1.944
47	0.001	0.0504	1.914
235	0.149	0.0505	1.913
115	0.001	0.0516	1.895
448	0.001	0.052	1.888
46	0.001	0.0523	1.883
171	0.294	0.0525	1.880
80	0.001	0.0541	1.854
407	0.169	0.0545	1.848
542	0.185	0.0549	1.842
4	6.074	0.0563	1.821
131	0.001	0.0568	1.815
315	0.001	0.0575	1.803
206	5.918	0.0583	1.792
416	0.001	0.0584	1.792
127	0.137	0.0596	1.774
381	0.154	0.0602	1.766
221	0.001	0.0621	1.740
216	0.001	0.0631	1.727
553	0.001	0.0641	1.714
247	0.001	0.0646	1.707
289	0.182	0.0658	1.692
233	0.001	0.0662	1.687
497	0.001	0.0674	1.673
415	0.001	0.0696	1.646
379	0.001	0.0705	1.636
400	0.001	0.0711	1.629
91	0.001	0.0714	1.626
425	0.001	0.0715	1.624
240	0.001	0.0723	1.615
538	0.001	0.0727	1.610
146	0.001	0.0735	1.602
196	0.001	0.076	1.574
10	99.000	0.0762	1.572
23	0.001	0.0766	1.567
290	0.001	0.0769	1.564
462	0.001	0.0773	1.560
368	0.001	0.0787	1.546
502	0.244	0.0788	1.545
369	0.001	0.0792	1.540
441	0.001	0.0832	1.501
521	0.157	0.0845	1.488
344	0.001	0.0863	1.471
539	0.001	0.0868	1.466
437	0.001	0.0879	1.456
173	0.001	0.0886	1.450
59	5.050	0.0895	1.441
297	0.001	0.0897	1.440
298	0.347	0.0912	1.426
87	0.328	0.0926	1.414
418	0.001	0.0944	1.399
39	0.001	0.0946	1.398
402	0.001	0.0958	1.387
195	0.001	0.0961	1.385
44	0.001	0.0969	1.378
181	0.249	0.0982	1.367
54	0.202	0.0995	1.357
281	0.001	0.0997	1.355
52	0.259	0.0998	1.354
391	0.001	0.0999	1.354
520	0.001	0.101	1.346
278	0.001	0.105	1.315
60	0.001	0.105	1.310
251	0.001	0.107	1.298
457	0.001	0.111	1.269
277	0.362	0.112	1.266
274	0.001	0.112	1.262
451	0.001	0.113	1.259
353	0.001	0.113	1.256
67	0.186	0.114	1.251
109	0.001	0.115	1.242
217	0.270	0.116	1.238
144	0.481	0.116	1.236
283	0.001	0.117	1.227
104	0.001	0.118	1.223
460	4.708	0.12	1.208
532	0.001	0.122	1.199
237	2.844	0.124	1.185
334	0.001	0.124	1.181
84	5.849	0.125	1.174
354	0.001	0.127	1.167
458	0.281	0.127	1.167
234	0.306	0.128	1.156
486	0.001	0.13	1.148
14	99.000	0.131	1.140
312	0.001	0.132	1.132
389	0.335	0.134	1.125
412	0.001	0.134	1.123
225	0.001	0.14	1.089
215	0.207	0.14	1.087
463	0.203	0.141	1.082
526	0.001	0.146	1.059
335	0.001	0.146	1.058
436	0.001	0.147	1.052
126	0.001	0.149	1.043
29	0.001	0.149	1.041
143	0.385	0.15	1.037
556	0.001	0.15	1.034
72	0.293	0.151	1.030
350	0.001	0.151	1.030
124	0.236	0.151	1.029
512	0.001	0.152	1.028
396	99.000	0.152	1.024
253	0.001	0.153	1.021
256	99.000	0.153	1.019
58	0.001	0.156	1.006
316	0.001	0.157	1.001
295	0.001	0.159	0.993
2	99.000	0.159	0.991
97	0.001	0.161	0.984
464	0.240	0.165	0.966
349	0.001	0.165	0.962
31	0.001	0.167	0.957
186	0.001	0.167	0.956
154	0.401	0.172	0.931
214	0.001	0.173	0.926
311	0.001	0.174	0.925
182	0.001	0.174	0.924
318	0.001	0.175	0.921
522	99.000	0.175	0.920
40	0.255	0.177	0.912
333	0.001	0.178	0.906
548	99.000	0.179	0.901
499	0.001	0.179	0.901
218	3.467	0.181	0.893
332	0.001	0.182	0.892
378	0.001	0.182	0.889
248	0.001	0.184	0.882
398	0.001	0.185	0.878
382	0.001	0.188	0.866
476	0.001	0.19	0.858
300	0.001	0.192	0.852
66	0.001	0.193	0.847
48	0.001	0.193	0.847
405	0.001	0.194	0.843
82	0.246	0.195	0.838
180	0.001	0.197	0.831
22	0.001	0.199	0.825
360	0.294	0.201	0.818
340	0.001	0.205	0.803
276	3.191	0.205	0.802
488	0.300	0.206	0.800
541	0.001	0.207	0.797
242	0.264	0.209	0.790
33	0.001	0.209	0.789
362	0.001	0.211	0.782
422	0.001	0.211	0.781
243	99.000	0.212	0.779
93	0.001	0.212	0.779
490	0.001	0.215	0.769
210	3.444	0.215	0.769
560	0.001	0.215	0.768
32	0.001	0.216	0.764
30	0.001	0.217	0.761
294	0.001	0.217	0.761
75	0.001	0.221	0.750
355	0.001	0.222	0.746
558	0.001	0.223	0.742
26	0.001	0.224	0.740
482	0.001	0.227	0.731
85	2.335	0.234	0.708
133	0.001	0.234	0.707
439	0.001	0.234	0.707
71	0.001	0.238	0.697
128	0.001	0.238	0.696
459	0.425	0.24	0.691
12	3.050	0.24	0.691
327	0.001	0.241	0.688
99	0.374	0.242	0.686
101	0.387	0.243	0.681
399	0.001	0.245	0.674
557	0.001	0.247	0.671
444	0.001	0.248	0.669
150	3.260	0.251	0.660
426	0.001	0.254	0.652
258	0.001	0.255	0.649
414	99.000	0.255	0.647
118	0.292	0.256	0.646
163	0.001	0.257	0.644
188	0.001	0.259	0.638
465	99.000	0.26	0.636
435	0.001	0.26	0.634
50	0.001	0.261	0.633
130	0.001	0.261	0.632
119	0.001	0.261	0.631
269	0.001	0.263	0.626
244	0.001	0.263	0.625
531	0.001	0.267	0.616
324	0.001	0.267	0.615
57	0.001	0.268	0.615
187	99.000	0.269	0.612
385	0.316	0.269	0.611
438	0.001	0.269	0.610
78	0.001	0.27	0.607
53	0.001	0.271	0.606
28	0.001	0.273	0.601
446	0.001	0.275	0.597
508	99.000	0.276	0.592
386	0.001	0.28	0.584
81	0.001	0.28	0.583
107	0.001	0.281	0.581
559	0.001	0.282	0.579
68	0.001	0.284	0.575
306	0.001	0.284	0.575
132	99.000	0.285	0.572
220	0.472	0.286	0.570
443	0.001	0.286	0.570
263	0.001	0.286	0.569
252	0.283	0.287	0.566
89	2.704	0.289	0.562
241	0.001	0.293	0.552
156	2.455	0.294	0.551
5	0.430	0.296	0.546
384	0.001	0.305	0.525
49	0.001	0.311	0.513
261	0.001	0.312	0.512
140	0.001	0.32	0.495
185	1.773	0.32	0.494
537	0.001	0.321	0.493
122	0.309	0.326	0.483
424	2.371	0.333	0.469
319	0.001	0.334	0.467
450	0.001	0.334	0.466
372	0.001	0.335	0.465
129	2.068	0.339	0.456
21	99.000	0.342	0.452
373	0.001	0.343	0.450
90	0.431	0.344	0.447
105	0.484	0.345	0.446
56	0.001	0.345	0.446
110	2.852	0.345	0.446
259	0.001	0.345	0.445
466	2.492	0.346	0.444
449	0.001	0.347	0.443
94	0.001	0.348	0.440
288	0.551	0.349	0.438
397	1.991	0.353	0.431
479	0.001	0.353	0.430
392	0.001	0.355	0.427
262	0.001	0.356	0.426
170	1.844	0.357	0.424
35	99.000	0.359	0.421
563	0.001	0.359	0.421
148	0.403	0.36	0.419
345	0.001	0.361	0.417
496	99.000	0.363	0.414
45	0.001	0.368	0.405
88	0.502	0.37	0.401
303	0.444	0.374	0.396
34	0.001	0.375	0.394
121	0.001	0.377	0.390
461	0.001	0.377	0.390
42	0.001	0.379	0.386
376	3.828	0.382	0.382
112	1.888	0.383	0.380
421	0.466	0.386	0.376
529	0.001	0.388	0.373
301	99.000	0.388	0.372
475	0.437	0.389	0.371
184	0.498	0.39	0.369
83	0.001	0.395	0.362
442	3.535	0.395	0.362
472	0.001	0.395	0.362
189	0.001	0.397	0.359
271	99.000	0.399	0.356
494	0.412	0.401	0.353
198	0.606	0.401	0.353
330	2.486	0.405	0.347
155	0.564	0.405	0.347
445	0.001	0.406	0.346
232	0.001	0.407	0.344
477	0.414	0.413	0.335
347	0.001	0.417	0.330
108	0.001	0.418	0.328
102	0.539	0.418	0.328
61	0.589	0.424	0.320
98	0.480	0.424	0.320
79	0.001	0.424	0.319
364	0.001	0.425	0.319
390	0.413	0.428	0.314
374	3.203	0.431	0.309
544	0.001	0.434	0.306
69	0.394	0.434	0.305
177	1.784	0.445	0.292
100	0.526	0.448	0.288
197	0.001	0.448	0.287
420	0.442	0.455	0.280
117	0.001	0.457	0.277
245	0.411	0.457	0.276
17	0.001	0.462	0.271
524	0.573	0.462	0.270
1	1.854	0.463	0.270
331	0.001	0.474	0.256
417	1.761	0.476	0.254
299	0.001	0.478	0.252
106	0.001	0.485	0.244
370	0.001	0.487	0.242
135	0.481	0.49	0.238
203	0.001	0.491	0.237
282	1.741	0.492	0.237
310	0.513	0.494	0.234
525	0.566	0.494	0.234
202	0.650	0.5	0.227
403	0.597	0.5	0.227
212	0.506	0.503	0.225
279	0.488	0.505	0.222
268	1.861	0.508	0.219
266	0.001	0.509	0.218
223	1.613	0.517	0.210
165	99.000	0.518	0.209
296	0.001	0.522	0.205
201	1.445	0.523	0.204
204	0.618	0.527	0.200
194	1.709	0.533	0.194
431	1.716	0.536	0.192
260	2.095	0.538	0.190
254	2.073	0.546	0.182
456	2.434	0.547	0.181
7	2.084	0.554	0.175
308	0.001	0.557	0.172
96	0.586	0.558	0.172
286	0.682	0.561	0.169
343	0.001	0.563	0.167
178	1.466	0.565	0.166
329	99.000	0.571	0.160
383	0.001	0.574	0.158
410	2.219	0.588	0.146
205	0.708	0.59	0.146
172	1.905	0.591	0.144
326	0.523	0.598	0.139
513	0.634	0.599	0.138
547	0.001	0.601	0.137
11	0.626	0.605	0.134
123	1.980	0.605	0.134
141	1.409	0.608	0.132
73	0.596	0.611	0.129
168	1.503	0.614	0.127
328	0.577	0.62	0.123
136	1.408	0.627	0.118
159	0.596	0.642	0.108
142	0.514	0.644	0.107
15	0.599	0.658	0.098
325	0.751	0.658	0.098
158	1.398	0.659	0.097
273	1.408	0.666	0.093
264	0.701	0.669	0.091
166	1.426	0.67	0.091
222	1.556	0.671	0.090
77	0.800	0.695	0.077
380	1.397	0.7	0.074
231	1.286	0.705	0.072
419	99.000	0.722	0.063
6	1.310	0.725	0.062
113	1.320	0.734	0.058
200	0.699	0.737	0.056
249	0.805	0.738	0.056
440	1.461	0.746	0.052
209	0.683	0.752	0.050
199	0.753	0.761	0.046
413	1.323	0.763	0.045
224	0.805	0.773	0.042
528	1.507	0.775	0.041
239	1.243	0.783	0.038
527	1.476	0.785	0.037
495	1.346	0.788	0.036
157	0.803	0.791	0.035
120	0.746	0.796	0.034
191	0.766	0.81	0.029
523	1.934	0.819	0.026
359	99.000	0.821	0.026
13	0.852	0.821	0.025
86	1.261	0.824	0.025
313	1.176	0.826	0.024
352	1.372	0.826	0.024
307	0.771	0.826	0.024
285	0.829	0.833	0.022
561	0.745	0.837	0.021
19	0.846	0.857	0.016
293	1.134	0.858	0.016
152	1.145	0.86	0.016
487	1.240	0.861	0.015
95	0.806	0.863	0.015
38	0.783	0.863	0.015
505	0.810	0.864	0.015
162	1.240	0.867	0.014
323	1.124	0.871	0.013
8	0.836	0.871	0.013
16	0.828	0.873	0.013
265	1.101	0.878	0.012
337	1.191	0.88	0.011
161	0.876	0.882	0.011
176	1.183	0.886	0.010
292	1.102	0.898	0.008
317	1.194	0.901	0.008
175	1.064	0.923	0.005
164	0.928	0.927	0.004
250	1.085	0.93	0.004
447	1.105	0.938	0.003
469	1.054	0.94	0.003
193	1.097	0.941	0.003
515	1.075	0.961	0.001
70	0.941	0.962	0.001
63	1.043	0.968	0.001
314	0.950	0.971	0.001
153	1.019	0.982	0.000
125	1.023	0.985	0.000
489	0.990	0.99	0.000
357	0.983	0.991	0.000
226	1.007	0.993	0.000
498	0.008	1	0.000
516	0.132	1	0.000
401	0.217	1	0.000
255	0.085	1	0.000
546	2.404	1	0.000
545	3.259	1	0.000
480	0.018	1	0.000
562	0.107	1	0.000
491	0.272	1	0.000
43	2.833	1	0.000
552	0.219	1	0.000
65	2.054	1	0.000
543	2.475	1	0.000
530	1.859	1	0.000
365	2.101	1	0.000
533	1.949	1	0.000
134	1.943	1	0.000
229	0.290	1	0.000
484	1.995	1	0.000
356	0.266	1	0.000
555	0.168	1	0.000
427	1.857	1	0.000
536	1.967	1	0.000
428	1.843	1	0.000
20	1.950	1	0.000
18	1.875	1	0.000
471	1.949	1	0.000
76	0.291	1	0.000
114	1.836	1	0.000
302	1.911	1	0.000
139	0.160	1	0.000
92	0.191	1	0.000
361	1.877	1	0.000
474	1.937	1	0.000
192	0.141	1	0.000
551	0.274	1	0.000
24	3.228	1	0.000
363	0.242	1	0.000
213	1.796	1	0.000
348	1.853	1	0.000
246	0.276	1	0.000
228	2.116	1	0.000
103	0.660	1	-0.000
219	0.001	1	-0.000
434	0.282	1	-0.000