# Stringency fit to each site after fixing tree and and all other parameters.
# Fits compared to null model of stringency = 1.520 (the overall gene value).
# P-values NOT corrected for multiple testing.
# The stringency ratio is the ratio of the fitted value to the null (overall gene value).
#
# site	stringency_ratio	P	dLnL	LnL_fixed
341	0.066	6.65e-09	16.817	-42.633
414	0.066	1.12e-05	9.649	-42.641
222	0.066	0.000133	7.302	-49.375
74	0.066	0.000166	7.092	-32.065
127	0.066	0.000862	5.552	-30.671
174	0.066	0.00169	4.930	-20.880
152	0.066	0.00175	4.896	-43.815
149	0.066	0.00281	4.463	-63.795
367	6.580	0.00335	4.302	-22.669
389	0.066	0.00359	4.240	-56.489
35	0.402	0.00395	4.153	-36.999
217	0.066	0.00465	4.005	-41.328
63	0.066	0.00481	3.974	-48.964
185	0.066	0.00545	3.862	-75.785
417	0.066	0.00563	3.833	-45.866
488	0.433	0.00658	3.691	-36.877
501	6.580	0.00662	3.686	-29.922
272	0.359	0.00769	3.552	-51.388
177	0.066	0.00793	3.525	-67.335
99	0.231	0.00857	3.455	-37.728
346	6.580	0.0089	3.422	-29.886
478	6.580	0.00898	3.413	-42.073
525	0.066	0.0106	3.265	-42.365
481	6.580	0.0108	3.247	-20.116
291	0.066	0.0117	3.181	-51.502
165	2.151	0.0118	3.169	-12.962
498	0.066	0.0123	3.133	-12.126
401	6.580	0.0125	3.120	-3.493
429	6.580	0.0154	2.934	-51.623
157	0.066	0.0158	2.911	-57.501
304	6.580	0.0159	2.908	-25.893
496	0.066	0.0164	2.879	-14.984
238	6.580	0.0166	2.869	-19.326
77	0.066	0.0166	2.867	-76.961
395	6.580	0.0171	2.842	-28.369
353	6.580	0.0187	2.764	-33.070
51	0.066	0.019	2.752	-41.719
483	6.580	0.0194	2.732	-23.540
553	6.580	0.0213	2.651	-18.314
23	6.483	0.0219	2.629	-29.974
469	0.066	0.0221	2.619	-51.432
89	0.066	0.0227	2.597	-57.272
55	2.791	0.023	2.583	-43.560
208	0.066	0.0234	2.567	-50.152
115	6.580	0.0267	2.455	-27.438
201	0.066	0.0269	2.450	-92.574
219	0.066	0.0281	2.411	-10.920
141	1.883	0.0284	2.403	-52.417
476	6.580	0.0305	2.340	-23.275
256	0.084	0.0345	2.234	-31.734
4	0.066	0.035	2.224	-36.461
549	2.869	0.0351	2.220	-33.901
497	6.297	0.0385	2.141	-20.387
144	1.482	0.039	2.131	-146.039
129	0.265	0.0394	2.121	-59.689
305	5.644	0.0428	2.051	-40.760
393	6.580	0.0432	2.044	-19.495
453	5.768	0.0474	1.965	-24.526
377	6.580	0.0478	1.959	-21.557
371	2.924	0.0488	1.941	-50.973
270	6.580	0.0495	1.929	-26.891
524	0.352	0.0535	1.865	-46.279
14	0.302	0.0545	1.848	-25.247
537	6.580	0.0561	1.825	-10.006
109	6.580	0.0571	1.810	-30.870
485	6.580	0.0584	1.791	-19.592
423	6.580	0.0589	1.784	-25.140
62	6.580	0.0596	1.774	-29.629
156	0.066	0.0604	1.764	-58.078
330	0.467	0.0611	1.754	-29.103
181	0.066	0.0644	1.710	-41.771
175	0.066	0.0651	1.701	-71.345
41	0.066	0.0654	1.697	-25.784
534	6.580	0.0657	1.693	-27.890
131	6.580	0.0669	1.679	-17.744
281	6.580	0.0693	1.650	-27.351
205	0.066	0.07	1.642	-72.168
518	6.580	0.0716	1.622	-24.161
288	2.022	0.0726	1.611	-56.953
230	0.127	0.0734	1.603	-39.598
276	0.066	0.0737	1.600	-63.725
47	6.580	0.0743	1.593	-17.403
454	6.580	0.0759	1.575	-18.123
80	6.580	0.0763	1.571	-18.894
212	0.172	0.077	1.564	-30.868
286	2.851	0.0779	1.554	-57.876
309	6.580	0.0779	1.554	-23.522
462	6.580	0.0783	1.550	-17.704
375	6.580	0.08	1.532	-25.332
511	0.103	0.0805	1.527	-16.699
493	2.891	0.0813	1.520	-17.642
434	6.580	0.0821	1.512	-1.512
504	6.580	0.0835	1.497	-18.326
247	6.580	0.0844	1.489	-20.546
221	6.580	0.0851	1.483	-14.551
25	6.580	0.0856	1.478	-26.447
227	4.026	0.0857	1.477	-19.244
388	0.208	0.0883	1.452	-25.711
92	6.580	0.0886	1.450	-1.450
394	6.580	0.0908	1.430	-16.201
146	6.580	0.0919	1.421	-21.885
284	0.200	0.0926	1.414	-28.554
240	4.217	0.0933	1.409	-20.968
27	5.319	0.0934	1.408	-31.207
233	0.254	0.0939	1.403	-21.482
72	4.916	0.0942	1.401	-30.336
173	6.580	0.0979	1.370	-22.001
260	0.440	0.0981	1.368	-27.030
128	6.580	0.1	1.353	-12.356
491	6.343	0.103	1.327	-1.327
355	6.580	0.104	1.318	-30.438
366	5.203	0.107	1.298	-22.463
102	0.066	0.108	1.289	-45.331
139	6.580	0.109	1.285	-1.286
248	6.580	0.111	1.269	-23.970
167	2.087	0.111	1.268	-54.368
282	0.345	0.112	1.266	-45.072
451	2.313	0.112	1.261	-12.465
321	6.580	0.112	1.260	-19.514
140	6.580	0.115	1.244	-11.579
213	3.832	0.116	1.237	-5.538
278	6.580	0.117	1.231	-17.486
437	2.761	0.117	1.230	-20.544
322	6.580	0.118	1.225	-28.090
151	6.535	0.118	1.219	-18.516
58	5.527	0.119	1.216	-17.166
431	0.282	0.123	1.190	-46.648
342	6.580	0.123	1.188	-21.599
475	0.130	0.123	1.188	-36.450
166	0.459	0.126	1.171	-49.806
265	1.686	0.128	1.156	-50.238
192	6.580	0.134	1.123	-1.123
70	0.072	0.134	1.122	-24.233
368	3.410	0.134	1.121	-12.283
402	3.513	0.136	1.110	-10.558
137	1.835	0.137	1.105	-62.836
400	6.580	0.139	1.095	-20.661
470	3.109	0.141	1.081	-19.843
7	0.424	0.142	1.078	-31.666
300	6.580	0.142	1.076	-22.868
232	6.580	0.142	1.076	-13.561
430	6.580	0.142	1.076	-13.969
378	5.868	0.144	1.069	-42.472
329	2.582	0.147	1.054	-8.026
334	6.580	0.148	1.044	-31.666
415	6.580	0.148	1.044	-48.953
188	6.580	0.149	1.044	-13.992
76	6.580	0.149	1.039	-1.039
39	6.580	0.15	1.036	-15.886
153	0.341	0.15	1.035	-44.164
53	3.943	0.153	1.019	-11.502
161	0.397	0.155	1.013	-35.910
349	6.580	0.155	1.010	-18.693
42	2.189	0.156	1.005	-9.209
295	6.542	0.158	0.998	-21.482
85	0.066	0.158	0.998	-60.434
105	0.294	0.158	0.996	-49.399
507	2.565	0.16	0.988	-17.133
116	5.735	0.163	0.974	-22.630
363	6.580	0.164	0.968	-0.968
60	6.580	0.164	0.967	-31.181
362	5.550	0.165	0.965	-28.482
391	6.580	0.167	0.956	-12.783
517	0.105	0.168	0.951	-26.476
239	0.085	0.169	0.946	-62.119
133	5.666	0.171	0.938	-20.309
297	6.580	0.171	0.936	-21.625
548	0.535	0.172	0.932	-12.959
172	0.390	0.173	0.930	-25.030
171	0.591	0.173	0.927	-57.691
382	6.580	0.174	0.923	-15.968
207	4.847	0.179	0.903	-24.881
97	6.580	0.18	0.899	-15.799
241	6.580	0.18	0.897	-15.344
520	0.475	0.183	0.886	-30.986
269	6.580	0.184	0.884	-18.605
314	4.823	0.184	0.882	-14.852
121	6.580	0.185	0.879	-27.258
473	0.367	0.185	0.877	-38.029
458	1.686	0.186	0.874	-34.819
310	2.972	0.186	0.874	-29.116
263	6.580	0.187	0.872	-24.630
31	6.580	0.191	0.855	-19.837
251	6.580	0.192	0.849	-20.123
532	2.040	0.193	0.846	-11.172
150	2.284	0.195	0.838	-37.511
357	0.363	0.197	0.832	-19.798
182	6.580	0.197	0.832	-16.131
556	6.580	0.198	0.829	-16.115
452	1.529	0.199	0.826	-38.435
303	1.994	0.199	0.824	-30.219
514	2.242	0.2	0.822	-49.396
104	6.471	0.202	0.815	-22.393
306	6.580	0.205	0.803	-21.072
210	0.066	0.207	0.796	-45.250
344	6.580	0.207	0.795	-33.506
197	4.582	0.209	0.788	-14.965
516	3.157	0.214	0.774	-6.549
98	0.249	0.217	0.763	-35.959
253	2.917	0.218	0.760	-12.705
283	6.580	0.22	0.753	-24.228
340	6.580	0.224	0.740	-7.706
302	0.473	0.23	0.720	-8.008
255	3.520	0.233	0.711	-3.578
392	6.580	0.236	0.704	-10.149
195	5.574	0.243	0.680	-14.335
416	5.155	0.244	0.679	-17.817
186	6.580	0.244	0.678	-10.007
91	0.464	0.249	0.665	-16.831
438	6.580	0.251	0.659	-9.852
396	0.505	0.251	0.658	-15.267
550	2.920	0.252	0.656	-23.008
48	6.580	0.253	0.653	-24.766
93	2.801	0.254	0.651	-20.697
468	6.580	0.255	0.647	-32.664
224	0.536	0.255	0.647	-44.572
254	2.708	0.262	0.628	-21.802
408	3.351	0.264	0.624	-22.697
264	0.601	0.265	0.622	-36.605
345	1.998	0.267	0.616	-9.857
52	0.066	0.268	0.614	-41.697
160	0.667	0.268	0.613	-20.940
110	0.439	0.271	0.606	-30.864
22	5.188	0.271	0.605	-23.511
564	2.445	0.271	0.605	-20.207
403	0.209	0.273	0.601	-43.384
37	1.544	0.274	0.599	-29.609
298	2.072	0.275	0.596	-72.209
448	5.381	0.278	0.588	-17.238
164	0.468	0.279	0.586	-46.981
66	6.580	0.279	0.586	-30.000
274	6.142	0.28	0.584	-15.768
399	2.293	0.284	0.573	-8.118
350	6.580	0.284	0.573	-32.031
79	6.099	0.289	0.561	-15.945
425	6.140	0.291	0.558	-19.782
180	6.580	0.292	0.554	-11.462
10	0.627	0.294	0.551	-35.386
235	0.467	0.295	0.549	-36.315
356	4.710	0.296	0.546	-0.546
170	2.098	0.296	0.546	-70.423
480	2.032	0.3	0.538	-4.777
204	0.421	0.3	0.538	-50.413
280	1.907	0.302	0.534	-22.507
296	6.580	0.304	0.529	-8.859
457	6.580	0.308	0.521	-17.608
447	1.677	0.308	0.520	-17.634
422	6.570	0.308	0.519	-28.984
563	1.673	0.313	0.509	-7.231
258	1.742	0.315	0.506	-12.467
9	0.546	0.319	0.496	-42.171
246	5.991	0.322	0.491	-0.491
358	4.918	0.324	0.487	-19.498
387	1.846	0.324	0.486	-19.031
44	1.614	0.325	0.485	-14.274
73	2.325	0.328	0.479	-22.037
143	0.794	0.328	0.478	-124.519
472	3.815	0.33	0.474	-15.900
259	2.229	0.332	0.470	-12.263
49	6.531	0.334	0.467	-29.003
198	1.843	0.334	0.466	-60.692
455	0.208	0.335	0.465	-34.652
561	1.858	0.336	0.462	-17.835
285	0.409	0.339	0.458	-41.424
558	6.580	0.339	0.457	-25.938
215	0.381	0.34	0.456	-25.526
75	5.579	0.341	0.453	-19.527
86	0.671	0.342	0.452	-56.282
191	0.614	0.342	0.452	-33.382
279	1.610	0.342	0.451	-26.699
57	6.580	0.353	0.431	-31.639
335	4.624	0.355	0.427	-16.951
124	0.590	0.356	0.426	-30.538
460	0.637	0.357	0.424	-49.220
313	0.358	0.36	0.419	-43.939
78	6.580	0.361	0.417	-30.840
125	0.415	0.362	0.416	-25.451
242	1.337	0.362	0.415	-27.598
216	5.225	0.362	0.415	-19.546
482	1.505	0.363	0.414	-12.421
509	0.066	0.365	0.411	-34.969
211	0.523	0.365	0.411	-20.563
312	1.857	0.367	0.406	-15.147
271	0.485	0.369	0.404	-15.083
200	0.295	0.371	0.399	-54.844
237	0.833	0.372	0.399	-89.769
521	0.537	0.378	0.388	-24.966
351	4.509	0.379	0.386	-14.773
178	0.656	0.38	0.386	-83.081
68	6.019	0.381	0.384	-34.163
552	1.614	0.386	0.375	-2.761
189	6.217	0.388	0.372	-13.723
360	0.695	0.399	0.355	-38.127
12	0.536	0.4	0.354	-54.895
18	0.465	0.401	0.352	-8.013
324	6.346	0.402	0.351	-10.634
456	0.647	0.406	0.345	-17.535
418	5.265	0.412	0.337	-14.992
435	5.315	0.414	0.334	-20.263
290	4.495	0.414	0.333	-11.450
26	2.633	0.415	0.332	-10.637
196	0.671	0.415	0.332	-15.971
489	1.468	0.415	0.332	-36.716
384	6.580	0.416	0.330	-15.390
441	1.904	0.418	0.328	-30.280
71	4.328	0.421	0.324	-15.529
538	4.810	0.421	0.323	-18.434
136	0.566	0.427	0.316	-57.786
236	1.626	0.427	0.316	-27.713
544	0.550	0.429	0.313	-12.976
81	5.362	0.429	0.313	-15.321
459	1.696	0.432	0.309	-47.247
397	1.515	0.435	0.305	-45.832
474	6.580	0.439	0.300	-4.285
529	6.580	0.441	0.297	-31.123
359	1.715	0.441	0.296	-9.350
187	0.602	0.444	0.294	-12.158
316	4.122	0.447	0.290	-22.314
554	1.609	0.449	0.287	-29.165
379	4.799	0.449	0.287	-15.550
541	2.094	0.45	0.285	-25.313
348	0.539	0.452	0.282	-6.634
443	6.025	0.453	0.282	-28.045
249	1.789	0.457	0.277	-54.074
183	0.066	0.457	0.277	-67.465
112	0.376	0.458	0.276	-50.073
226	0.454	0.459	0.274	-42.075
130	1.330	0.459	0.274	-12.078
135	1.726	0.461	0.272	-31.324
3	0.547	0.461	0.272	-61.024
50	2.011	0.461	0.271	-10.480
1	0.513	0.463	0.270	-36.548
515	1.686	0.468	0.263	-13.481
439	5.162	0.471	0.260	-9.662
2	0.476	0.471	0.260	-21.188
505	0.351	0.472	0.258	-22.314
6	1.405	0.474	0.256	-37.453
407	1.541	0.476	0.255	-30.316
373	6.079	0.476	0.254	-10.637
155	0.759	0.48	0.249	-49.962
46	1.571	0.482	0.247	-21.317
34	6.580	0.483	0.246	-13.419
486	1.347	0.483	0.246	-9.917
88	1.832	0.486	0.243	-46.798
28	2.241	0.488	0.240	-16.617
209	0.493	0.489	0.239	-28.522
29	5.631	0.496	0.232	-17.200
327	6.036	0.496	0.232	-31.579
336	0.649	0.497	0.231	-40.504
267	0.487	0.497	0.231	-69.412
245	1.522	0.501	0.226	-18.474
214	0.719	0.503	0.224	-29.106
202	1.177	0.504	0.224	-79.591
500	1.465	0.51	0.217	-25.041
450	4.775	0.513	0.214	-25.210
292	0.734	0.516	0.211	-46.898
30	1.391	0.518	0.209	-9.245
308	0.723	0.521	0.206	-13.132
268	1.281	0.521	0.206	-32.891
499	1.517	0.521	0.206	-8.897
385	0.606	0.522	0.205	-25.762
289	1.442	0.523	0.204	-26.626
386	1.842	0.528	0.200	-17.387
542	1.619	0.533	0.195	-49.100
21	0.755	0.533	0.194	-10.111
347	5.487	0.535	0.192	-13.534
159	1.193	0.536	0.191	-27.260
169	0.588	0.536	0.191	-60.304
495	1.515	0.539	0.189	-24.502
203	6.580	0.544	0.185	-6.682
559	1.450	0.544	0.184	-13.333
449	4.939	0.544	0.184	-12.517
484	0.808	0.546	0.183	-4.924
229	0.706	0.549	0.179	-5.852
490	1.235	0.552	0.177	-11.633
123	0.614	0.552	0.177	-24.700
354	3.992	0.552	0.177	-23.504
148	1.337	0.555	0.175	-34.206
15	0.717	0.555	0.174	-48.836
119	1.458	0.558	0.172	-17.264
117	5.576	0.558	0.171	-26.917
445	1.611	0.56	0.170	-8.888
301	1.444	0.563	0.167	-9.350
287	1.438	0.563	0.167	-56.131
194	0.726	0.564	0.167	-34.930
546	0.795	0.569	0.163	-7.800
82	1.295	0.57	0.161	-23.219
24	1.299	0.57	0.161	-4.168
120	1.268	0.571	0.161	-20.600
513	0.663	0.573	0.159	-40.858
404	1.631	0.575	0.157	-13.712
231	0.587	0.58	0.153	-68.439
307	1.205	0.583	0.150	-22.563
412	1.331	0.593	0.143	-13.318
69	0.702	0.593	0.143	-25.292
433	1.669	0.594	0.142	-21.958
506	0.681	0.595	0.142	-53.638
122	0.657	0.596	0.140	-23.141
557	0.684	0.6	0.138	-19.600
299	6.486	0.601	0.137	-8.892
179	1.392	0.603	0.135	-27.811
67	0.550	0.603	0.135	-27.353
184	1.522	0.608	0.132	-45.168
163	0.756	0.614	0.127	-25.830
426	0.759	0.615	0.126	-17.692
168	1.255	0.617	0.125	-48.074
228	0.675	0.618	0.124	-7.090
145	0.796	0.62	0.123	-108.131
326	1.378	0.621	0.122	-16.012
33	1.267	0.622	0.122	-10.758
273	0.066	0.622	0.121	-58.854
17	1.262	0.622	0.121	-8.126
436	1.309	0.627	0.118	-10.531
107	1.449	0.628	0.117	-11.828
535	0.740	0.63	0.116	-29.587
339	0.760	0.632	0.114	-32.597
83	1.214	0.634	0.113	-8.464
266	4.192	0.634	0.113	-12.380
510	1.376	0.635	0.113	-32.302
319	4.216	0.637	0.111	-11.497
250	1.410	0.64	0.110	-29.959
132	0.809	0.64	0.109	-10.604
294	1.337	0.641	0.109	-10.664
539	1.457	0.641	0.109	-24.631
5	0.758	0.642	0.108	-34.700
95	1.411	0.644	0.106	-19.099
315	1.368	0.647	0.105	-11.590
432	1.238	0.653	0.101	-23.704
323	1.274	0.661	0.096	-43.962
380	1.289	0.664	0.094	-33.794
338	1.362	0.669	0.091	-28.762
551	1.305	0.674	0.088	-3.491
405	1.559	0.675	0.088	-13.234
477	1.178	0.679	0.085	-31.458
234	0.614	0.68	0.085	-40.359
243	0.703	0.68	0.085	-13.137
61	1.171	0.681	0.085	-48.000
411	1.271	0.681	0.084	-13.426
467	0.757	0.684	0.083	-20.495
545	0.729	0.684	0.083	-9.482
13	0.723	0.692	0.079	-46.497
218	1.280	0.693	0.078	-32.803
465	1.256	0.702	0.073	-15.523
94	1.350	0.703	0.073	-14.467
502	1.316	0.705	0.072	-42.726
332	4.676	0.709	0.070	-8.914
318	1.152	0.718	0.065	-11.408
364	1.224	0.726	0.062	-10.931
487	1.160	0.726	0.061	-17.862
103	0.765	0.729	0.060	-6.695
45	1.218	0.729	0.060	-10.398
446	1.283	0.732	0.059	-12.092
398	1.263	0.739	0.056	-11.858
331	1.589	0.744	0.053	-9.236
190	1.177	0.745	0.053	-37.209
560	1.235	0.749	0.051	-13.356
365	5.132	0.753	0.049	-5.984
527	1.199	0.754	0.049	-16.361
464	1.135	0.757	0.048	-31.061
293	0.753	0.757	0.048	-71.200
444	1.409	0.76	0.047	-14.831
419	1.213	0.762	0.046	-7.180
413	0.842	0.762	0.046	-29.009
427	1.130	0.762	0.046	-4.172
223	1.219	0.764	0.045	-44.292
562	1.353	0.764	0.045	-2.952
40	1.135	0.77	0.043	-24.511
317	0.815	0.771	0.042	-14.980
54	1.087	0.772	0.042	-29.139
428	1.165	0.775	0.041	-4.670
536	1.152	0.777	0.040	-6.398
442	0.883	0.777	0.040	-14.156
381	1.297	0.778	0.040	-23.103
328	1.117	0.778	0.040	-41.899
154	1.245	0.78	0.039	-67.500
36	0.849	0.781	0.039	-43.076
114	1.150	0.781	0.039	-4.704
320	0.813	0.785	0.037	-25.535
531	1.131	0.786	0.037	-11.237
257	0.855	0.787	0.036	-19.147
118	1.177	0.791	0.035	-20.699
352	0.827	0.801	0.032	-16.913
547	1.270	0.805	0.030	-8.854
374	1.188	0.806	0.030	-18.726
113	1.079	0.808	0.030	-41.765
533	1.133	0.811	0.029	-5.746
100	1.156	0.815	0.027	-36.492
20	0.924	0.818	0.026	-4.090
59	1.177	0.823	0.025	-44.969
56	0.815	0.824	0.025	-8.566
530	0.902	0.824	0.025	-7.984
162	0.920	0.824	0.025	-26.940
275	0.865	0.828	0.024	-60.161
343	1.141	0.829	0.023	-9.871
206	1.127	0.83	0.023	-32.859
111	1.221	0.83	0.023	-14.998
361	0.919	0.832	0.022	-4.167
440	0.895	0.842	0.020	-36.204
32	1.156	0.844	0.019	-10.670
176	0.875	0.847	0.019	-29.293
383	6.563	0.848	0.018	-7.224
503	0.878	0.848	0.018	-18.933
8	0.905	0.856	0.016	-36.983
262	1.153	0.86	0.016	-9.837
471	0.906	0.86	0.016	-4.347
461	0.925	0.861	0.015	-7.306
406	1.138	0.863	0.015	-29.798
409	0.888	0.873	0.013	-20.335
11	1.087	0.873	0.013	-35.595
420	0.919	0.873	0.013	-27.326
244	1.084	0.874	0.012	-7.836
96	1.063	0.884	0.011	-29.688
333	0.908	0.884	0.011	-31.368
108	1.097	0.892	0.009	-7.624
526	1.102	0.893	0.009	-11.447
369	1.132	0.894	0.009	-18.981
64	0.915	0.896	0.009	-28.554
463	0.938	0.898	0.008	-18.598
277	0.914	0.898	0.008	-53.453
87	0.937	0.905	0.007	-59.469
142	0.937	0.908	0.007	-12.977
90	1.052	0.912	0.006	-48.220
479	1.038	0.912	0.006	-6.704
522	1.102	0.913	0.006	-12.111
147	1.066	0.917	0.005	-49.738
370	0.941	0.92	0.005	-7.701
311	0.938	0.922	0.005	-13.186
84	1.036	0.924	0.005	-22.957
220	1.058	0.926	0.004	-51.518
376	1.124	0.926	0.004	-12.559
494	0.965	0.928	0.004	-24.178
424	1.049	0.934	0.003	-32.747
199	0.946	0.938	0.003	-29.294
261	1.056	0.944	0.002	-9.632
158	0.965	0.946	0.002	-45.883
492	1.048	0.948	0.002	-19.942
523	0.942	0.949	0.002	-17.968
106	0.975	0.949	0.002	-7.580
421	1.029	0.951	0.002	-34.216
508	1.051	0.952	0.002	-14.200
512	0.959	0.957	0.001	-16.003
410	1.034	0.957	0.001	-16.347
43	1.036	0.959	0.001	-4.872
138	0.971	0.959	0.001	-25.905
528	0.968	0.96	0.001	-17.985
466	1.042	0.96	0.001	-49.500
101	1.028	0.961	0.001	-43.476
543	0.966	0.962	0.001	-6.849
16	0.982	0.964	0.001	-25.665
390	1.023	0.964	0.001	-22.631
252	0.974	0.965	0.001	-20.853
65	0.976	0.966	0.001	-4.837
134	1.037	0.966	0.001	-8.347
372	0.980	0.968	0.001	-14.427
19	1.014	0.971	0.001	-24.979
519	0.978	0.977	0.000	-21.061
337	1.014	0.978	0.000	-30.558
555	1.017	0.979	0.000	-5.300
38	1.023	0.981	0.000	-15.998
540	1.016	0.982	0.000	-19.672
193	1.007	0.987	0.000	-22.306
225	1.023	0.989	0.000	-12.155
325	0.987	0.991	0.000	-60.367
126	1.009	0.993	0.000	-18.397