# Stringency fit to each site after fixing tree and and all other parameters.
# Fits compared to null model of stringency = 1.057 (the overall gene value).
# P-values NOT corrected for multiple testing.
# The stringency ratio is the ratio of the fitted value to the null (overall gene value).
#
# site	stringency_ratio	P	dLnL	LnL_fixed
466	0.095	2.84e-06	10.962	-61.902
35	0.178	7.08e-06	10.085	-43.686
77	0.095	2.24e-05	8.987	-83.237
291	0.095	3.86e-05	8.470	-57.280
388	0.095	6.25e-05	8.013	-32.678
204	0.106	0.000305	6.519	-56.588
144	2.287	0.000418	6.225	-149.409
222	0.095	0.000533	5.999	-48.375
147	9.465	0.000607	5.877	-47.211
154	0.095	0.000917	5.494	-74.043
74	0.095	0.00105	5.364	-30.383
67	0.095	0.00113	5.303	-33.005
6	0.105	0.00134	5.142	-45.067
403	0.095	0.00156	5.005	-47.979
239	0.095	0.0019	4.821	-66.111
15	0.142	0.0021	4.732	-54.327
201	0.095	0.0024	4.606	-94.791
501	9.465	0.00317	4.354	-28.422
389	0.095	0.00318	4.351	-56.460
208	0.095	0.00344	4.279	-51.720
90	0.095	0.00408	4.123	-54.451
342	0.286	0.00432	4.073	-30.080
200	0.095	0.00461	4.013	-58.078
55	9.465	0.00497	3.945	-43.332
27	9.465	0.00706	3.629	-33.599
102	0.095	0.00708	3.627	-47.777
409	0.162	0.00825	3.489	-24.601
367	9.465	0.00827	3.488	-22.652
41	0.095	0.00964	3.350	-27.522
491	9.465	0.0102	3.301	-3.302
395	9.465	0.0104	3.282	-28.799
141	1.877	0.0106	3.268	-54.439
550	9.465	0.0107	3.256	-21.023
488	0.289	0.0119	3.164	-37.243
478	9.465	0.0121	3.148	-40.737
323	0.095	0.0125	3.120	-49.904
185	0.095	0.0126	3.112	-75.025
414	0.095	0.013	3.086	-35.818
270	8.462	0.0131	3.080	-27.988
429	4.507	0.0133	3.062	-51.606
498	0.173	0.0141	3.012	-11.894
151	9.465	0.0151	2.952	-20.411
87	0.319	0.0169	2.853	-63.622
267	2.013	0.017	2.850	-65.599
169	4.433	0.0171	2.846	-59.068
63	0.095	0.0171	2.843	-47.826
453	7.143	0.0183	2.785	-25.314
37	9.465	0.0186	2.770	-27.556
492	9.465	0.0191	2.745	-18.284
401	9.465	0.0204	2.691	-4.985
551	9.283	0.0206	2.679	-2.680
507	9.465	0.0213	2.651	-16.301
165	2.674	0.022	2.623	-13.345
322	9.465	0.0225	2.604	-29.608
366	9.465	0.0237	2.559	-23.752
23	8.300	0.0244	2.533	-29.981
470	9.465	0.0254	2.500	-20.153
552	9.465	0.0264	2.465	-2.465
375	9.465	0.0276	2.426	-26.254
455	0.095	0.0283	2.406	-36.658
353	3.929	0.0283	2.405	-32.580
218	0.158	0.03	2.355	-37.410
546	0.507	0.0324	2.290	-11.323
549	3.647	0.033	2.273	-33.677
423	9.465	0.0331	2.271	-25.642
257	9.465	0.0338	2.253	-16.766
149	0.095	0.035	2.224	-61.588
454	9.465	0.0351	2.220	-18.864
377	9.465	0.0377	2.160	-21.830
146	9.465	0.0399	2.111	-22.463
514	0.378	0.0413	2.082	-52.459
131	9.465	0.0417	2.074	-18.327
207	8.952	0.0417	2.073	-26.024
358	9.465	0.0426	2.056	-21.113
309	6.783	0.0426	2.055	-23.918
356	9.465	0.0426	2.055	-2.055
219	0.218	0.0434	2.040	-10.352
341	0.095	0.0444	2.021	-27.438
190	9.465	0.0463	1.985	-34.773
504	7.781	0.0469	1.975	-18.881
351	9.030	0.0473	1.967	-16.378
25	9.465	0.0474	1.965	-26.956
304	0.095	0.0478	1.959	-31.910
32	9.465	0.0478	1.959	-12.662
406	9.465	0.0479	1.956	-28.214
332	9.465	0.0481	1.953	-10.923
363	9.465	0.0489	1.940	-1.940
524	0.300	0.0489	1.939	-46.574
485	9.465	0.049	1.938	-18.471
115	9.465	0.0495	1.930	-26.887
62	9.465	0.0495	1.929	-29.760
112	0.288	0.0504	1.915	-51.497
321	9.465	0.0523	1.883	-19.707
458	2.882	0.0534	1.866	-35.921
553	9.465	0.0546	1.847	-18.030
11	0.155	0.0562	1.822	-39.276
293	2.239	0.057	1.812	-67.339
174	0.095	0.0575	1.803	-17.645
432	2.962	0.0609	1.757	-23.537
503	9.465	0.0609	1.756	-17.073
534	9.465	0.0609	1.756	-29.168
58	7.303	0.0622	1.738	-17.608
192	8.205	0.0647	1.706	-1.706
150	2.986	0.0668	1.679	-38.014
468	9.465	0.0676	1.670	-33.726
251	9.465	0.0688	1.656	-19.452
98	0.199	0.0688	1.656	-36.758
497	9.465	0.0693	1.650	-19.920
72	4.092	0.0705	1.635	-30.526
289	0.222	0.0714	1.625	-30.280
434	8.888	0.0718	1.621	-1.621
209	0.133	0.0719	1.620	-30.033
416	9.465	0.0722	1.616	-18.788
229	9.465	0.0748	1.587	-4.572
391	9.465	0.0756	1.578	-13.310
139	6.995	0.0773	1.560	-1.757
346	2.626	0.0797	1.535	-28.831
280	9.465	0.0839	1.494	-24.048
116	7.719	0.0846	1.487	-23.176
216	9.465	0.0852	1.482	-20.606
275	2.420	0.087	1.465	-58.304
457	6.083	0.0908	1.430	-18.513
240	9.465	0.0909	1.429	-21.041
255	9.465	0.0913	1.426	-4.364
480	9.465	0.0923	1.416	-5.708
233	8.268	0.094	1.402	-18.996
448	9.465	0.0941	1.402	-17.937
250	0.095	0.0944	1.399	-32.946
230	0.153	0.0945	1.398	-39.322
441	9.465	0.0955	1.390	-29.825
419	0.439	0.0956	1.389	-11.300
437	9.465	0.0967	1.379	-19.365
143	0.719	0.097	1.377	-124.232
297	9.465	0.0976	1.373	-22.187
54	1.892	0.0976	1.372	-29.560
400	9.465	0.0978	1.370	-19.261
140	9.465	0.0998	1.355	-11.781
379	9.465	0.101	1.346	-16.684
300	8.316	0.101	1.341	-23.171
152	0.285	0.102	1.334	-39.986
80	9.465	0.103	1.330	-18.715
47	8.652	0.104	1.324	-16.987
44	9.465	0.104	1.321	-15.232
404	9.465	0.105	1.315	-14.049
394	0.444	0.107	1.300	-19.825
510	7.288	0.107	1.296	-31.360
88	0.095	0.108	1.291	-49.426
298	0.095	0.108	1.289	-74.356
198	1.744	0.109	1.287	-57.698
538	9.465	0.109	1.285	-19.395
564	5.831	0.109	1.282	-19.847
109	6.599	0.11	1.277	-30.285
89	0.095	0.11	1.276	-56.050
378	6.109	0.112	1.260	-42.670
402	9.465	0.112	1.260	-10.958
136	0.117	0.116	1.238	-59.089
295	6.354	0.116	1.234	-21.738
349	9.465	0.117	1.231	-18.950
336	0.095	0.117	1.225	-41.457
486	4.126	0.12	1.210	-10.943
274	5.815	0.121	1.204	-16.372
248	9.465	0.121	1.201	-23.846
415	2.626	0.121	1.201	-49.523
157	0.482	0.121	1.200	-54.551
541	9.465	0.122	1.194	-24.913
283	9.465	0.122	1.194	-24.716
9	2.677	0.124	1.186	-39.516
385	0.095	0.126	1.174	-27.309
271	0.341	0.126	1.173	-16.240
290	8.017	0.127	1.162	-12.248
60	9.465	0.129	1.150	-31.576
334	6.235	0.133	1.131	-31.753
12	0.251	0.136	1.113	-55.907
211	0.237	0.136	1.112	-21.629
355	9.465	0.136	1.111	-30.152
425	9.465	0.137	1.107	-20.315
76	6.660	0.138	1.099	-1.099
284	0.136	0.14	1.091	-28.215
350	6.242	0.142	1.077	-32.473
134	0.486	0.142	1.075	-10.699
181	0.108	0.145	1.061	-41.105
39	8.389	0.145	1.060	-15.861
104	8.691	0.146	1.059	-22.595
362	7.626	0.146	1.055	-28.532
66	9.465	0.147	1.050	-30.507
496	0.256	0.148	1.048	-12.866
52	0.382	0.15	1.037	-42.053
310	2.806	0.15	1.034	-28.913
97	9.465	0.154	1.014	-15.886
452	1.708	0.156	1.007	-38.123
231	0.095	0.159	0.993	-69.481
418	9.465	0.161	0.981	-15.627
338	2.612	0.162	0.978	-27.398
195	7.644	0.164	0.968	-14.647
558	9.465	0.165	0.963	-26.478
256	0.394	0.166	0.959	-30.033
315	9.465	0.167	0.954	-12.638
173	1.783	0.17	0.940	-22.254
465	0.561	0.17	0.940	-17.781
214	7.180	0.172	0.931	-25.107
560	9.465	0.172	0.931	-11.566
316	6.510	0.175	0.921	-22.872
436	8.687	0.181	0.894	-11.425
254	0.330	0.184	0.881	-24.006
259	9.465	0.186	0.875	-10.951
172	0.190	0.187	0.872	-25.268
179	2.819	0.187	0.869	-26.984
38	0.473	0.188	0.867	-17.823
100	2.263	0.189	0.865	-35.723
532	9.465	0.189	0.863	-11.407
407	0.197	0.19	0.860	-33.022
263	9.465	0.192	0.850	-24.701
475	0.379	0.193	0.849	-35.831
234	0.329	0.194	0.843	-40.945
93	9.465	0.194	0.842	-20.172
530	2.296	0.196	0.837	-8.954
476	6.296	0.196	0.836	-21.831
71	7.091	0.197	0.832	-16.072
31	9.465	0.198	0.828	-19.815
202	1.374	0.2	0.822	-79.818
29	9.465	0.2	0.822	-18.322
30	3.463	0.201	0.818	-10.264
246	6.505	0.203	0.810	-0.810
269	9.465	0.203	0.809	-18.541
483	2.449	0.204	0.807	-24.499
1	0.095	0.204	0.806	-36.946
557	3.829	0.205	0.802	-17.758
422	6.994	0.207	0.796	-29.156
92	2.715	0.208	0.794	-2.087
118	3.138	0.209	0.790	-20.766
329	1.807	0.209	0.789	-8.077
335	7.409	0.209	0.789	-17.426
490	1.712	0.211	0.782	-12.432
477	1.577	0.214	0.772	-30.232
340	9.465	0.216	0.767	-8.201
513	0.416	0.217	0.763	-41.631
78	9.465	0.217	0.762	-31.148
354	6.236	0.218	0.758	-24.127
129	0.525	0.219	0.755	-57.883
519	0.481	0.221	0.749	-22.092
14	0.431	0.222	0.746	-24.126
333	9.465	0.222	0.744	-30.110
48	8.024	0.222	0.744	-24.909
70	0.438	0.224	0.738	-23.321
128	9.465	0.225	0.735	-11.737
261	9.465	0.226	0.732	-10.383
163	9.465	0.227	0.730	-24.707
22	7.740	0.228	0.727	-23.708
408	0.556	0.231	0.718	-24.678
91	0.468	0.231	0.717	-16.983
312	0.575	0.231	0.717	-16.407
167	0.569	0.231	0.716	-57.655
529	9.003	0.232	0.715	-31.520
411	0.223	0.233	0.710	-16.423
438	9.465	0.237	0.698	-11.452
369	2.495	0.238	0.696	-18.031
561	2.581	0.24	0.689	-17.569
281	2.750	0.245	0.675	-25.913
456	0.558	0.245	0.675	-18.007
357	0.396	0.247	0.669	-19.651
180	9.250	0.252	0.656	-11.791
4	0.459	0.253	0.654	-34.375
306	5.945	0.26	0.636	-20.918
64	2.769	0.261	0.632	-27.659
105	0.492	0.262	0.628	-48.560
268	1.663	0.263	0.625	-32.836
443	8.356	0.264	0.623	-28.436
75	6.215	0.268	0.613	-19.669
156	0.540	0.268	0.613	-56.399
57	6.541	0.268	0.612	-31.746
435	7.859	0.271	0.606	-20.540
521	2.116	0.273	0.601	-23.152
318	1.613	0.274	0.598	-12.000
243	0.463	0.275	0.596	-13.873
51	0.317	0.278	0.589	-39.386
224	0.415	0.278	0.589	-44.947
412	1.542	0.282	0.579	-14.080
81	6.034	0.286	0.570	-15.450
46	2.843	0.288	0.564	-20.605
242	1.500	0.288	0.564	-27.618
517	0.264	0.288	0.564	-26.010
327	7.000	0.292	0.556	-31.931
265	1.494	0.293	0.552	-51.327
337	0.623	0.295	0.549	-31.735
252	3.634	0.298	0.542	-20.110
324	7.342	0.299	0.540	-10.803
426	5.706	0.306	0.525	-14.311
182	7.199	0.307	0.523	-15.855
68	5.680	0.307	0.523	-34.339
292	0.598	0.307	0.522	-47.881
320	2.555	0.311	0.513	-23.826
439	7.380	0.313	0.508	-9.905
21	0.585	0.316	0.502	-11.825
499	7.403	0.317	0.500	-9.192
390	2.525	0.32	0.494	-22.472
49	5.214	0.321	0.492	-28.999
24	3.363	0.328	0.479	-5.054
145	0.095	0.329	0.477	-109.729
126	2.362	0.332	0.470	-16.744
282	0.411	0.333	0.468	-44.438
459	1.731	0.334	0.467	-47.491
537	8.899	0.335	0.465	-8.321
450	8.306	0.335	0.464	-25.423
212	0.524	0.336	0.463	-29.135
42	1.961	0.336	0.463	-8.957
482	1.512	0.336	0.463	-12.515
84	2.034	0.341	0.453	-21.302
368	1.968	0.342	0.452	-13.207
121	7.576	0.345	0.446	-26.822
59	1.832	0.345	0.445	-44.690
467	1.935	0.346	0.444	-18.716
189	5.880	0.352	0.434	-13.828
241	6.618	0.356	0.426	-14.827
311	2.055	0.357	0.424	-12.144
399	2.164	0.363	0.414	-8.674
273	1.636	0.363	0.414	-57.970
260	2.017	0.363	0.413	-23.916
373	2.228	0.367	0.407	-10.829
294	1.474	0.367	0.406	-10.873
237	1.307	0.368	0.406	-90.286
28	8.159	0.37	0.402	-16.838
461	1.605	0.37	0.401	-7.620
464	1.656	0.373	0.398	-32.196
301	1.800	0.378	0.389	-9.841
113	1.696	0.378	0.389	-43.866
360	0.605	0.379	0.387	-39.422
33	1.483	0.388	0.372	-11.029
127	1.719	0.39	0.370	-22.188
449	6.935	0.391	0.367	-12.493
176	6.247	0.394	0.363	-28.477
516	0.458	0.394	0.363	-8.798
130	1.528	0.396	0.360	-12.507
203	8.465	0.396	0.360	-6.874
99	0.559	0.399	0.356	-34.345
276	1.594	0.399	0.356	-60.306
36	1.559	0.401	0.353	-41.014
479	1.458	0.401	0.353	-7.273
522	0.494	0.402	0.351	-13.474
168	1.538	0.403	0.350	-47.995
142	2.778	0.404	0.348	-13.097
506	0.172	0.406	0.345	-54.137
123	0.580	0.408	0.342	-24.546
210	0.650	0.41	0.339	-43.338
258	1.647	0.412	0.336	-12.470
272	0.665	0.413	0.335	-47.221
108	2.199	0.415	0.332	-8.035
120	1.440	0.416	0.331	-20.762
79	6.103	0.417	0.330	-15.750
313	0.461	0.417	0.330	-43.624
253	0.642	0.419	0.326	-13.655
420	1.460	0.42	0.325	-25.956
40	1.847	0.425	0.319	-24.499
502	1.834	0.427	0.315	-42.459
53	1.842	0.428	0.315	-11.767
547	8.604	0.431	0.310	-9.186
117	6.968	0.432	0.308	-27.119
188	1.771	0.433	0.307	-13.342
220	0.596	0.437	0.303	-52.256
107	1.462	0.438	0.301	-12.091
307	1.334	0.441	0.297	-23.165
103	2.909	0.445	0.291	-6.130
359	1.513	0.447	0.289	-10.427
205	0.450	0.448	0.288	-70.597
487	1.437	0.45	0.285	-18.005
303	1.507	0.457	0.276	-31.429
285	0.647	0.458	0.276	-40.494
279	1.467	0.461	0.272	-26.483
155	0.661	0.463	0.269	-50.468
386	1.761	0.463	0.269	-17.537
381	2.054	0.464	0.268	-22.752
244	4.168	0.469	0.263	-8.365
111	0.651	0.47	0.261	-16.003
7	0.645	0.471	0.259	-30.627
122	0.649	0.474	0.256	-22.584
199	0.612	0.476	0.254	-29.820
34	4.617	0.481	0.249	-13.440
119	1.473	0.481	0.248	-17.354
125	0.580	0.482	0.247	-24.752
512	1.453	0.483	0.246	-13.997
232	6.090	0.483	0.246	-12.767
135	1.439	0.491	0.238	-30.119
481	0.736	0.496	0.232	-20.981
374	0.676	0.499	0.229	-19.886
96	0.731	0.5	0.228	-31.567
159	1.234	0.501	0.226	-27.977
535	0.683	0.503	0.224	-30.234
69	1.505	0.504	0.223	-23.263
221	0.724	0.508	0.219	-16.262
527	0.555	0.511	0.216	-17.688
8	1.509	0.512	0.215	-36.235
194	1.514	0.514	0.213	-32.166
235	1.838	0.517	0.210	-35.029
525	1.774	0.517	0.210	-37.827
2	0.589	0.518	0.209	-20.884
442	0.736	0.521	0.206	-15.293
73	0.678	0.522	0.205	-23.902
314	0.630	0.522	0.205	-16.323
445	1.523	0.523	0.204	-8.950
365	9.045	0.531	0.197	-6.151
160	0.786	0.531	0.196	-20.417
382	1.525	0.533	0.194	-16.459
511	0.674	0.535	0.193	-14.568
305	1.413	0.536	0.191	-40.681
166	0.740	0.541	0.187	-47.820
364	1.445	0.546	0.182	-11.041
433	1.642	0.549	0.179	-22.847
469	0.683	0.556	0.173	-48.350
26	1.550	0.557	0.173	-10.560
19	1.301	0.557	0.172	-25.084
505	0.692	0.558	0.172	-21.129
197	1.355	0.558	0.171	-14.319
61	0.801	0.563	0.167	-49.484
489	0.666	0.565	0.166	-37.967
472	1.436	0.567	0.164	-15.678
114	1.556	0.572	0.160	-5.044
392	1.816	0.573	0.159	-9.611
446	1.410	0.576	0.156	-12.129
266	4.974	0.579	0.154	-12.512
531	1.409	0.585	0.149	-11.667
183	1.269	0.585	0.149	-64.907
299	1.652	0.586	0.148	-8.893
3	1.535	0.588	0.147	-60.194
331	6.303	0.589	0.146	-9.320
500	1.398	0.592	0.144	-25.150
536	1.396	0.592	0.144	-6.700
451	1.389	0.601	0.137	-13.593
463	1.419	0.602	0.136	-18.740
94	1.311	0.604	0.135	-14.616
384	1.428	0.605	0.134	-16.176
493	0.721	0.606	0.133	-20.447
462	0.727	0.612	0.129	-19.578
249	1.243	0.615	0.126	-53.337
347	1.440	0.62	0.123	-13.567
444	0.761	0.622	0.121	-16.818
387	1.276	0.625	0.120	-20.130
460	0.765	0.626	0.119	-48.986
424	0.757	0.629	0.117	-33.826
186	1.457	0.63	0.116	-10.435
10	0.783	0.631	0.115	-34.930
215	0.766	0.631	0.115	-23.910
56	1.447	0.634	0.113	-7.121
348	0.685	0.635	0.113	-6.991
50	1.421	0.635	0.113	-9.207
217	0.666	0.635	0.112	-37.111
170	0.791	0.641	0.109	-71.226
238	0.847	0.645	0.106	-20.702
287	1.271	0.65	0.103	-56.309
345	1.216	0.651	0.102	-9.393
474	1.306	0.665	0.094	-4.376
393	1.375	0.665	0.094	-20.006
405	1.387	0.668	0.092	-12.605
344	1.293	0.672	0.090	-34.057
213	1.347	0.675	0.088	-5.793
223	1.261	0.677	0.087	-44.193
226	0.597	0.677	0.087	-41.897
175	1.238	0.679	0.086	-67.465
178	0.858	0.683	0.083	-82.015
383	5.455	0.687	0.081	-7.363
473	1.437	0.692	0.078	-36.165
191	1.427	0.695	0.077	-31.849
302	1.491	0.7	0.074	-6.875
5	0.773	0.7	0.074	-34.963
83	1.170	0.705	0.072	-8.491
518	1.246	0.709	0.070	-25.668
495	0.818	0.71	0.069	-26.580
236	1.209	0.718	0.065	-27.030
308	0.849	0.718	0.065	-13.051
325	1.269	0.72	0.064	-58.902
528	0.816	0.722	0.063	-18.179
494	1.219	0.727	0.061	-24.771
13	0.775	0.734	0.058	-46.398
428	1.150	0.741	0.055	-4.190
95	1.215	0.746	0.053	-19.371
328	1.123	0.748	0.052	-41.684
545	0.779	0.768	0.043	-9.659
101	1.193	0.774	0.041	-43.730
523	0.760	0.777	0.040	-18.189
277	0.834	0.782	0.038	-53.862
206	0.880	0.783	0.038	-32.718
184	1.127	0.784	0.037	-43.320
85	1.143	0.784	0.037	-58.228
396	1.267	0.786	0.037	-13.006
330	0.884	0.793	0.034	-26.141
137	0.813	0.793	0.034	-66.338
228	1.198	0.797	0.033	-6.221
526	1.182	0.798	0.033	-11.357
162	0.912	0.799	0.033	-27.057
410	0.853	0.799	0.032	-16.903
372	1.163	0.801	0.032	-14.840
548	0.874	0.802	0.032	-11.654
161	0.861	0.802	0.031	-33.962
343	1.152	0.809	0.029	-10.057
556	0.861	0.81	0.029	-17.727
413	1.162	0.813	0.028	-29.014
380	1.133	0.813	0.028	-34.035
319	1.200	0.825	0.024	-12.580
326	0.865	0.829	0.023	-16.902
153	0.853	0.83	0.023	-42.546
544	0.858	0.831	0.023	-11.253
262	1.157	0.832	0.023	-9.784
421	1.105	0.838	0.021	-34.027
177	1.147	0.843	0.020	-62.614
288	1.094	0.843	0.020	-59.106
187	0.894	0.849	0.018	-11.110
45	1.128	0.85	0.018	-10.490
361	1.078	0.85	0.018	-4.168
133	1.045	0.854	0.017	-20.705
82	1.122	0.854	0.017	-24.844
43	0.871	0.862	0.015	-4.988
471	0.920	0.863	0.015	-4.236
65	1.102	0.864	0.015	-4.925
18	0.878	0.865	0.014	-6.990
398	1.115	0.867	0.014	-11.847
296	1.214	0.868	0.014	-9.077
148	0.923	0.871	0.013	-34.633
563	1.094	0.873	0.013	-8.217
539	1.130	0.874	0.013	-25.108
515	0.927	0.877	0.012	-14.616
16	0.934	0.882	0.011	-26.088
245	0.926	0.883	0.011	-18.907
286	1.109	0.888	0.010	-59.642
554	1.075	0.889	0.010	-28.450
376	0.946	0.89	0.010	-13.288
138	1.081	0.891	0.009	-25.691
352	1.101	0.892	0.009	-16.654
20	1.054	0.893	0.009	-4.215
171	1.066	0.9	0.008	-56.384
124	0.917	0.904	0.007	-29.735
227	1.090	0.904	0.007	-20.511
431	1.072	0.906	0.007	-44.078
520	0.915	0.911	0.006	-28.995
106	1.044	0.914	0.006	-7.679
196	0.956	0.919	0.005	-14.386
339	1.066	0.923	0.005	-31.683
430	1.061	0.924	0.005	-17.110
17	1.036	0.925	0.004	-7.664
370	0.956	0.926	0.004	-7.507
264	1.050	0.931	0.004	-35.326
533	1.053	0.935	0.003	-6.232
278	1.052	0.936	0.003	-18.388
543	0.919	0.937	0.003	-7.642
317	1.048	0.941	0.003	-14.607
440	0.960	0.941	0.003	-36.009
371	0.976	0.947	0.002	-52.371
540	1.041	0.949	0.002	-19.093
509	0.953	0.951	0.002	-33.747
164	0.972	0.954	0.002	-44.279
158	0.977	0.955	0.002	-45.476
508	1.038	0.963	0.001	-13.842
132	1.021	0.967	0.001	-10.513
542	0.979	0.967	0.001	-48.799
397	1.019	0.968	0.001	-47.153
555	1.028	0.976	0.000	-5.765
193	1.018	0.976	0.000	-22.444
447	1.012	0.979	0.000	-18.631
562	0.981	0.983	0.000	-4.570
247	0.991	0.986	0.000	-20.771
484	1.009	0.987	0.000	-5.509
559	1.006	0.99	0.000	-13.914
110	1.005	0.994	0.000	-28.596
86	0.998	0.997	0.000	-55.371
417	1.001	0.999	0.000	-37.560
427	1.000	0.999	0.000	-4.029
225	1.001	0.999	0.000	-11.968