# Stringency fit to each site after fixing tree and and all other parameters.
# Fits compared to null model of stringency = 0.503 (the overall gene value).
# P-values NOT corrected for multiple testing.
# The stringency ratio is the ratio of the fitted value to the null (overall gene value).
#
# site	stringency_ratio	P	dLnL	LnL_fixed
189	19.878	0.0149	2.963	-16.924
545	19.878	0.0163	2.888	-13.346
444	19.878	0.0197	2.721	-18.242
48	19.878	0.02	2.707	-27.421
541	19.878	0.0201	2.703	-26.995
305	19.878	0.0214	2.645	-41.018
117	19.878	0.0218	2.631	-30.070
49	19.878	0.0225	2.605	-31.867
529	19.878	0.0231	2.582	-33.868
450	19.878	0.0234	2.570	-28.099
539	19.878	0.0237	2.560	-25.956
520	19.878	0.0242	2.539	-29.409
121	19.878	0.025	2.513	-29.429
263	19.878	0.0252	2.505	-27.021
443	19.878	0.0257	2.487	-31.076
248	19.878	0.0259	2.482	-25.805
36	19.878	0.026	2.478	-41.641
344	19.878	0.0262	2.473	-35.980
66	19.878	0.027	2.447	-32.630
558	19.878	0.0272	2.440	-28.487
57	19.878	0.0282	2.409	-34.504
78	19.878	0.0284	2.401	-33.393
68	19.878	0.0288	2.391	-36.599
441	19.878	0.0288	2.388	-31.361
60	19.878	0.0289	2.388	-33.378
163	19.878	0.0291	2.382	-26.695
333	19.878	0.0302	2.350	-31.935
510	19.878	0.0305	2.339	-32.119
327	19.878	0.031	2.326	-34.335
468	19.878	0.0317	2.307	-35.008
422	19.878	0.0332	2.268	-31.347
415	19.878	0.0377	2.160	-50.401
176	19.878	0.0467	1.977	-31.052
7	19.878	0.0562	1.824	-31.606
206	18.462	0.0609	1.756	-36.494
191	19.878	0.0682	1.663	-34.166
202	13.353	0.0704	1.637	-88.939
301	19.878	0.0771	1.563	-12.486
8	19.878	0.0782	1.550	-38.221
542	19.878	0.0888	1.448	-49.489
5	19.878	0.0915	1.424	-35.870
264	19.878	0.0923	1.417	-37.695
217	18.737	0.093	1.410	-36.879
352	19.878	0.0931	1.410	-18.933
272	13.086	0.104	1.320	-48.394
105	17.951	0.117	1.230	-49.711
408	19.440	0.126	1.169	-23.826
530	19.878	0.131	1.142	-11.852
249	16.513	0.136	1.113	-58.733
536	19.522	0.136	1.109	-10.686
10	16.406	0.143	1.070	-38.600
457	18.812	0.144	1.069	-21.034
172	13.669	0.148	1.044	-25.042
438	18.652	0.152	1.024	-13.631
229	17.240	0.154	1.018	-5.853
255	17.240	0.154	1.018	-5.853
562	17.240	0.154	1.018	-5.853
21	17.124	0.154	1.015	-12.158
347	18.149	0.155	1.012	-17.699
386	18.143	0.155	1.011	-21.813
472	18.131	0.156	1.007	-20.018
42	19.046	0.156	1.007	-11.983
543	19.434	0.159	0.991	-10.297
547	18.549	0.16	0.989	-13.207
259	18.542	0.16	0.989	-14.490
546	15.361	0.161	0.984	-11.957
96	17.509	0.165	0.964	-33.704
74	17.222	0.169	0.947	-23.258
269	17.191	0.17	0.943	-22.410
515	16.754	0.17	0.942	-16.490
460	19.265	0.172	0.933	-50.544
548	18.605	0.173	0.930	-13.825
35	17.951	0.173	0.927	-36.229
394	17.771	0.174	0.922	-18.567
64	16.821	0.175	0.920	-28.104
518	17.329	0.176	0.916	-26.860
141	12.550	0.176	0.914	-67.696
556	14.482	0.178	0.907	-19.285
377	17.111	0.178	0.906	-24.425
349	16.619	0.178	0.906	-22.577
348	18.313	0.179	0.902	-7.971
300	16.450	0.181	0.894	-26.815
32	18.059	0.182	0.892	-14.455
188	17.883	0.182	0.889	-16.876
531	18.042	0.183	0.886	-13.756
86	12.040	0.185	0.880	-56.324
540	17.400	0.185	0.878	-20.394
310	15.687	0.186	0.875	-33.476
216	17.015	0.188	0.867	-23.451
315	16.497	0.189	0.864	-14.785
528	17.479	0.191	0.855	-19.176
193	14.203	0.194	0.844	-26.349
19	13.598	0.195	0.839	-28.578
497	13.799	0.196	0.838	-22.641
442	16.964	0.199	0.824	-16.836
426	16.847	0.199	0.823	-18.022
398	17.101	0.199	0.823	-14.151
95	16.750	0.201	0.817	-21.689
166	15.015	0.201	0.817	-48.818
46	16.816	0.201	0.816	-22.529
330	15.889	0.202	0.814	-28.950
261	13.746	0.203	0.809	-14.196
332	13.732	0.203	0.809	-13.239
354	13.348	0.204	0.805	-28.027
25	15.730	0.205	0.804	-30.337
190	15.426	0.206	0.799	-38.096
235	15.305	0.208	0.794	-35.194
240	13.185	0.21	0.786	-24.351
137	11.029	0.21	0.785	-67.706
373	13.435	0.21	0.785	-14.907
390	16.275	0.211	0.782	-25.012
322	16.339	0.211	0.782	-31.449
475	14.625	0.212	0.780	-35.806
281	15.783	0.212	0.778	-28.935
40	15.808	0.213	0.776	-26.763
79	13.244	0.216	0.767	-20.106
164	11.643	0.216	0.767	-47.638
517	13.035	0.218	0.759	-23.790
104	12.943	0.218	0.758	-26.623
378	14.826	0.219	0.754	-47.343
476	12.980	0.22	0.754	-25.938
214	15.711	0.22	0.754	-28.841
564	15.779	0.223	0.742	-22.059
387	15.661	0.225	0.736	-21.963
75	12.918	0.225	0.735	-24.036
73	15.651	0.227	0.731	-25.428
358	12.769	0.228	0.728	-23.956
494	15.372	0.229	0.723	-26.866
316	12.696	0.23	0.720	-27.023
535	15.225	0.231	0.718	-32.844
339	15.320	0.231	0.716	-32.540
299	12.948	0.232	0.715	-13.208
440	10.392	0.235	0.706	-37.695
280	15.247	0.235	0.705	-26.027
336	14.948	0.237	0.698	-39.297
365	12.895	0.238	0.697	-9.874
181	14.562	0.238	0.697	-39.457
525	14.878	0.24	0.691	-39.388
109	12.227	0.243	0.683	-34.474
346	12.221	0.243	0.682	-31.154
62	12.135	0.243	0.681	-33.526
343	12.585	0.246	0.672	-14.251
433	14.760	0.248	0.668	-26.993
362	12.087	0.249	0.666	-32.937
375	12.245	0.249	0.665	-28.919
146	12.270	0.251	0.660	-25.526
355	11.899	0.253	0.652	-34.741
194	14.270	0.256	0.644	-37.093
13	12.719	0.263	0.628	-47.176
6	13.872	0.264	0.623	-40.680
55	11.450	0.266	0.620	-45.634
160	10.756	0.267	0.617	-23.341
409	11.872	0.268	0.614	-19.520
360	11.326	0.272	0.603	-39.802
22	11.597	0.277	0.591	-28.007
478	11.302	0.278	0.588	-44.056
147	12.939	0.279	0.585	-47.518
2	12.705	0.288	0.566	-21.784
292	11.946	0.293	0.552	-48.663
271	12.516	0.294	0.550	-15.438
230	12.309	0.296	0.547	-37.167
279	10.988	0.298	0.543	-29.351
350	10.962	0.3	0.537	-36.698
407	11.959	0.302	0.533	-31.969
464	13.359	0.303	0.532	-33.463
429	10.431	0.317	0.502	-55.385
544	9.778	0.321	0.492	-13.459
227	0.199	0.325	0.484	-21.920
306	0.199	0.326	0.483	-25.907
81	0.199	0.327	0.481	-20.314
297	0.199	0.327	0.480	-26.152
45	9.623	0.328	0.479	-12.879
205	10.979	0.328	0.479	-73.109
319	0.199	0.328	0.479	-16.680
312	0.199	0.328	0.478	-17.705
174	0.199	0.328	0.478	-15.793
266	0.199	0.328	0.478	-17.374
251	0.199	0.329	0.477	-23.000
108	0.199	0.33	0.475	-12.637
197	0.199	0.33	0.475	-18.985
233	0.199	0.331	0.472	-20.701
65	0.199	0.331	0.472	-9.785
397	11.796	0.332	0.470	-50.728
140	0.199	0.333	0.469	-15.223
252	9.916	0.333	0.468	-21.727
134	0.199	0.335	0.465	-11.308
505	8.805	0.336	0.463	-21.994
16	11.175	0.336	0.463	-28.183
87	7.237	0.341	0.454	-62.818
396	9.212	0.345	0.445	-15.651
557	9.179	0.347	0.443	-19.991
380	8.190	0.354	0.430	-37.169
93	8.952	0.358	0.422	-23.227
179	8.815	0.365	0.410	-27.823
431	7.065	0.366	0.409	-45.661
178	7.766	0.368	0.405	-87.952
125	8.165	0.369	0.403	-26.023
338	8.661	0.373	0.396	-28.690
341	8.608	0.375	0.394	-24.110
288	7.929	0.377	0.391	-61.274
276	0.199	0.381	0.384	-66.302
455	7.929	0.386	0.376	-33.231
554	8.339	0.391	0.368	-29.004
99	0.199	0.407	0.344	-35.628
90	7.709	0.425	0.318	-52.175
132	8.421	0.426	0.317	-12.768
239	0.199	0.431	0.309	-65.233
337	0.199	0.435	0.305	-32.732
513	8.517	0.435	0.304	-40.410
170	7.078	0.44	0.298	-75.859
278	7.340	0.441	0.297	-19.610
265	9.302	0.442	0.296	-57.127
157	0.199	0.451	0.284	-57.403
212	8.221	0.451	0.284	-29.442
198	0.199	0.454	0.281	-62.570
413	8.517	0.456	0.278	-30.967
508	7.165	0.458	0.275	-15.962
302	8.319	0.459	0.274	-7.796
287	7.361	0.466	0.265	-57.285
103	8.146	0.469	0.262	-6.850
471	8.146	0.469	0.262	-6.850
555	8.146	0.469	0.262	-6.850
456	8.165	0.471	0.260	-18.436
385	8.171	0.474	0.256	-25.898
61	0.199	0.475	0.255	-53.622
392	8.027	0.476	0.254	-12.139
14	7.781	0.477	0.253	-25.013
124	7.874	0.48	0.250	-30.680
370	7.892	0.484	0.245	-10.600
402	7.798	0.49	0.239	-12.583
511	7.798	0.49	0.239	-14.271
537	7.896	0.495	0.233	-11.511
26	7.681	0.497	0.230	-13.797
3	5.509	0.498	0.230	-65.418
262	7.649	0.499	0.228	-13.272
446	7.646	0.5	0.228	-15.441
382	7.801	0.501	0.227	-19.023
72	7.688	0.506	0.221	-33.222
324	7.713	0.506	0.221	-14.330
47	7.541	0.506	0.221	-19.379
58	0.199	0.507	0.220	-22.526
151	0.199	0.508	0.219	-23.632
290	0.199	0.51	0.217	-16.922
71	0.199	0.51	0.217	-21.080
470	7.478	0.511	0.216	-21.487
553	0.199	0.511	0.216	-20.937
294	0.199	0.513	0.214	-15.661
486	0.199	0.513	0.214	-14.853
59	5.667	0.513	0.214	-49.623
318	0.199	0.514	0.213	-16.489
85	0.199	0.514	0.213	-63.262
83	0.199	0.514	0.213	-13.459
560	0.199	0.515	0.212	-15.455
490	0.199	0.515	0.212	-16.506
39	7.413	0.515	0.212	-19.027
106	0.199	0.516	0.211	-12.301
563	0.199	0.517	0.210	-11.297
479	0.199	0.518	0.209	-11.644
20	0.199	0.52	0.207	-8.551
182	7.320	0.522	0.205	-19.723
80	7.297	0.523	0.204	-21.853
335	7.245	0.527	0.200	-21.315
291	0.199	0.532	0.196	-48.568
437	7.182	0.532	0.196	-22.929
237	0.199	0.535	0.193	-100.454
403	7.019	0.535	0.192	-44.197
493	7.210	0.539	0.188	-19.341
502	0.199	0.542	0.186	-43.758
114	6.661	0.545	0.184	-7.103
213	6.661	0.545	0.184	-7.103
9	0.199	0.546	0.182	-41.160
423	6.984	0.546	0.182	-28.966
309	6.959	0.548	0.180	-27.717
379	0.199	0.549	0.179	-20.798
122	6.972	0.55	0.179	-22.896
454	0.199	0.55	0.179	-21.853
451	0.199	0.552	0.177	-16.028
549	7.098	0.553	0.176	-35.502
33	0.199	0.554	0.175	-15.297
304	6.964	0.557	0.172	-27.619
253	0.199	0.558	0.172	-14.601
30	0.199	0.558	0.171	-13.292
17	0.199	0.558	0.171	-12.014
244	6.470	0.559	0.171	-11.041
361	0.199	0.56	0.170	-8.174
427	0.199	0.56	0.170	-8.174
428	0.199	0.56	0.170	-8.174
516	0.199	0.56	0.170	-8.174
461	6.446	0.561	0.169	-10.727
395	6.780	0.562	0.168	-31.838
113	0.199	0.568	0.163	-48.158
526	6.315	0.571	0.160	-12.692
436	6.305	0.572	0.159	-13.917
532	6.292	0.573	0.159	-14.077
364	6.288	0.574	0.158	-14.429
183	0.199	0.574	0.158	-68.305
221	6.280	0.574	0.158	-16.712
459	6.701	0.577	0.156	-48.814
499	6.249	0.577	0.156	-12.320
417	0.199	0.578	0.155	-44.692
180	6.225	0.579	0.154	-14.669
323	0.199	0.581	0.152	-48.751
328	0.199	0.582	0.151	-43.921
27	6.529	0.583	0.151	-36.867
107	6.161	0.584	0.150	-15.918
487	0.199	0.585	0.149	-21.830
94	6.141	0.586	0.148	-18.635
334	0.199	0.586	0.148	-35.937
289	0.199	0.587	0.148	-28.544
374	5.155	0.587	0.147	-21.221
236	0.199	0.588	0.147	-27.687
201	0.199	0.588	0.147	-95.230
342	0.199	0.59	0.145	-24.980
473	0.199	0.591	0.145	-35.316
177	0.199	0.592	0.143	-67.652
509	0.199	0.593	0.143	-33.471
458	0.199	0.594	0.142	-38.275
495	0.199	0.595	0.141	-29.601
448	0.199	0.597	0.139	-20.895
118	0.199	0.598	0.139	-22.920
465	0.199	0.599	0.138	-19.506
274	0.199	0.601	0.137	-19.333
241	0.199	0.601	0.137	-18.667
232	0.199	0.602	0.136	-16.565
463	0.199	0.602	0.136	-20.133
320	0.199	0.602	0.136	-25.353
418	0.199	0.602	0.136	-18.828
503	0.199	0.603	0.136	-18.736
393	0.199	0.603	0.135	-21.560
519	0.199	0.603	0.135	-20.512
432	0.199	0.604	0.135	-25.449
135	0.199	0.604	0.134	-32.056
414	0.199	0.605	0.134	-34.935
381	0.199	0.605	0.134	-23.674
326	0.199	0.605	0.134	-18.199
51	4.758	0.606	0.133	-41.460
504	5.902	0.606	0.133	-21.650
485	0.199	0.606	0.133	-20.282
267	0.199	0.606	0.133	-69.420
500	0.199	0.607	0.133	-25.931
425	0.199	0.607	0.132	-23.116
512	0.199	0.607	0.132	-16.549
466	6.195	0.609	0.131	-52.966
400	0.199	0.609	0.131	-21.651
421	6.059	0.61	0.130	-35.367
506	0.199	0.612	0.129	-52.824
129	0.199	0.613	0.128	-58.337
56	0.199	0.614	0.127	-9.639
282	6.103	0.614	0.127	-46.392
186	0.199	0.618	0.124	-12.220
219	4.660	0.62	0.123	-8.456
533	4.660	0.62	0.123	-8.456
161	0.199	0.621	0.122	-36.398
173	5.708	0.624	0.120	-26.258
469	0.199	0.625	0.120	-50.386
483	5.683	0.626	0.119	-26.303
38	0.199	0.626	0.119	-18.594
184	0.199	0.627	0.118	-45.358
321	5.668	0.627	0.118	-23.818
101	0.199	0.631	0.115	-45.390
453	0.199	0.631	0.115	-29.806
150	5.373	0.632	0.115	-43.576
514	0.199	0.632	0.115	-50.945
171	0.199	0.635	0.113	-59.716
88	0.199	0.636	0.112	-50.176
367	0.199	0.636	0.112	-24.636
226	5.039	0.638	0.111	-43.102
477	5.643	0.638	0.110	-33.178
366	5.540	0.639	0.110	-27.603
250	0.199	0.641	0.108	-32.202
218	4.631	0.643	0.107	-36.263
207	5.483	0.644	0.107	-30.369
501	5.478	0.645	0.106	-30.618
91	4.430	0.647	0.105	-16.199
234	0.199	0.647	0.105	-39.642
195	0.199	0.647	0.105	-18.654
376	5.204	0.648	0.104	-16.301
357	5.229	0.648	0.104	-19.596
44	0.199	0.649	0.104	-18.782
538	4.441	0.649	0.103	-21.483
175	0.199	0.65	0.103	-71.962
368	0.199	0.651	0.102	-14.960
311	0.199	0.652	0.102	-14.952
196	0.199	0.652	0.102	-16.125
53	0.199	0.653	0.101	-14.878
148	5.253	0.655	0.100	-37.373
220	0.199	0.657	0.098	-53.780
126	4.322	0.658	0.098	-18.258
76	0.199	0.658	0.098	-5.683
92	0.199	0.658	0.098	-5.683
139	0.199	0.658	0.098	-5.683
192	0.199	0.658	0.098	-5.683
246	0.199	0.658	0.098	-5.683
356	0.199	0.658	0.098	-5.683
363	0.199	0.658	0.098	-5.683
434	0.199	0.658	0.098	-5.683
551	0.199	0.658	0.098	-5.683
102	0.199	0.66	0.097	-45.536
24	0.199	0.662	0.096	-7.961
77	4.051	0.663	0.095	-75.240
23	5.275	0.664	0.095	-34.634
447	5.046	0.664	0.094	-20.721
254	0.199	0.664	0.094	-24.296
28	4.260	0.665	0.094	-19.647
484	0.199	0.666	0.093	-8.908
185	0.199	0.667	0.093	-75.692
231	0.199	0.667	0.093	-72.518
144	0.199	0.668	0.092	-165.442
138	4.222	0.673	0.089	-26.560
123	4.134	0.677	0.087	-25.305
388	0.199	0.679	0.086	-23.277
67	0.199	0.68	0.085	-27.659
69	4.196	0.681	0.085	-25.499
424	0.199	0.682	0.084	-35.779
149	4.970	0.682	0.084	-62.052
110	0.199	0.683	0.083	-31.400
270	0.199	0.684	0.083	-32.004
389	0.199	0.685	0.082	-52.762
401	0.199	0.685	0.082	-6.408
491	0.199	0.685	0.082	-6.408
552	0.199	0.685	0.082	-6.408
286	0.199	0.686	0.082	-62.883
211	0.199	0.686	0.082	-19.880
168	0.199	0.687	0.081	-53.029
208	0.199	0.688	0.081	-47.518
283	4.066	0.688	0.080	-27.662
298	4.224	0.692	0.078	-75.183
63	0.199	0.693	0.078	-46.993
561	0.199	0.693	0.078	-20.011
522	0.199	0.693	0.078	-14.197
351	0.199	0.695	0.077	-20.349
257	0.199	0.695	0.077	-20.194
133	0.199	0.696	0.076	-25.159
550	0.199	0.697	0.076	-23.306
293	0.199	0.698	0.075	-73.965
156	0.199	0.698	0.075	-60.292
143	0.199	0.698	0.075	-136.278
224	0.199	0.699	0.075	-45.800
410	0.199	0.699	0.075	-18.556
430	0.199	0.7	0.074	-18.251
412	0.199	0.704	0.072	-17.970
145	0.199	0.706	0.071	-116.185
524	3.981	0.706	0.071	-46.130
165	0.199	0.707	0.071	-17.388
313	4.713	0.707	0.070	-44.771
130	0.199	0.709	0.070	-16.366
482	0.199	0.709	0.070	-16.474
167	4.968	0.709	0.070	-56.708
307	0.199	0.71	0.069	-26.893
111	0.199	0.71	0.069	-16.022
222	4.564	0.712	0.068	-44.024
345	0.199	0.713	0.068	-13.232
225	0.199	0.718	0.065	-12.543
405	0.199	0.718	0.065	-14.054
15	0.199	0.72	0.064	-51.929
480	0.199	0.72	0.064	-8.009
142	0.199	0.723	0.063	-15.364
52	0.199	0.724	0.062	-41.938
223	0.199	0.735	0.057	-47.582
12	4.017	0.735	0.057	-58.255
204	0.199	0.735	0.057	-52.020
153	0.199	0.741	0.055	-44.867
199	4.109	0.747	0.052	-31.164
18	3.761	0.747	0.052	-8.250
43	3.761	0.747	0.052	-8.250
268	3.861	0.747	0.052	-37.627
303	4.103	0.75	0.051	-34.315
419	3.651	0.753	0.049	-9.884
285	3.713	0.756	0.048	-42.380
100	0.199	0.757	0.048	-38.171
152	0.199	0.761	0.046	-39.893
452	0.199	0.762	0.046	-40.961
383	3.619	0.762	0.046	-10.646
158	0.199	0.763	0.046	-48.547
296	3.581	0.766	0.044	-11.765
275	0.199	0.768	0.044	-60.547
331	3.541	0.769	0.043	-12.663
314	3.568	0.769	0.043	-17.196
277	0.199	0.77	0.043	-55.378
84	0.199	0.773	0.042	-27.906
488	0.199	0.78	0.039	-35.267
228	3.349	0.784	0.037	-7.548
474	3.349	0.784	0.037	-7.548
399	3.330	0.786	0.037	-10.767
34	3.374	0.787	0.037	-16.822
284	0.199	0.787	0.037	-26.854
120	0.199	0.788	0.036	-23.982
260	3.486	0.788	0.036	-27.312
154	0.199	0.792	0.035	-70.754
1	3.181	0.795	0.034	-37.589
50	3.211	0.798	0.033	-11.570
325	0.199	0.799	0.032	-61.013
200	0.199	0.801	0.032	-56.480
258	3.162	0.803	0.031	-15.620
445	3.135	0.806	0.030	-12.744
527	0.199	0.809	0.029	-18.667
128	3.037	0.816	0.027	-15.139
462	3.030	0.817	0.027	-20.016
411	2.979	0.822	0.025	-14.606
4	0.199	0.824	0.025	-36.115
41	2.976	0.824	0.025	-23.523
439	2.936	0.826	0.024	-13.782
420	0.199	0.828	0.024	-28.109
119	2.912	0.829	0.023	-21.102
406	2.934	0.831	0.023	-30.050
492	2.877	0.832	0.022	-19.783
155	2.576	0.833	0.022	-51.424
82	0.199	0.834	0.022	-25.685
169	0.199	0.841	0.020	-59.209
521	0.199	0.842	0.020	-24.338
209	0.199	0.846	0.019	-29.629
435	2.701	0.849	0.018	-23.809
247	2.700	0.849	0.018	-21.991
97	2.704	0.849	0.018	-19.843
498	2.604	0.85	0.018	-8.847
507	2.688	0.851	0.018	-18.631
391	2.609	0.854	0.017	-15.414
416	2.649	0.855	0.017	-22.112
317	0.199	0.858	0.016	-16.202
359	0.199	0.861	0.015	-13.923
481	2.575	0.862	0.015	-20.835
70	0.199	0.869	0.014	-23.794
131	2.496	0.87	0.013	-21.252
187	0.199	0.871	0.013	-12.772
116	2.461	0.873	0.013	-26.836
98	0.199	0.877	0.012	-35.415
238	0.199	0.878	0.012	-21.438
371	0.199	0.879	0.012	-54.230
295	0.199	0.882	0.011	-25.257
159	0.199	0.883	0.011	-30.295
273	0.199	0.89	0.010	-61.336
112	2.327	0.891	0.009	-51.423
243	2.090	0.892	0.009	-14.138
329	0.199	0.898	0.008	-12.669
467	0.199	0.901	0.008	-20.177
127	0.199	0.904	0.007	-23.897
115	2.124	0.905	0.007	-30.798
449	2.020	0.908	0.007	-15.700
29	1.990	0.911	0.006	-20.713
54	0.199	0.914	0.006	-32.316
404	0.199	0.916	0.006	-15.206
245	1.891	0.916	0.006	-21.649
496	1.796	0.921	0.005	-12.041
31	1.876	0.922	0.005	-22.855
37	1.917	0.924	0.005	-31.168
384	0.199	0.925	0.004	-18.876
523	0.281	0.931	0.004	-18.817
369	0.282	0.932	0.004	-19.067
136	0.234	0.935	0.003	-60.289
340	0.429	0.946	0.002	-10.716
89	1.588	0.95	0.002	-58.255
372	0.492	0.951	0.002	-17.181
162	0.523	0.955	0.002	-29.626
203	0.565	0.958	0.001	-9.940
534	1.472	0.96	0.001	-30.499
353	0.647	0.974	0.001	-38.090
308	0.770	0.978	0.000	-16.078
489	0.794	0.982	0.000	-39.622
215	0.833	0.983	0.000	-24.235
559	0.846	0.985	0.000	-16.017
242	1.138	0.987	0.000	-30.349
256	1.125	0.988	0.000	-31.308
210	1.128	0.988	0.000	-46.473
11	0.932	0.991	0.000	-38.591