# Omega fit to each site after fixing tree and and all other parameters.
# Not using '--omegabysite_fixsyn', so we fit a synonymous rate for each site. This means we compare fitting omega and a synonymous rate to fitting just a synonymous rate.
# Fits compared to null model of omega = 1.000; P-values NOT corrected for multiple testing.
#
# site	omega	P	dLnL
305	0.001	9.44e-06	9.810
515	0.063	2.43e-05	8.909
474	0.001	3e-05	8.708
343	0.001	6.05e-05	8.043
148	0.001	0.000149	7.189
389	0.025	0.000175	7.040
494	0.001	0.000369	6.341
520	0.001	0.000426	6.208
372	0.114	0.000476	6.105
168	0.131	0.000919	5.492
56	0.001	0.000953	5.458
75	0.001	0.00101	5.406
518	0.001	0.00103	5.383
342	0.001	0.00123	5.225
28	0.001	0.00126	5.201
368	0.001	0.0017	4.926
209	0.115	0.00191	4.818
456	0.060	0.00202	4.766
410	0.001	0.00238	4.615
42	0.001	0.00314	4.362
482	0.001	0.0034	4.289
306	0.001	0.00357	4.246
161	99.000	0.00363	4.229
239	0.001	0.00415	4.107
550	0.079	0.00444	4.046
268	0.175	0.00577	3.811
431	0.001	0.00612	3.758
231	0.070	0.00644	3.711
237	0.001	0.00724	3.606
430	0.001	0.00724	3.606
510	0.092	0.00751	3.573
138	0.192	0.00837	3.476
502	0.001	0.00892	3.419
228	0.001	0.00949	3.364
170	0.191	0.00971	3.344
396	0.001	0.00982	3.333
507	0.171	0.0102	3.304
10	0.128	0.0103	3.292
152	0.001	0.0104	3.283
65	0.001	0.0106	3.264
281	0.001	0.0107	3.261
394	0.001	0.0107	3.255
321	0.001	0.0112	3.218
276	0.208	0.0114	3.205
535	0.001	0.0117	3.181
484	0.001	0.0122	3.144
412	0.001	0.013	3.085
471	0.001	0.0133	3.066
479	0.001	0.0147	2.978
347	0.001	0.0153	2.939
555	0.001	0.0157	2.920
536	99.000	0.0158	2.915
504	0.001	0.0164	2.881
175	0.001	0.0166	2.871
285	0.105	0.0169	2.855
323	0.001	0.0172	2.839
519	0.001	0.0194	2.732
501	0.101	0.0196	2.726
38	0.001	0.0198	2.714
180	0.001	0.0201	2.701
337	0.165	0.0206	2.680
184	0.236	0.021	2.662
395	0.001	0.0211	2.661
112	0.001	0.0212	2.655
493	0.001	0.0214	2.646
551	0.001	0.0215	2.642
409	0.001	0.0218	2.630
339	0.001	0.0237	2.557
271	0.001	0.0242	2.540
433	0.109	0.0248	2.519
367	0.001	0.0249	2.514
4	99.000	0.0251	2.510
37	0.001	0.0254	2.500
258	0.001	0.0254	2.498
52	99.000	0.0259	2.482
376	0.001	0.0269	2.449
388	0.001	0.0279	2.419
511	0.001	0.0281	2.411
139	0.001	0.0287	2.393
405	0.001	0.0299	2.357
455	0.001	0.0299	2.357
424	0.001	0.0302	2.348
359	0.001	0.031	2.325
208	0.001	0.0313	2.318
508	0.001	0.0318	2.305
407	0.001	0.0323	2.292
378	0.001	0.0326	2.282
541	0.001	0.0342	2.243
288	0.252	0.0345	2.235
434	99.000	0.0357	2.205
468	0.001	0.0365	2.186
469	0.001	0.0371	2.173
310	0.001	0.0375	2.164
505	0.001	0.0387	2.136
292	0.220	0.0389	2.132
453	0.148	0.039	2.131
352	0.001	0.0401	2.108
63	0.001	0.0403	2.102
150	4.485	0.0413	2.081
340	0.137	0.0414	2.079
454	0.001	0.042	2.067
322	0.001	0.0433	2.041
26	0.001	0.0441	2.027
486	0.001	0.0448	2.013
512	0.001	0.0448	2.012
565	0.001	0.0451	2.008
191	0.001	0.0452	2.005
212	0.090	0.0454	2.002
117	0.001	0.0472	1.969
273	0.220	0.0475	1.964
146	5.115	0.0486	1.944
48	0.001	0.0504	1.914
236	0.149	0.0505	1.913
116	0.001	0.0516	1.895
449	0.001	0.052	1.888
47	0.001	0.0523	1.883
172	0.294	0.0525	1.880
81	0.001	0.0541	1.854
408	0.169	0.0545	1.848
543	0.185	0.0549	1.842
5	6.074	0.0563	1.821
132	0.001	0.0568	1.815
316	0.001	0.0575	1.803
207	5.918	0.0583	1.792
417	0.001	0.0584	1.792
128	0.137	0.0596	1.774
382	0.154	0.0602	1.766
222	0.001	0.0621	1.740
217	0.001	0.0631	1.727
554	0.001	0.0641	1.714
248	0.001	0.0646	1.707
290	0.182	0.0658	1.692
234	0.001	0.0662	1.687
498	0.001	0.0674	1.673
416	0.001	0.0696	1.646
380	0.001	0.0705	1.636
401	0.001	0.0711	1.629
92	0.001	0.0714	1.626
426	0.001	0.0715	1.624
241	0.001	0.0723	1.615
539	0.001	0.0727	1.610
147	0.001	0.0735	1.602
197	0.001	0.076	1.574
11	99.000	0.0762	1.572
24	0.001	0.0766	1.567
291	0.001	0.0769	1.564
463	0.001	0.0773	1.560
369	0.001	0.0787	1.546
503	0.244	0.0788	1.545
370	0.001	0.0792	1.540
442	0.001	0.0832	1.501
522	0.157	0.0845	1.488
345	0.001	0.0863	1.471
540	0.001	0.0868	1.466
438	0.001	0.0879	1.456
174	0.001	0.0886	1.450
60	5.050	0.0895	1.441
298	0.001	0.0897	1.440
299	0.347	0.0912	1.426
88	0.328	0.0926	1.414
419	0.001	0.0944	1.399
40	0.001	0.0946	1.398
403	0.001	0.0958	1.387
196	0.001	0.0961	1.385
45	0.001	0.0969	1.378
182	0.249	0.0982	1.367
55	0.202	0.0995	1.357
282	0.001	0.0997	1.355
53	0.259	0.0998	1.354
392	0.001	0.0999	1.354
521	0.001	0.101	1.346
279	0.001	0.105	1.315
61	0.001	0.105	1.310
252	0.001	0.107	1.298
458	0.001	0.111	1.269
278	0.362	0.112	1.266
275	0.001	0.112	1.262
452	0.001	0.113	1.259
354	0.001	0.113	1.256
68	0.186	0.114	1.251
110	0.001	0.115	1.242
218	0.270	0.116	1.238
145	0.481	0.116	1.236
284	0.001	0.117	1.227
105	0.001	0.118	1.223
461	4.708	0.12	1.208
533	0.001	0.122	1.199
238	2.844	0.124	1.185
335	0.001	0.124	1.181
85	5.849	0.125	1.174
355	0.001	0.127	1.167
459	0.281	0.127	1.167
235	0.306	0.128	1.156
487	0.001	0.13	1.148
15	99.000	0.131	1.140
313	0.001	0.132	1.132
390	0.335	0.134	1.125
413	0.001	0.134	1.123
226	0.001	0.14	1.089
216	0.207	0.14	1.087
464	0.203	0.141	1.082
527	0.001	0.146	1.059
336	0.001	0.146	1.058
437	0.001	0.147	1.052
127	0.001	0.149	1.043
30	0.001	0.149	1.041
144	0.385	0.15	1.037
557	0.001	0.15	1.034
73	0.293	0.151	1.030
351	0.001	0.151	1.030
125	0.236	0.151	1.029
513	0.001	0.152	1.028
397	99.000	0.152	1.024
254	0.001	0.153	1.021
257	99.000	0.153	1.019
59	0.001	0.156	1.006
317	0.001	0.157	1.001
296	0.001	0.159	0.993
3	99.000	0.159	0.991
98	0.001	0.161	0.984
465	0.240	0.165	0.966
350	0.001	0.165	0.962
32	0.001	0.167	0.957
187	0.001	0.167	0.956
155	0.401	0.172	0.931
215	0.001	0.173	0.926
312	0.001	0.174	0.925
183	0.001	0.174	0.924
319	0.001	0.175	0.921
523	99.000	0.175	0.920
41	0.255	0.177	0.912
334	0.001	0.178	0.906
549	99.000	0.179	0.901
500	0.001	0.179	0.901
219	3.467	0.181	0.893
333	0.001	0.182	0.892
379	0.001	0.182	0.889
249	0.001	0.184	0.882
399	0.001	0.185	0.878
383	0.001	0.188	0.866
477	0.001	0.19	0.858
301	0.001	0.192	0.852
67	0.001	0.193	0.847
49	0.001	0.193	0.847
406	0.001	0.194	0.843
83	0.246	0.195	0.838
181	0.001	0.197	0.831
23	0.001	0.199	0.825
361	0.294	0.201	0.818
341	0.001	0.205	0.803
277	3.191	0.205	0.802
489	0.300	0.206	0.800
542	0.001	0.207	0.797
243	0.264	0.209	0.790
34	0.001	0.209	0.789
363	0.001	0.211	0.782
423	0.001	0.211	0.781
244	99.000	0.212	0.779
94	0.001	0.212	0.779
491	0.001	0.215	0.769
211	3.444	0.215	0.769
561	0.001	0.215	0.768
33	0.001	0.216	0.764
31	0.001	0.217	0.761
295	0.001	0.217	0.761
76	0.001	0.221	0.750
356	0.001	0.222	0.746
559	0.001	0.223	0.742
27	0.001	0.224	0.740
483	0.001	0.227	0.731
86	2.335	0.234	0.708
134	0.001	0.234	0.707
440	0.001	0.234	0.707
72	0.001	0.238	0.697
129	0.001	0.238	0.696
460	0.425	0.24	0.691
13	3.050	0.24	0.691
328	0.001	0.241	0.688
100	0.374	0.242	0.686
102	0.387	0.243	0.681
400	0.001	0.245	0.674
558	0.001	0.247	0.671
445	0.001	0.248	0.669
151	3.260	0.251	0.660
427	0.001	0.254	0.652
259	0.001	0.255	0.649
415	99.000	0.255	0.647
119	0.292	0.256	0.646
164	0.001	0.257	0.644
189	0.001	0.259	0.638
466	99.000	0.26	0.636
436	0.001	0.26	0.634
51	0.001	0.261	0.633
131	0.001	0.261	0.632
120	0.001	0.261	0.631
270	0.001	0.263	0.626
245	0.001	0.263	0.625
532	0.001	0.267	0.616
325	0.001	0.267	0.615
58	0.001	0.268	0.615
188	99.000	0.269	0.612
386	0.316	0.269	0.611
439	0.001	0.269	0.610
79	0.001	0.27	0.607
54	0.001	0.271	0.606
29	0.001	0.273	0.601
447	0.001	0.275	0.597
509	99.000	0.276	0.592
387	0.001	0.28	0.584
82	0.001	0.28	0.583
108	0.001	0.281	0.581
560	0.001	0.282	0.579
69	0.001	0.284	0.575
307	0.001	0.284	0.575
133	99.000	0.285	0.572
221	0.472	0.286	0.570
444	0.001	0.286	0.570
264	0.001	0.286	0.569
253	0.283	0.287	0.566
90	2.704	0.289	0.562
242	0.001	0.293	0.552
157	2.455	0.294	0.551
6	0.430	0.296	0.546
385	0.001	0.305	0.525
50	0.001	0.311	0.513
262	0.001	0.312	0.512
141	0.001	0.32	0.495
186	1.773	0.32	0.494
538	0.001	0.321	0.493
123	0.309	0.326	0.483
425	2.371	0.333	0.469
320	0.001	0.334	0.467
451	0.001	0.334	0.466
373	0.001	0.335	0.465
130	2.068	0.339	0.456
22	99.000	0.342	0.452
374	0.001	0.343	0.450
91	0.431	0.344	0.447
106	0.484	0.345	0.446
57	0.001	0.345	0.446
111	2.852	0.345	0.446
260	0.001	0.345	0.445
467	2.492	0.346	0.444
450	0.001	0.347	0.443
95	0.001	0.348	0.440
289	0.551	0.349	0.438
398	1.991	0.353	0.431
480	0.001	0.353	0.430
393	0.001	0.355	0.427
263	0.001	0.356	0.426
171	1.844	0.357	0.424
36	99.000	0.359	0.421
564	0.001	0.359	0.421
149	0.403	0.36	0.419
346	0.001	0.361	0.417
497	99.000	0.363	0.414
46	0.001	0.368	0.405
89	0.502	0.37	0.401
304	0.444	0.374	0.396
35	0.001	0.375	0.394
122	0.001	0.377	0.390
462	0.001	0.377	0.390
43	0.001	0.379	0.386
377	3.828	0.382	0.382
113	1.888	0.383	0.380
422	0.466	0.386	0.376
530	0.001	0.388	0.373
302	99.000	0.388	0.372
476	0.437	0.389	0.371
185	0.498	0.39	0.369
84	0.001	0.395	0.362
443	3.535	0.395	0.362
473	0.001	0.395	0.362
190	0.001	0.397	0.359
272	99.000	0.399	0.356
495	0.412	0.401	0.353
199	0.606	0.401	0.353
331	2.486	0.405	0.347
156	0.564	0.405	0.347
446	0.001	0.406	0.346
233	0.001	0.407	0.344
478	0.414	0.413	0.335
348	0.001	0.417	0.330
109	0.001	0.418	0.328
103	0.539	0.418	0.328
62	0.589	0.424	0.320
99	0.480	0.424	0.320
80	0.001	0.424	0.319
365	0.001	0.425	0.319
391	0.413	0.428	0.314
375	3.203	0.431	0.309
545	0.001	0.434	0.306
70	0.394	0.434	0.305
178	1.784	0.445	0.292
101	0.526	0.448	0.288
198	0.001	0.448	0.287
421	0.442	0.455	0.280
118	0.001	0.457	0.277
246	0.411	0.457	0.276
18	0.001	0.462	0.271
525	0.573	0.462	0.270
2	1.854	0.463	0.270
332	0.001	0.474	0.256
418	1.761	0.476	0.254
300	0.001	0.478	0.252
107	0.001	0.485	0.244
371	0.001	0.487	0.242
136	0.481	0.49	0.238
204	0.001	0.491	0.237
283	1.741	0.492	0.237
311	0.513	0.494	0.234
526	0.566	0.494	0.234
203	0.650	0.5	0.227
404	0.597	0.5	0.227
213	0.506	0.503	0.225
280	0.488	0.505	0.222
269	1.861	0.508	0.219
267	0.001	0.509	0.218
224	1.613	0.517	0.210
166	99.000	0.518	0.209
297	0.001	0.522	0.205
202	1.445	0.523	0.204
205	0.618	0.527	0.200
195	1.709	0.533	0.194
432	1.716	0.536	0.192
261	2.095	0.538	0.190
255	2.073	0.546	0.182
457	2.434	0.547	0.181
8	2.084	0.554	0.175
309	0.001	0.557	0.172
97	0.586	0.558	0.172
287	0.682	0.561	0.169
344	0.001	0.563	0.167
179	1.466	0.565	0.166
330	99.000	0.571	0.160
384	0.001	0.574	0.158
411	2.219	0.588	0.146
206	0.708	0.59	0.146
173	1.905	0.591	0.144
327	0.523	0.598	0.139
514	0.634	0.599	0.138
548	0.001	0.601	0.137
12	0.626	0.605	0.134
124	1.980	0.605	0.134
142	1.409	0.608	0.132
74	0.596	0.611	0.129
169	1.503	0.614	0.127
329	0.577	0.62	0.123
137	1.408	0.627	0.118
160	0.596	0.642	0.108
143	0.514	0.644	0.107
16	0.599	0.658	0.098
326	0.751	0.658	0.098
159	1.398	0.659	0.097
274	1.408	0.666	0.093
265	0.701	0.669	0.091
167	1.426	0.67	0.091
223	1.556	0.671	0.090
78	0.800	0.695	0.077
381	1.397	0.7	0.074
232	1.286	0.705	0.072
420	99.000	0.722	0.063
7	1.310	0.725	0.062
114	1.320	0.734	0.058
201	0.699	0.737	0.056
250	0.805	0.738	0.056
441	1.461	0.746	0.052
210	0.683	0.752	0.050
200	0.753	0.761	0.046
414	1.323	0.763	0.045
225	0.805	0.773	0.042
529	1.507	0.775	0.041
240	1.243	0.783	0.038
528	1.476	0.785	0.037
496	1.346	0.788	0.036
158	0.803	0.791	0.035
121	0.746	0.796	0.034
192	0.766	0.81	0.029
524	1.934	0.819	0.026
360	99.000	0.821	0.026
14	0.852	0.821	0.025
87	1.261	0.824	0.025
314	1.176	0.826	0.024
353	1.372	0.826	0.024
308	0.771	0.826	0.024
286	0.829	0.833	0.022
562	0.745	0.837	0.021
20	0.846	0.857	0.016
294	1.134	0.858	0.016
153	1.145	0.86	0.016
488	1.240	0.861	0.015
96	0.806	0.863	0.015
39	0.783	0.863	0.015
506	0.810	0.864	0.015
163	1.240	0.867	0.014
324	1.124	0.871	0.013
9	0.836	0.871	0.013
17	0.828	0.873	0.013
266	1.101	0.878	0.012
338	1.191	0.88	0.011
162	0.876	0.882	0.011
177	1.183	0.886	0.010
293	1.102	0.898	0.008
318	1.194	0.901	0.008
176	1.064	0.923	0.005
165	0.928	0.927	0.004
251	1.085	0.93	0.004
448	1.105	0.938	0.003
470	1.054	0.94	0.003
194	1.097	0.941	0.003
516	1.075	0.961	0.001
71	0.941	0.962	0.001
64	1.043	0.968	0.001
315	0.950	0.971	0.001
154	1.019	0.982	0.000
126	1.023	0.985	0.000
490	0.990	0.99	0.000
358	0.983	0.991	0.000
227	1.007	0.993	0.000
499	0.008	1	0.000
517	0.132	1	0.000
402	0.217	1	0.000
256	0.085	1	0.000
547	2.404	1	0.000
546	3.259	1	0.000
481	0.018	1	0.000
563	0.107	1	0.000
492	0.272	1	0.000
44	2.833	1	0.000
553	0.219	1	0.000
66	2.054	1	0.000
544	2.475	1	0.000
531	1.859	1	0.000
366	2.101	1	0.000
534	1.949	1	0.000
135	1.943	1	0.000
230	0.290	1	0.000
485	1.995	1	0.000
357	0.266	1	0.000
556	0.168	1	0.000
428	1.857	1	0.000
537	1.967	1	0.000
429	1.843	1	0.000
21	1.950	1	0.000
19	1.875	1	0.000
472	1.949	1	0.000
77	0.291	1	0.000
115	1.836	1	0.000
303	1.911	1	0.000
140	0.160	1	0.000
93	0.191	1	0.000
362	1.877	1	0.000
475	1.937	1	0.000
193	0.141	1	0.000
552	0.274	1	0.000
25	3.228	1	0.000
364	0.242	1	0.000
214	1.796	1	0.000
349	1.853	1	0.000
247	0.276	1	0.000
229	2.116	1	0.000
104	0.660	1	-0.000
220	0.001	1	-0.000
435	0.282	1	-0.000