# Stringency fit to each site after fixing tree and and all other parameters.
# Fits compared to null model of stringency = 1.819 (the overall gene value).
# P-values NOT corrected for multiple testing.
# The stringency ratio is the ratio of the fitted value to the null (overall gene value).
#
# site	stringency_ratio	P	dLnL	LnL_fixed
342	0.055	1.26e-08	16.194	-42.162
223	0.055	4e-06	10.633	-52.504
78	0.055	1.07e-05	9.691	-83.758
36	0.332	0.000156	7.152	-39.660
218	0.055	0.000786	5.637	-43.428
75	0.055	0.00142	5.088	-30.308
150	0.055	0.00147	5.056	-63.987
202	0.055	0.00276	4.479	-93.677
231	0.055	0.00276	4.478	-42.865
502	5.498	0.00279	4.471	-29.194
390	0.055	0.00407	4.125	-56.394
415	0.055	0.00652	3.700	-35.996
368	5.498	0.00673	3.672	-21.878
489	0.471	0.00686	3.655	-36.315
158	0.056	0.00734	3.594	-57.652
551	5.498	0.00785	3.534	-22.045
494	5.498	0.00848	3.465	-18.312
175	0.055	0.00905	3.406	-19.487
347	5.498	0.0124	3.128	-28.915
484	5.498	0.0129	3.093	-24.110
112	0.213	0.0151	2.950	-19.978
56	3.450	0.0158	2.912	-42.227
68	0.055	0.0169	2.853	-30.401
396	5.498	0.0175	2.822	-28.855
191	5.498	0.0202	2.698	-36.267
402	5.498	0.0206	2.680	-4.478
550	5.498	0.0211	2.660	-34.030
258	5.498	0.0213	2.649	-17.211
497	0.055	0.0216	2.641	-14.729
220	0.055	0.0224	2.608	-11.079
42	0.055	0.0248	2.517	-26.769
106	0.150	0.0254	2.499	-50.796
479	5.498	0.0261	2.476	-39.932
15	0.180	0.0275	2.429	-25.813
166	1.776	0.0298	2.360	-11.770
511	5.498	0.0299	2.358	-31.641
553	5.498	0.0309	2.329	-2.364
24	5.498	0.0324	2.289	-29.648
535	5.498	0.0338	2.252	-28.577
337	0.055	0.0349	2.224	-43.177
492	5.498	0.0389	2.134	-2.134
431	5.498	0.0402	2.105	-15.112
467	0.055	0.041	2.087	-51.798
499	0.055	0.0412	2.085	-11.120
38	5.498	0.0431	2.046	-26.984
228	5.498	0.0454	2.001	-19.164
405	5.498	0.0462	1.988	-13.201
407	5.498	0.0466	1.980	-28.702
172	0.522	0.0495	1.929	-58.613
103	0.055	0.0504	1.914	-45.824
248	5.498	0.0515	1.896	-20.509
16	0.282	0.052	1.887	-51.040
47	5.498	0.057	1.811	-20.009
151	5.335	0.0587	1.787	-36.874
554	5.498	0.0591	1.781	-17.275
471	5.498	0.0635	1.722	-19.235
180	4.615	0.0637	1.719	-27.549
552	5.498	0.0643	1.711	-1.716
455	5.498	0.0666	1.682	-18.370
271	5.498	0.0689	1.655	-26.613
5	0.252	0.0691	1.652	-35.363
238	0.642	0.0703	1.638	-91.593
519	5.498	0.0704	1.636	-24.233
215	5.498	0.0711	1.629	-25.921
185	2.590	0.0724	1.613	-43.523
26	5.498	0.0747	1.589	-26.534
486	4.445	0.076	1.574	-19.359
454	5.295	0.0779	1.554	-24.119
116	5.498	0.0806	1.526	-26.506
540	5.498	0.0808	1.525	-24.516
378	5.498	0.081	1.522	-21.066
253	5.498	0.0817	1.516	-19.533
71	0.055	0.0902	1.435	-24.394
268	0.055	0.0905	1.432	-70.733
212	0.103	0.0913	1.425	-22.313
161	0.541	0.0917	1.422	-21.731
527	4.446	0.0917	1.422	-10.662
416	5.498	0.094	1.403	-49.379
187	4.877	0.0943	1.399	-10.738
394	5.498	0.0969	1.378	-18.970
358	0.323	0.0969	1.378	-20.194
99	0.055	0.0982	1.367	-36.653
561	2.525	0.0984	1.365	-11.838
427	5.498	0.102	1.340	-15.213
93	5.498	0.102	1.339	-1.345
128	0.248	0.103	1.331	-26.478
401	5.498	0.103	1.326	-19.220
73	3.707	0.105	1.313	-30.418
430	5.032	0.108	1.288	-49.922
424	5.498	0.11	1.280	-24.640
63	5.498	0.111	1.272	-29.069
404	0.055	0.111	1.272	-43.969
273	0.491	0.111	1.271	-48.300
442	5.498	0.111	1.267	-29.631
555	2.865	0.112	1.261	-28.075
376	5.498	0.115	1.240	-25.015
28	5.160	0.118	1.224	-30.986
406	2.733	0.119	1.218	-11.512
517	4.976	0.12	1.210	-6.734
439	5.498	0.121	1.205	-10.620
392	5.498	0.127	1.165	-12.891
488	3.043	0.129	1.153	-17.851
132	5.498	0.136	1.112	-17.185
438	5.498	0.137	1.107	-19.116
513	3.469	0.138	1.099	-14.748
23	5.498	0.141	1.085	-24.074
306	2.468	0.143	1.075	-40.066
274	2.282	0.145	1.064	-56.700
287	2.323	0.148	1.049	-58.938
144	0.758	0.152	1.027	-120.859
167	0.536	0.153	1.023	-48.995
173	0.202	0.154	1.014	-25.317
461	0.515	0.157	1.000	-49.995
370	3.854	0.164	0.968	-18.410
363	5.498	0.165	0.966	-28.466
294	1.764	0.166	0.958	-66.801
233	5.498	0.167	0.955	-13.451
130	0.672	0.167	0.954	-57.000
354	4.309	0.167	0.953	-31.075
153	0.102	0.168	0.951	-39.756
382	4.340	0.17	0.941	-22.255
345	5.498	0.175	0.919	-33.618
542	5.498	0.175	0.919	-25.022
505	5.498	0.176	0.915	-17.801
459	1.721	0.177	0.912	-34.311
367	5.498	0.178	0.907	-22.062
509	0.328	0.179	0.903	-15.858
145	1.269	0.18	0.900	-144.157
458	3.141	0.18	0.898	-18.057
61	5.498	0.181	0.896	-31.126
565	5.498	0.181	0.894	-19.523
457	0.570	0.183	0.887	-17.517
477	5.498	0.188	0.865	-21.812
322	5.498	0.189	0.861	-19.333
249	5.498	0.19	0.858	-23.991
525	0.446	0.19	0.857	-45.084
456	0.180	0.192	0.852	-35.312
526	2.944	0.192	0.851	-37.261
389	0.433	0.196	0.834	-25.073
275	5.498	0.197	0.834	-15.994
221	0.055	0.197	0.833	-53.148
162	0.497	0.199	0.826	-35.114
147	5.498	0.202	0.814	-21.238
239	1.773	0.208	0.794	-19.334
313	5.498	0.208	0.793	-14.039
252	5.498	0.209	0.791	-18.656
59	5.275	0.21	0.786	-16.710
403	2.736	0.216	0.766	-10.230
87	0.626	0.216	0.766	-56.886
91	0.160	0.216	0.764	-50.751
70	1.967	0.219	0.754	-22.947
189	5.498	0.22	0.753	-13.776
314	0.281	0.221	0.751	-44.110
140	5.459	0.221	0.747	-0.747
81	5.498	0.223	0.743	-18.059
388	2.528	0.224	0.739	-19.348
301	5.498	0.225	0.737	-22.568
412	0.187	0.228	0.727	-16.718
226	2.484	0.231	0.718	-11.345
210	0.055	0.231	0.717	-29.022
463	2.547	0.234	0.708	-17.830
154	0.055	0.236	0.702	-43.787
113	2.178	0.241	0.687	-47.780
152	4.902	0.246	0.674	-17.973
2	0.124	0.246	0.672	-36.755
310	4.645	0.248	0.666	-22.606
512	0.368	0.249	0.665	-15.878
510	3.264	0.25	0.662	-34.056
361	0.625	0.251	0.660	-38.788
343	0.530	0.252	0.656	-25.891
478	1.470	0.253	0.654	-29.759
64	0.348	0.254	0.650	-44.994
193	4.661	0.254	0.650	-0.650
52	0.343	0.256	0.645	-38.855
110	5.205	0.258	0.640	-29.668
498	1.934	0.259	0.637	-18.969
270	5.498	0.26	0.635	-18.402
65	1.893	0.263	0.625	-27.298
282	2.048	0.264	0.624	-25.624
334	5.498	0.265	0.622	-29.806
281	5.498	0.265	0.622	-22.653
232	0.291	0.266	0.619	-68.440
350	5.498	0.266	0.619	-18.358
468	2.945	0.266	0.618	-19.460
520	0.400	0.269	0.612	-22.551
549	0.580	0.269	0.610	-12.100
288	1.826	0.27	0.607	-56.090
284	5.498	0.272	0.604	-23.995
309	0.563	0.273	0.600	-13.500
164	5.498	0.274	0.599	-24.464
205	0.488	0.274	0.599	-49.971
335	4.605	0.275	0.595	-31.200
508	1.997	0.276	0.593	-17.098
222	2.075	0.279	0.586	-14.483
32	5.498	0.28	0.582	-19.585
170	1.919	0.281	0.580	-59.395
470	1.941	0.283	0.575	-46.803
452	5.498	0.284	0.575	-11.912
435	4.833	0.284	0.573	-0.573
266	1.341	0.287	0.567	-47.921
359	5.498	0.287	0.566	-19.612
297	5.498	0.288	0.564	-8.963
364	5.498	0.292	0.556	-0.556
469	5.498	0.294	0.551	-32.562
141	5.498	0.296	0.546	-10.874
474	0.436	0.296	0.545	-38.303
174	5.344	0.297	0.544	-21.181
449	5.498	0.299	0.539	-17.171
558	5.498	0.3	0.537	-18.374
256	2.911	0.302	0.532	-3.452
48	3.466	0.305	0.527	-16.045
538	2.321	0.308	0.521	-8.407
234	2.521	0.308	0.519	-19.111
169	2.155	0.31	0.515	-48.662
417	4.708	0.316	0.503	-17.656
209	0.055	0.32	0.494	-48.037
127	2.227	0.321	0.493	-17.351
157	0.579	0.324	0.486	-55.180
54	1.769	0.324	0.486	-10.944
98	5.498	0.324	0.485	-15.315
201	0.055	0.326	0.483	-54.417
74	2.512	0.326	0.482	-21.951
418	1.641	0.328	0.478	-37.180
496	3.434	0.328	0.478	-24.205
533	1.575	0.329	0.477	-10.808
77	4.629	0.33	0.474	-0.474
445	3.594	0.331	0.473	-15.392
453	1.321	0.331	0.473	-38.101
409	1.945	0.34	0.456	-22.301
178	0.581	0.34	0.455	-62.782
207	0.676	0.345	0.447	-32.975
148	1.525	0.345	0.446	-49.403
51	2.412	0.346	0.444	-8.671
105	4.774	0.347	0.442	-22.006
356	4.633	0.352	0.433	-29.587
357	4.861	0.354	0.430	-0.430
57	5.498	0.355	0.428	-7.116
90	0.316	0.358	0.422	-54.375
316	3.300	0.358	0.422	-12.031
296	4.906	0.361	0.418	-20.924
432	0.608	0.361	0.417	-45.018
4	0.055	0.362	0.416	-60.623
12	2.316	0.362	0.415	-35.714
117	4.615	0.363	0.414	-22.126
134	5.498	0.364	0.412	-19.788
208	4.024	0.366	0.409	-24.363
40	5.498	0.369	0.403	-15.311
473	5.498	0.373	0.397	-15.887
298	5.498	0.373	0.397	-21.175
507	1.953	0.377	0.391	-53.569
372	1.309	0.377	0.390	-49.306
86	0.055	0.378	0.389	-59.276
379	5.498	0.38	0.386	-41.636
326	2.160	0.381	0.384	-59.652
426	5.498	0.384	0.380	-19.649
181	5.498	0.388	0.373	-11.338
53	0.170	0.388	0.372	-41.513
142	1.227	0.388	0.372	-50.335
460	1.604	0.391	0.368	-46.824
122	5.498	0.391	0.368	-26.811
516	2.038	0.393	0.365	-13.679
293	0.680	0.394	0.364	-46.734
129	5.498	0.394	0.363	-11.351
272	0.274	0.396	0.361	-15.483
33	4.428	0.396	0.360	-11.121
30	5.498	0.397	0.359	-17.355
386	0.199	0.397	0.358	-26.579
481	1.760	0.398	0.357	-4.712
362	0.712	0.399	0.356	-4.450
21	0.739	0.4	0.354	-4.461
464	1.602	0.401	0.353	-18.191
277	0.055	0.402	0.351	-61.752
547	0.684	0.403	0.349	-8.218
299	0.261	0.405	0.347	-73.204
45	5.409	0.406	0.345	-14.164
420	0.708	0.407	0.344	-9.109
423	5.498	0.407	0.344	-28.782
79	5.498	0.407	0.344	-30.774
243	1.179	0.411	0.338	-25.614
165	0.698	0.411	0.338	-44.993
13	0.521	0.413	0.335	-54.384
14	0.593	0.413	0.334	-46.639
89	0.182	0.415	0.332	-48.156
559	5.498	0.418	0.329	-25.888
419	5.204	0.42	0.325	-14.970
184	1.654	0.423	0.321	-65.780
341	5.498	0.426	0.317	-7.265
211	0.439	0.426	0.317	-44.188
556	1.752	0.426	0.317	-5.167
102	1.926	0.432	0.309	-42.827
269	1.481	0.433	0.308	-32.271
541	2.278	0.434	0.306	-19.029
536	0.671	0.435	0.305	-29.509
264	5.498	0.438	0.301	-24.060
235	0.373	0.438	0.300	-40.867
290	0.594	0.441	0.297	-28.494
227	0.401	0.443	0.294	-42.011
43	1.509	0.443	0.294	-8.546
331	0.724	0.443	0.294	-25.310
383	2.001	0.444	0.292	-15.990
67	5.498	0.448	0.288	-29.732
349	0.551	0.448	0.288	-6.326
539	5.045	0.45	0.285	-18.357
546	0.527	0.452	0.282	-9.747
58	5.498	0.455	0.279	-31.458
503	1.740	0.456	0.277	-42.839
465	1.382	0.456	0.277	-30.558
179	1.376	0.457	0.277	-80.580
137	0.596	0.457	0.277	-57.046
307	4.216	0.462	0.271	-20.561
225	0.698	0.463	0.269	-43.496
260	5.498	0.464	0.268	-10.294
88	0.730	0.465	0.267	-59.143
255	0.478	0.466	0.266	-23.079
410	0.582	0.467	0.265	-21.136
246	5.498	0.467	0.264	-18.360
472	0.694	0.475	0.255	-4.474
163	0.782	0.48	0.250	-26.934
17	0.765	0.48	0.249	-26.182
247	3.935	0.482	0.248	-0.248
241	4.538	0.484	0.245	-19.870
371	0.666	0.491	0.237	-7.795
351	3.330	0.492	0.236	-31.700
76	5.498	0.493	0.235	-19.259
242	5.498	0.494	0.234	-14.655
69	4.153	0.494	0.233	-34.164
483	1.326	0.495	0.232	-12.255
493	1.603	0.498	0.229	-19.218
283	0.650	0.502	0.226	-43.224
377	0.700	0.502	0.226	-12.829
49	5.498	0.503	0.225	-24.324
25	1.434	0.505	0.222	-4.346
92	1.638	0.509	0.218	-15.534
353	0.655	0.517	0.210	-16.942
433	1.274	0.519	0.208	-22.563
421	1.363	0.521	0.206	-26.219
7	1.577	0.521	0.206	-38.005
506	0.634	0.526	0.201	-21.737
94	1.960	0.528	0.200	-19.881
62	1.361	0.528	0.199	-47.733
482	1.367	0.534	0.194	-20.689
214	1.536	0.535	0.193	-4.922
217	4.291	0.535	0.192	-19.374
338	0.756	0.536	0.191	-30.943
160	0.866	0.539	0.188	-27.736
443	1.622	0.542	0.186	-13.951
276	1.385	0.542	0.186	-59.661
451	5.498	0.545	0.183	-25.344
305	0.529	0.546	0.183	-30.509
203	0.884	0.547	0.181	-79.304
50	3.906	0.547	0.181	-28.668
183	4.081	0.547	0.181	-15.449
104	0.652	0.548	0.181	-6.865
352	3.559	0.554	0.175	-14.556
107	0.782	0.556	0.173	-7.708
200	0.757	0.558	0.172	-28.896
244	0.656	0.559	0.170	-13.042
336	3.702	0.56	0.170	-16.715
328	5.498	0.566	0.165	-31.496
476	1.773	0.568	0.163	-34.200
317	4.232	0.569	0.162	-22.161
436	4.323	0.57	0.161	-20.121
121	1.277	0.571	0.160	-20.686
380	5.173	0.572	0.160	-15.419
219	0.751	0.572	0.159	-33.257
82	4.974	0.576	0.157	-15.086
444	4.257	0.578	0.155	-27.841
245	0.766	0.58	0.154	-7.868
381	1.762	0.581	0.152	-34.301
330	1.226	0.582	0.152	-7.273
257	0.576	0.583	0.151	-28.993
279	1.409	0.584	0.150	-17.930
177	0.697	0.589	0.146	-29.321
101	1.308	0.589	0.146	-35.868
114	1.212	0.593	0.143	-40.937
213	0.611	0.599	0.139	-29.050
126	1.705	0.601	0.137	-23.841
66	0.720	0.601	0.136	-4.871
346	1.338	0.603	0.135	-9.320
20	0.835	0.605	0.134	-25.382
311	1.335	0.612	0.129	-28.545
504	1.413	0.612	0.129	-18.238
44	0.705	0.618	0.124	-4.848
125	0.722	0.622	0.122	-30.300
72	5.179	0.622	0.122	-15.377
29	1.610	0.629	0.117	-16.534
414	1.352	0.629	0.117	-27.368
369	1.434	0.631	0.116	-13.461
237	1.394	0.634	0.113	-28.966
190	3.651	0.634	0.113	-13.554
466	0.803	0.636	0.112	-15.615
123	1.413	0.637	0.112	-22.184
250	0.801	0.639	0.110	-54.511
501	1.363	0.641	0.109	-25.629
136	1.385	0.642	0.108	-31.390
522	1.308	0.646	0.106	-23.258
495	1.216	0.651	0.102	-23.555
289	1.336	0.652	0.102	-59.598
320	5.498	0.654	0.100	-11.449
339	1.299	0.661	0.096	-28.416
385	5.498	0.662	0.096	-15.192
80	3.834	0.662	0.095	-15.477
22	0.813	0.666	0.093	-9.643
524	1.431	0.673	0.089	-17.550
46	0.797	0.673	0.089	-10.409
176	1.340	0.675	0.088	-68.122
518	0.576	0.679	0.085	-25.916
397	1.523	0.68	0.085	-12.801
135	0.803	0.681	0.084	-8.260
530	3.671	0.682	0.084	-31.107
490	1.314	0.683	0.084	-37.416
197	0.747	0.683	0.083	-15.944
531	0.832	0.685	0.083	-7.987
41	1.196	0.687	0.081	-23.567
480	1.266	0.687	0.081	-7.146
35	4.740	0.688	0.081	-13.247
440	3.793	0.691	0.079	-9.469
487	1.174	0.692	0.079	-9.745
400	1.312	0.694	0.077	-8.036
325	1.577	0.697	0.076	-10.355
285	0.754	0.699	0.075	-26.864
196	2.956	0.699	0.075	-13.787
340	1.308	0.7	0.074	-31.762
302	1.265	0.702	0.073	-9.700
355	3.354	0.705	0.072	-23.456
366	0.752	0.706	0.071	-6.036
96	0.817	0.707	0.071	-19.156
562	1.229	0.708	0.070	-17.482
182	0.712	0.715	0.067	-39.926
188	0.812	0.719	0.065	-11.020
462	0.824	0.72	0.064	-7.576
528	0.785	0.721	0.064	-17.185
563	1.416	0.722	0.063	-2.943
450	3.703	0.725	0.062	-12.415
195	0.845	0.728	0.060	-33.290
375	0.831	0.734	0.058	-18.648
514	1.184	0.739	0.056	-40.000
259	1.177	0.74	0.055	-12.080
120	1.297	0.74	0.055	-17.255
11	1.286	0.741	0.055	-34.365
544	0.832	0.744	0.053	-6.492
485	0.881	0.745	0.053	-4.882
329	1.117	0.75	0.051	-40.756
8	0.839	0.76	0.047	-29.623
115	1.202	0.764	0.045	-4.554
475	1.187	0.765	0.045	-3.770
55	1.092	0.767	0.044	-29.283
300	0.806	0.769	0.043	-8.689
395	0.764	0.771	0.042	-17.322
118	3.553	0.773	0.041	-26.862
564	1.119	0.774	0.041	-6.764
333	4.135	0.774	0.041	-8.892
344	0.827	0.778	0.040	-10.019
9	1.183	0.78	0.039	-36.444
97	0.884	0.782	0.038	-29.872
280	1.112	0.787	0.037	-26.014
31	1.140	0.788	0.036	-9.101
365	0.864	0.789	0.036	-10.852
515	1.129	0.791	0.035	-50.100
391	1.191	0.796	0.033	-21.987
263	0.807	0.802	0.031	-9.846
198	1.144	0.803	0.031	-14.165
291	3.320	0.803	0.031	-11.171
100	1.177	0.806	0.030	-33.217
131	1.103	0.811	0.028	-11.931
413	1.165	0.812	0.028	-13.280
37	1.131	0.815	0.027	-42.214
224	1.193	0.816	0.027	-44.472
109	0.835	0.82	0.026	-7.618
532	0.915	0.821	0.026	-10.972
155	1.305	0.822	0.025	-67.442
84	0.916	0.824	0.025	-8.271
251	1.336	0.827	0.024	-31.037
111	1.166	0.827	0.024	-29.395
500	1.117	0.828	0.024	-8.649
319	0.917	0.83	0.023	-11.345
529	0.892	0.833	0.022	-17.937
240	1.097	0.834	0.022	-58.474
149	0.903	0.834	0.022	-34.059
446	1.233	0.837	0.021	-8.727
278	0.716	0.838	0.021	-54.068
6	1.123	0.85	0.018	-34.059
168	1.071	0.85	0.018	-55.554
429	0.926	0.854	0.017	-4.312
262	0.822	0.856	0.016	-9.605
186	0.893	0.863	0.015	-70.451
521	1.223	0.865	0.014	-29.589
139	0.911	0.869	0.014	-26.052
422	0.926	0.869	0.014	-34.408
267	3.430	0.871	0.013	-12.307
434	1.111	0.879	0.012	-21.885
399	0.900	0.885	0.010	-11.898
124	1.105	0.886	0.010	-23.399
384	0.806	0.886	0.010	-7.198
295	0.931	0.89	0.010	-10.510
192	1.094	0.892	0.009	-31.480
133	1.086	0.893	0.009	-9.959
34	1.066	0.894	0.009	-10.630
560	1.063	0.895	0.009	-12.947
393	1.075	0.896	0.009	-9.027
447	1.122	0.899	0.008	-12.061
229	0.917	0.903	0.007	-6.031
206	1.070	0.903	0.007	-69.016
254	0.908	0.907	0.007	-13.975
315	1.096	0.907	0.007	-14.850
312	1.076	0.907	0.007	-12.520
373	1.091	0.907	0.007	-14.105
303	1.113	0.908	0.007	-7.010
3	0.919	0.912	0.006	-20.124
425	0.947	0.916	0.006	-32.299
194	1.074	0.917	0.005	-21.568
548	1.165	0.917	0.005	-8.824
83	1.053	0.918	0.005	-24.232
534	0.947	0.92	0.005	-5.756
537	0.948	0.92	0.005	-6.357
387	0.923	0.921	0.005	-17.103
265	0.943	0.921	0.005	-34.814
18	1.043	0.921	0.005	-7.755
156	0.950	0.921	0.005	-49.707
437	1.044	0.926	0.004	-10.320
10	1.053	0.933	0.004	-41.191
323	0.903	0.935	0.003	-30.399
146	0.972	0.938	0.003	-105.858
19	0.920	0.939	0.003	-7.243
39	0.911	0.939	0.003	-15.885
398	0.967	0.94	0.003	-46.196
199	0.974	0.943	0.003	-60.329
286	1.049	0.945	0.002	-39.788
374	1.114	0.948	0.002	-10.397
119	1.032	0.951	0.002	-20.165
348	0.945	0.952	0.002	-13.395
292	1.034	0.952	0.002	-46.113
308	0.983	0.955	0.002	-22.398
143	1.036	0.956	0.002	-12.796
159	0.974	0.956	0.002	-44.910
332	0.927	0.958	0.001	-9.136
408	1.046	0.959	0.001	-31.792
108	0.972	0.962	0.001	-11.653
138	0.981	0.964	0.001	-65.204
236	0.968	0.964	0.001	-35.585
204	0.938	0.965	0.001	-6.489
557	1.024	0.966	0.001	-15.293
261	1.024	0.967	0.001	-23.899
448	0.985	0.97	0.001	-18.203
441	0.982	0.972	0.001	-35.278
324	0.986	0.976	0.000	-43.102
321	0.982	0.977	0.000	-24.895
318	0.984	0.981	0.000	-14.780
523	0.979	0.981	0.000	-12.415
230	0.989	0.985	0.000	-5.190
543	0.989	0.985	0.000	-49.605
491	0.994	0.985	0.000	-11.693
360	1.009	0.986	0.000	-9.552
411	0.993	0.991	0.000	-15.825
216	0.990	0.991	0.000	-24.531
304	1.005	0.991	0.000	-30.985
95	0.992	0.992	0.000	-14.387
60	0.995	0.994	0.000	-44.380
171	1.004	0.994	0.000	-69.839
545	0.994	0.995	0.000	-11.198
428	0.997	0.995	0.000	-4.358
85	0.999	0.997	0.000	-21.616
27	1.003	0.997	0.000	-10.270
327	1.001	0.998	0.000	-15.907