# Stringency fit to each site after fixing tree and and all other parameters.
# Fits compared to null model of stringency = 1.456 (the overall gene value).
# P-values NOT corrected for multiple testing.
# The stringency ratio is the ratio of the fitted value to the null (overall gene value).
#
# site	stringency_ratio	P	dLnL	LnL_fixed
223	0.069	3.4e-06	10.787	-53.174
186	0.069	7.08e-06	10.086	-82.419
342	0.069	5.35e-05	8.159	-33.642
112	0.069	0.000219	6.830	-23.776
218	0.069	0.000477	6.102	-43.736
42	0.069	0.000566	5.943	-30.181
231	0.069	0.000596	5.895	-44.001
211	0.069	0.000637	5.832	-50.587
268	0.069	0.00128	5.188	-74.626
158	0.069	0.00131	5.165	-60.008
128	0.069	0.00182	4.862	-29.869
52	0.069	0.00263	4.525	-43.599
172	0.208	0.00273	4.488	-62.325
175	0.069	0.0031	4.373	-20.237
368	6.868	0.00344	4.280	-22.567
91	0.069	0.00387	4.172	-54.684
78	0.069	0.00409	4.122	-78.245
71	0.069	0.0048	3.977	-27.261
209	0.069	0.00492	3.954	-51.615
292	0.069	0.0063	3.731	-52.043
56	6.868	0.00653	3.698	-43.067
551	6.868	0.00745	3.581	-21.273
479	6.868	0.00758	3.565	-42.276
157	0.322	0.00758	3.565	-59.306
497	0.069	0.00788	3.530	-15.603
220	0.069	0.00795	3.522	-12.033
390	0.069	0.00849	3.464	-55.656
305	6.868	0.00981	3.335	-28.034
347	6.868	0.0114	3.205	-29.034
396	6.868	0.0117	3.182	-29.016
202	0.069	0.0122	3.139	-93.599
271	6.868	0.0126	3.112	-28.151
294	3.680	0.0129	3.089	-69.170
166	2.073	0.013	3.087	-12.852
255	0.069	0.0139	3.025	-26.380
179	0.069	0.0164	2.878	-87.131
520	6.868	0.0167	2.863	-20.186
484	6.868	0.0174	2.826	-23.456
191	6.868	0.019	2.749	-35.588
36	0.489	0.0208	2.671	-35.198
554	6.053	0.0211	2.660	-17.909
415	0.069	0.022	2.621	-35.453
499	0.111	0.0221	2.620	-11.518
210	0.069	0.0224	2.609	-31.206
337	0.069	0.0231	2.580	-42.991
477	6.868	0.0231	2.580	-23.685
555	6.868	0.026	2.477	-27.679
150	0.069	0.0267	2.456	-61.961
509	0.131	0.0267	2.455	-17.941
455	6.868	0.0279	2.416	-19.227
4	0.069	0.0287	2.392	-63.889
63	6.868	0.0303	2.345	-30.182
553	6.868	0.0315	2.314	-2.482
306	6.868	0.0317	2.307	-40.237
258	6.868	0.0327	2.281	-16.771
430	6.670	0.0334	2.262	-50.985
456	0.069	0.0348	2.227	-36.418
154	0.069	0.0354	2.212	-45.606
142	1.686	0.0358	2.204	-53.878
467	0.069	0.0361	2.196	-52.555
323	6.868	0.037	2.176	-29.306
132	6.868	0.0386	2.139	-18.232
343	6.868	0.0388	2.135	-22.511
215	6.868	0.0416	2.075	-26.358
178	0.069	0.0419	2.070	-65.973
541	6.868	0.0421	2.066	-18.324
513	6.868	0.0435	2.038	-14.536
519	6.868	0.0445	2.019	-24.503
147	6.868	0.0449	2.012	-22.554
322	6.868	0.0456	1.999	-20.097
239	4.106	0.0467	1.977	-19.301
47	6.868	0.0487	1.942	-20.087
243	2.126	0.0492	1.934	-25.624
326	0.069	0.0516	1.895	-62.399
248	6.868	0.054	1.857	-19.845
236	0.082	0.0563	1.821	-37.907
376	6.868	0.0575	1.805	-25.567
454	5.264	0.0578	1.800	-24.368
401	6.868	0.0588	1.785	-20.329
496	0.436	0.0593	1.778	-28.927
38	3.084	0.061	1.755	-28.037
424	6.868	0.0617	1.745	-25.105
438	6.868	0.0618	1.744	-19.717
406	4.178	0.0646	1.708	-11.951
313	6.868	0.0648	1.705	-14.230
378	6.868	0.0666	1.683	-21.274
90	0.436	0.0668	1.680	-56.320
93	6.868	0.0669	1.679	-1.998
354	4.948	0.0674	1.672	-32.040
216	0.120	0.0691	1.652	-26.890
512	0.069	0.0696	1.646	-16.786
409	6.868	0.0701	1.640	-21.687
492	6.326	0.0709	1.632	-1.632
527	6.868	0.0737	1.600	-10.946
26	6.868	0.0773	1.561	-26.537
5	0.196	0.0775	1.559	-35.754
237	0.069	0.0778	1.556	-31.203
266	1.698	0.0784	1.549	-49.048
389	0.286	0.0801	1.532	-25.621
310	6.193	0.0825	1.508	-23.497
367	6.868	0.0856	1.477	-22.676
53	0.069	0.0867	1.468	-42.768
171	0.245	0.0869	1.465	-74.283
277	0.069	0.0872	1.463	-63.839
394	6.868	0.0874	1.461	-18.883
64	0.069	0.0895	1.442	-46.394
13	0.069	0.09	1.437	-56.572
329	4.823	0.0933	1.409	-41.660
274	2.637	0.0938	1.404	-56.935
452	6.868	0.094	1.402	-12.639
230	6.868	0.0955	1.389	-4.335
185	2.662	0.0981	1.368	-43.905
369	0.398	0.0992	1.359	-16.411
427	6.868	0.0997	1.355	-15.178
505	6.790	0.1	1.350	-18.209
350	6.868	0.102	1.337	-19.033
416	6.774	0.106	1.309	-49.086
15	0.357	0.106	1.307	-24.651
464	3.846	0.106	1.305	-18.187
284	6.868	0.106	1.305	-24.882
346	6.868	0.107	1.297	-10.932
174	6.868	0.112	1.263	-21.899
12	4.233	0.112	1.262	-35.367
233	6.868	0.115	1.239	-14.863
498	4.171	0.116	1.238	-19.425
412	0.263	0.117	1.230	-16.652
208	5.424	0.117	1.228	-25.176
197	0.385	0.119	1.218	-17.498
381	2.956	0.119	1.217	-34.024
528	0.301	0.119	1.215	-19.096
28	4.865	0.122	1.195	-31.019
59	6.830	0.123	1.187	-17.123
494	2.080	0.124	1.182	-17.517
98	6.868	0.125	1.176	-16.076
61	6.868	0.126	1.173	-31.448
77	6.868	0.126	1.168	-1.168
235	0.069	0.126	1.168	-41.477
81	6.868	0.127	1.166	-18.465
219	3.875	0.127	1.166	-31.652
386	0.096	0.127	1.162	-27.252
32	6.868	0.128	1.157	-20.109
301	6.868	0.128	1.156	-23.718
252	6.868	0.131	1.143	-18.930
525	0.385	0.132	1.137	-45.530
110	5.691	0.133	1.131	-30.211
140	6.868	0.134	1.123	-1.124
540	6.868	0.135	1.119	-24.555
502	2.013	0.136	1.109	-29.607
134	6.868	0.138	1.100	-20.473
476	0.278	0.139	1.092	-36.306
145	1.303	0.14	1.091	-148.811
465	2.577	0.141	1.086	-30.782
276	0.448	0.142	1.079	-61.859
129	6.868	0.142	1.076	-12.048
195	0.437	0.143	1.074	-36.637
379	6.868	0.147	1.051	-42.424
152	6.868	0.148	1.048	-18.320
270	6.868	0.149	1.041	-18.739
193	6.868	0.149	1.039	-1.039
423	6.868	0.151	1.033	-29.426
404	0.069	0.152	1.025	-44.029
488	2.785	0.155	1.012	-18.250
103	0.069	0.157	1.004	-45.102
435	6.868	0.157	1.000	-1.000
458	4.713	0.157	0.999	-18.974
561	4.056	0.158	0.995	-11.485
335	6.068	0.161	0.983	-31.632
542	6.868	0.161	0.982	-25.122
105	6.630	0.161	0.981	-22.480
533	1.983	0.162	0.977	-11.224
388	4.415	0.163	0.972	-19.987
155	0.069	0.164	0.969	-69.471
227	0.069	0.172	0.932	-43.021
463	2.437	0.179	0.902	-17.027
167	0.496	0.179	0.902	-49.346
314	0.198	0.183	0.887	-44.592
183	6.868	0.184	0.882	-16.119
552	2.302	0.186	0.873	-2.556
517	0.358	0.187	0.872	-9.298
296	6.868	0.187	0.869	-21.350
214	0.399	0.188	0.867	-7.847
363	4.910	0.188	0.866	-28.379
232	0.319	0.189	0.862	-69.506
241	6.349	0.194	0.845	-20.352
431	6.868	0.195	0.841	-15.890
474	2.478	0.196	0.838	-35.384
417	5.517	0.196	0.836	-17.961
116	1.960	0.2	0.820	-27.951
373	6.868	0.203	0.809	-14.937
500	2.993	0.205	0.804	-9.273
330	1.817	0.208	0.792	-8.096
495	2.823	0.209	0.789	-23.967
106	0.370	0.21	0.786	-49.154
244	0.258	0.21	0.785	-14.373
170	2.149	0.211	0.782	-58.553
58	6.868	0.211	0.782	-32.063
356	5.258	0.211	0.782	-29.871
285	2.552	0.211	0.782	-25.000
535	1.816	0.211	0.781	-28.878
453	1.571	0.213	0.776	-38.781
162	0.457	0.214	0.773	-35.486
117	5.542	0.214	0.772	-22.463
426	6.868	0.216	0.765	-19.987
304	1.963	0.218	0.759	-30.791
565	2.219	0.218	0.759	-19.318
558	6.868	0.225	0.737	-18.450
45	2.189	0.226	0.734	-14.533
164	6.868	0.227	0.731	-24.583
7	0.360	0.229	0.725	-40.514
196	6.144	0.23	0.722	-14.381
522	1.986	0.23	0.721	-22.730
41	2.085	0.23	0.720	-23.951
282	2.131	0.232	0.714	-26.496
383	3.489	0.236	0.703	-15.665
316	4.963	0.238	0.696	-12.263
506	0.418	0.238	0.696	-22.534
48	6.197	0.24	0.691	-16.205
54	3.270	0.241	0.688	-11.112
445	6.868	0.242	0.685	-15.426
260	6.868	0.242	0.684	-10.688
352	5.378	0.245	0.676	-15.029
40	6.536	0.247	0.671	-15.498
207	0.586	0.247	0.670	-35.079
94	6.868	0.249	0.665	-20.456
76	6.868	0.25	0.663	-19.757
400	6.868	0.25	0.662	-8.109
334	6.868	0.254	0.650	-29.823
31	3.713	0.255	0.648	-9.895
298	6.868	0.256	0.645	-21.415
357	5.709	0.257	0.641	-0.641
72	5.762	0.258	0.641	-15.791
87	0.593	0.259	0.638	-57.014
272	0.302	0.259	0.637	-15.657
516	4.196	0.262	0.629	-13.763
114	0.695	0.263	0.625	-43.861
345	6.868	0.267	0.616	-33.377
23	5.351	0.268	0.612	-23.588
104	0.401	0.27	0.608	-7.627
420	0.642	0.273	0.601	-9.761
469	6.868	0.273	0.600	-32.674
221	0.341	0.275	0.597	-53.047
161	0.659	0.28	0.583	-21.003
242	6.868	0.283	0.576	-14.981
25	2.275	0.283	0.576	-4.979
259	5.360	0.285	0.573	-12.586
449	5.562	0.285	0.571	-17.089
403	6.868	0.286	0.569	-10.823
122	6.868	0.288	0.565	-26.974
250	1.764	0.29	0.560	-52.519
351	4.402	0.29	0.559	-31.937
121	1.894	0.291	0.557	-22.129
293	0.559	0.294	0.551	-48.103
405	2.390	0.294	0.550	-13.902
264	6.868	0.295	0.548	-24.541
86	1.967	0.297	0.543	-58.163
359	6.612	0.299	0.540	-19.507
43	1.780	0.302	0.532	-8.749
413	6.868	0.303	0.531	-13.634
16	0.452	0.305	0.525	-50.078
24	1.587	0.306	0.525	-32.264
317	5.115	0.306	0.525	-22.546
246	0.627	0.307	0.523	-20.394
251	0.244	0.313	0.510	-31.951
79	6.868	0.313	0.508	-30.958
269	2.206	0.315	0.505	-33.749
238	0.743	0.316	0.503	-91.751
85	1.593	0.317	0.501	-22.233
138	1.548	0.321	0.493	-64.640
307	4.884	0.321	0.492	-20.797
123	3.116	0.323	0.488	-22.246
30	6.868	0.326	0.483	-17.438
283	0.332	0.329	0.477	-44.732
247	5.120	0.329	0.476	-0.476
526	0.659	0.331	0.473	-38.384
101	1.911	0.331	0.473	-36.142
8	3.070	0.331	0.473	-29.125
364	4.749	0.332	0.471	-0.471
253	0.512	0.333	0.469	-21.851
135	3.508	0.336	0.463	-8.269
459	1.426	0.336	0.462	-34.843
302	2.523	0.339	0.457	-9.662
336	4.791	0.344	0.447	-16.972
131	1.499	0.345	0.446	-12.325
222	1.788	0.346	0.444	-15.224
204	6.868	0.347	0.441	-6.990
510	2.165	0.349	0.438	-33.133
100	1.836	0.352	0.433	-32.439
392	2.227	0.353	0.431	-13.552
444	6.868	0.355	0.428	-28.118
173	0.219	0.358	0.423	-24.813
436	5.618	0.358	0.423	-20.350
217	5.192	0.359	0.420	-19.494
67	6.868	0.36	0.418	-29.899
80	5.743	0.36	0.418	-15.782
273	0.646	0.363	0.413	-47.443
308	1.412	0.368	0.406	-22.818
234	0.355	0.371	0.400	-20.457
189	2.773	0.373	0.397	-13.283
419	5.687	0.375	0.393	-15.012
11	0.441	0.377	0.391	-36.431
504	0.425	0.379	0.387	-19.905
398	1.555	0.38	0.385	-44.829
557	1.741	0.382	0.383	-15.515
433	1.446	0.384	0.378	-22.601
181	6.868	0.385	0.377	-11.246
50	5.366	0.395	0.362	-29.004
168	1.527	0.399	0.356	-55.782
473	6.868	0.402	0.352	-15.728
341	6.868	0.402	0.351	-7.322
440	5.144	0.402	0.351	-9.712
507	1.558	0.404	0.349	-52.084
188	0.584	0.406	0.345	-11.960
130	0.715	0.407	0.343	-57.045
19	6.868	0.411	0.338	-6.176
99	0.304	0.411	0.338	-35.541
358	0.526	0.412	0.337	-19.074
518	0.399	0.414	0.334	-25.521
483	1.428	0.417	0.330	-12.330
120	6.163	0.417	0.329	-17.370
29	2.341	0.42	0.326	-16.684
331	0.702	0.422	0.323	-26.875
213	0.549	0.425	0.319	-29.151
146	1.459	0.43	0.312	-107.677
33	5.672	0.431	0.311	-10.928
391	5.640	0.433	0.307	-22.223
393	1.836	0.435	0.305	-9.474
124	1.861	0.437	0.303	-23.183
461	0.657	0.438	0.300	-49.377
113	0.390	0.442	0.296	-50.220
89	0.069	0.442	0.295	-48.633
382	1.792	0.443	0.294	-22.282
408	1.806	0.444	0.293	-30.686
69	5.999	0.449	0.287	-34.170
169	0.715	0.449	0.287	-49.354
325	2.178	0.451	0.284	-10.519
153	0.379	0.455	0.279	-39.142
559	5.425	0.456	0.278	-25.729
395	0.642	0.458	0.276	-17.815
333	6.780	0.459	0.275	-9.056
339	0.614	0.459	0.274	-29.632
328	6.868	0.459	0.274	-31.657
487	1.349	0.464	0.268	-9.878
151	1.420	0.465	0.267	-38.685
39	4.112	0.467	0.265	-16.248
228	1.628	0.469	0.262	-19.536
450	4.980	0.473	0.258	-12.442
65	1.656	0.476	0.254	-27.512
327	1.670	0.476	0.254	-15.331
489	1.440	0.476	0.254	-30.094
82	4.554	0.479	0.250	-15.159
385	6.868	0.479	0.250	-15.282
486	0.666	0.48	0.250	-20.588
49	4.570	0.486	0.242	-24.299
537	6.868	0.488	0.241	-6.897
281	1.417	0.49	0.238	-23.853
530	4.540	0.49	0.238	-31.105
457	0.729	0.491	0.237	-16.863
279	1.509	0.492	0.236	-18.204
287	0.575	0.495	0.232	-60.400
280	1.368	0.499	0.229	-26.487
451	6.069	0.5	0.228	-25.290
549	0.714	0.509	0.218	-11.821
441	0.710	0.51	0.217	-36.653
355	4.670	0.51	0.217	-23.468
299	0.742	0.512	0.215	-72.910
539	2.176	0.512	0.215	-18.333
297	2.567	0.512	0.215	-8.490
177	0.628	0.515	0.212	-30.085
115	1.487	0.515	0.212	-4.506
380	4.312	0.519	0.208	-15.502
491	1.271	0.522	0.205	-11.695
96	0.757	0.527	0.200	-19.479
340	1.477	0.528	0.199	-31.403
95	4.325	0.531	0.196	-14.591
35	5.023	0.532	0.195	-13.316
437	1.381	0.533	0.195	-10.545
446	5.849	0.536	0.191	-8.883
521	1.527	0.543	0.185	-28.172
442	1.587	0.546	0.183	-30.497
475	2.095	0.548	0.181	-5.422
34	1.318	0.553	0.176	-10.771
144	0.877	0.557	0.173	-122.594
102	1.523	0.557	0.172	-43.074
156	0.756	0.56	0.170	-49.947
9	0.714	0.56	0.170	-37.614
320	4.808	0.561	0.169	-11.507
257	0.539	0.562	0.168	-29.491
226	0.446	0.564	0.166	-12.803
291	4.098	0.566	0.165	-11.220
22	0.765	0.568	0.163	-10.010
309	0.755	0.569	0.162	-13.039
344	5.202	0.573	0.159	-10.145
182	0.610	0.579	0.154	-39.788
198	1.538	0.581	0.152	-16.912
84	1.244	0.583	0.151	-8.467
187	1.922	0.584	0.150	-10.912
256	1.697	0.586	0.148	-2.943
60	1.479	0.587	0.147	-45.432
141	1.404	0.587	0.147	-11.905
324	1.451	0.593	0.142	-43.542
261	0.742	0.594	0.142	-25.209
108	1.428	0.596	0.141	-11.856
88	1.248	0.596	0.141	-58.178
312	1.432	0.596	0.140	-12.703
545	0.727	0.597	0.140	-12.304
481	1.258	0.601	0.137	-4.221
447	1.474	0.601	0.137	-12.186
338	0.756	0.608	0.131	-31.464
564	1.193	0.608	0.131	-6.497
55	1.171	0.61	0.130	-29.611
118	4.772	0.613	0.128	-26.912
18	1.312	0.613	0.128	-8.333
295	1.270	0.613	0.128	-10.595
224	1.550	0.614	0.127	-44.786
265	0.731	0.615	0.127	-36.088
249	1.582	0.62	0.123	-24.281
125	1.360	0.624	0.120	-28.940
286	0.628	0.626	0.119	-40.972
399	1.667	0.634	0.113	-12.079
360	1.351	0.636	0.112	-9.461
560	1.694	0.636	0.112	-14.120
190	1.450	0.636	0.112	-14.343
349	0.735	0.637	0.111	-6.109
137	1.368	0.638	0.111	-56.755
556	1.630	0.638	0.110	-5.590
267	4.842	0.642	0.108	-12.326
192	1.393	0.642	0.108	-31.534
254	0.640	0.648	0.104	-14.178
3	1.760	0.648	0.104	-20.444
534	1.287	0.65	0.103	-5.791
411	0.751	0.651	0.102	-16.989
407	0.539	0.654	0.100	-31.139
362	0.831	0.655	0.100	-4.264
348	1.745	0.657	0.098	-13.416
315	1.424	0.658	0.098	-15.072
212	0.611	0.658	0.098	-20.320
372	1.137	0.658	0.098	-50.764
163	1.202	0.659	0.097	-26.301
240	1.242	0.662	0.096	-59.516
493	0.656	0.669	0.092	-20.548
288	1.295	0.669	0.091	-56.347
149	1.254	0.671	0.090	-33.891
275	2.233	0.673	0.089	-17.969
111	0.734	0.673	0.089	-29.877
199	1.380	0.676	0.087	-61.265
485	1.587	0.677	0.087	-5.678
361	0.835	0.68	0.085	-37.591
92	1.381	0.688	0.081	-15.461
503	1.409	0.691	0.079	-43.105
374	1.958	0.692	0.079	-10.381
478	1.198	0.692	0.078	-31.967
109	4.941	0.692	0.078	-7.695
68	0.748	0.693	0.078	-26.743
97	0.863	0.698	0.075	-30.446
508	1.249	0.701	0.074	-17.384
443	1.250	0.707	0.071	-13.880
387	1.431	0.707	0.071	-17.196
547	0.848	0.71	0.069	-7.857
432	0.781	0.713	0.068	-44.688
332	6.868	0.714	0.067	-9.193
371	0.808	0.716	0.066	-7.654
229	0.764	0.719	0.065	-6.441
262	1.323	0.721	0.064	-9.655
543	1.264	0.721	0.064	-49.018
472	0.830	0.722	0.063	-4.234
321	0.791	0.724	0.062	-25.231
470	0.864	0.727	0.061	-47.671
37	1.242	0.727	0.061	-41.883
127	0.742	0.731	0.059	-18.321
165	0.847	0.732	0.059	-44.931
365	1.259	0.732	0.059	-10.890
289	0.851	0.736	0.057	-59.562
511	1.193	0.736	0.057	-32.257
139	1.160	0.742	0.054	-25.498
20	0.886	0.744	0.054	-25.748
375	0.816	0.749	0.051	-19.441
402	0.800	0.751	0.050	-5.954
27	1.341	0.755	0.049	-10.324
514	1.227	0.757	0.048	-39.798
538	1.294	0.761	0.046	-10.251
544	0.839	0.764	0.045	-7.758
136	0.755	0.769	0.043	-32.173
448	1.154	0.774	0.041	-18.699
397	0.843	0.774	0.041	-13.748
548	1.304	0.776	0.041	-8.836
62	1.158	0.778	0.040	-49.199
439	1.201	0.778	0.040	-10.947
482	1.286	0.789	0.036	-21.233
184	0.822	0.79	0.036	-67.218
536	0.863	0.79	0.035	-29.334
10	0.815	0.79	0.035	-41.557
353	0.793	0.79	0.035	-16.910
421	0.885	0.796	0.034	-27.252
73	1.156	0.796	0.033	-31.512
51	1.161	0.796	0.033	-9.363
422	1.168	0.796	0.033	-34.372
531	0.862	0.797	0.033	-8.280
206	1.112	0.797	0.033	-68.451
57	1.219	0.797	0.033	-7.765
263	1.239	0.798	0.033	-9.819
414	0.864	0.804	0.031	-28.772
290	1.164	0.807	0.030	-27.023
515	0.881	0.81	0.029	-50.308
471	1.147	0.812	0.028	-20.636
523	0.805	0.814	0.028	-12.907
6	1.158	0.815	0.027	-34.065
529	0.880	0.826	0.024	-17.690
14	1.182	0.826	0.024	-46.057
83	1.117	0.828	0.024	-23.829
468	0.798	0.836	0.021	-20.560
546	0.839	0.838	0.021	-9.420
180	1.143	0.838	0.021	-28.031
74	0.898	0.843	0.020	-22.737
46	1.113	0.846	0.019	-10.316
319	1.081	0.847	0.019	-11.355
133	1.109	0.854	0.017	-10.646
17	0.933	0.869	0.014	-25.939
143	0.921	0.872	0.013	-13.040
21	0.947	0.876	0.012	-4.040
466	1.082	0.881	0.011	-15.726
366	1.156	0.885	0.010	-5.892
225	0.937	0.885	0.010	-42.828
203	1.032	0.893	0.009	-81.122
418	0.929	0.895	0.009	-40.806
205	0.934	0.905	0.007	-49.367
2	0.894	0.907	0.007	-35.781
44	0.927	0.912	0.006	-4.778
70	1.067	0.912	0.006	-24.014
563	1.081	0.912	0.006	-2.783
434	0.935	0.913	0.006	-22.922
410	1.127	0.917	0.005	-20.103
159	1.060	0.921	0.005	-46.349
107	1.037	0.922	0.005	-7.472
75	1.078	0.925	0.004	-23.139
194	1.045	0.928	0.004	-22.307
524	0.938	0.933	0.004	-17.674
562	0.949	0.937	0.003	-18.366
429	1.031	0.939	0.003	-4.141
245	1.038	0.942	0.003	-7.754
303	0.956	0.952	0.002	-6.616
300	1.045	0.953	0.002	-8.686
532	1.024	0.954	0.002	-11.050
200	0.963	0.958	0.001	-29.389
428	1.021	0.959	0.001	-4.159
201	0.976	0.962	0.001	-52.779
176	1.069	0.963	0.001	-69.573
384	0.940	0.964	0.001	-7.139
318	1.036	0.966	0.001	-15.021
501	0.968	0.968	0.001	-26.289
425	0.979	0.969	0.001	-32.505
66	0.980	0.97	0.001	-4.746
480	1.011	0.976	0.000	-6.837
119	1.017	0.978	0.000	-21.247
278	1.030	0.981	0.000	-54.050
550	1.011	0.983	0.000	-35.442
148	0.989	0.983	0.000	-49.719
462	0.987	0.983	0.000	-7.599
490	1.013	0.988	0.000	-37.922
160	1.003	0.988	0.000	-26.955
311	1.004	0.991	0.000	-30.094
377	1.006	0.992	0.000	-12.731
126	0.995	0.996	0.000	-24.594
370	1.005	0.996	0.000	-19.092
460	0.999	0.999	0.000	-48.119