# Omega fit to each site after fixing tree and and all other parameters.
# Not using '--omegabysite_fixsyn', so we fit a synonymous rate for each site. This means we compare fitting omega and a synonymous rate to fitting just a synonymous rate.
# Fits compared to null model of omega = 1.000; P-values NOT corrected for multiple testing.
#
# site	omega	P	dLnL
430	0.001	3.95e-08	15.086
354	0.001	1.11e-07	14.090
148	0.001	1.19e-07	14.018
56	0.001	8.62e-07	12.107
28	0.001	2.41e-06	11.117
479	0.001	5.58e-06	10.313
454	0.001	1.13e-05	9.637
335	0.001	1.18e-05	9.599
24	0.001	1.19e-05	9.588
38	0.001	1.27e-05	9.525
356	0.001	1.36e-05	9.460
474	0.001	1.43e-05	9.417
379	0.001	1.63e-05	9.291
396	0.001	2.04e-05	9.074
191	0.001	2.5e-05	8.882
63	0.001	2.51e-05	8.878
271	0.001	2.91e-05	8.736
306	0.001	4.17e-05	8.397
351	0.001	4.2e-05	8.390
305	0.001	4.54e-05	8.316
116	0.001	4.63e-05	8.296
363	0.001	4.64e-05	8.295
237	0.001	5.25e-05	8.177
502	0.001	5.33e-05	8.164
208	0.001	5.5e-05	8.134
367	0.001	5.91e-05	8.065
347	0.001	5.95e-05	8.059
110	0.001	6e-05	8.052
368	0.001	6.88e-05	7.922
310	0.001	7.01e-05	7.904
424	0.001	9.09e-05	7.659
550	0.035	0.000107	7.508
26	0.001	0.000125	7.359
59	0.001	0.000199	6.921
322	0.001	0.000205	6.893
343	0.001	0.00023	6.785
555	0.001	0.000239	6.748
484	0.001	0.000247	6.717
494	0.001	0.000288	6.574
117	0.001	0.000293	6.559
174	0.001	0.000306	6.516
152	0.001	0.000341	6.416
132	0.001	0.000347	6.398
453	0.046	0.000371	6.336
329	0.052	0.000382	6.310
438	0.001	0.000393	6.281
352	0.001	0.000422	6.217
215	0.001	0.000434	6.190
372	0.113	0.000464	6.128
37	0.001	0.00048	6.097
258	0.001	0.000491	6.075
105	0.001	0.000535	5.995
416	0.001	0.000585	5.911
535	0.001	0.000604	5.881
134	0.001	0.000606	5.879
281	0.001	0.000607	5.878
55	0.051	0.000608	5.875
394	0.001	0.000619	5.859
336	0.001	0.000624	5.851
520	0.001	0.000662	5.796
482	0.001	0.000676	5.777
551	0.001	0.000683	5.767
241	0.001	0.000772	5.654
268	0.120	0.000802	5.618
317	0.001	0.000814	5.605
81	0.001	0.000856	5.558
339	0.001	0.000917	5.494
359	0.001	0.000923	5.488
307	0.001	0.000928	5.483
321	0.001	0.000936	5.475
449	0.001	0.000942	5.469
355	0.001	0.000958	5.453
23	0.001	0.000967	5.445
376	0.001	0.000973	5.439
183	0.001	0.000983	5.430
504	0.001	0.00101	5.407
301	0.001	0.00107	5.353
239	0.001	0.00114	5.291
507	0.109	0.00115	5.287
160	0.052	0.00116	5.279
298	0.001	0.00117	5.272
505	0.001	0.00118	5.261
291	0.001	0.00122	5.229
228	0.001	0.00123	5.221
477	0.001	0.00125	5.204
72	0.001	0.00129	5.180
284	0.001	0.00134	5.145
180	0.001	0.00135	5.138
170	0.134	0.00139	5.112
380	0.001	0.00139	5.106
282	0.001	0.00141	5.095
350	0.001	0.00142	5.093
518	0.001	0.00145	5.073
478	0.054	0.00146	5.067
417	0.001	0.00151	5.036
296	0.001	0.00151	5.033
388	0.001	0.00151	5.030
139	0.001	0.00151	5.030
455	0.001	0.00158	4.990
510	0.063	0.00165	4.950
431	0.001	0.00173	4.906
554	0.001	0.0018	4.874
486	0.001	0.00185	4.845
50	0.001	0.00188	4.834
65	0.001	0.00189	4.825
508	0.001	0.0019	4.821
407	0.001	0.00191	4.817
501	0.049	0.00194	4.805
565	0.001	0.00199	4.781
10	0.084	0.00201	4.770
98	0.001	0.00207	4.743
426	0.001	0.00208	4.740
185	0.104	0.0021	4.731
323	0.001	0.00212	4.719
433	0.050	0.00213	4.717
40	0.001	0.00223	4.675
196	0.001	0.00229	4.650
519	0.001	0.00243	4.597
217	0.001	0.00255	4.552
120	0.001	0.00266	4.513
401	0.001	0.0027	4.502
168	0.158	0.00282	4.459
328	0.001	0.00306	4.386
94	0.001	0.00308	4.379
45	0.001	0.00308	4.378
471	0.001	0.00313	4.365
342	0.001	0.00316	4.356
147	0.001	0.00345	4.277
413	0.001	0.00351	4.261
459	0.090	0.0038	4.190
76	0.001	0.0038	4.189
288	0.149	0.00385	4.177
410	0.001	0.00388	4.169
48	0.001	0.00416	4.107
378	0.001	0.00428	4.080
493	0.001	0.0043	4.076
469	0.001	0.0043	4.076
242	0.001	0.00439	4.056
69	0.001	0.00461	4.013
468	0.001	0.00475	3.987
423	0.001	0.00475	3.986
276	0.173	0.00483	3.972
419	0.001	0.00504	3.932
252	0.001	0.0052	3.904
511	0.001	0.00525	3.896
243	0.038	0.00534	3.880
270	0.001	0.00545	3.862
389	0.068	0.00559	3.839
515	0.170	0.00561	3.836
75	0.001	0.00564	3.830
427	0.001	0.00575	3.813
442	0.001	0.00577	3.811
47	0.001	0.00606	3.766
95	0.001	0.00606	3.766
108	0.001	0.00666	3.682
334	0.001	0.00667	3.680
452	0.001	0.00705	3.630
463	0.001	0.0073	3.599
32	0.001	0.00738	3.589
248	0.001	0.0074	3.587
42	0.001	0.00752	3.572
79	0.001	0.00757	3.566
436	0.001	0.00761	3.561
460	0.156	0.00798	3.519
503	0.121	0.00805	3.511
295	0.001	0.00817	3.498
487	0.001	0.00819	3.496
541	0.001	0.00846	3.467
498	0.001	0.00865	3.447
30	0.001	0.00921	3.391
280	0.080	0.00931	3.381
235	0.139	0.0096	3.354
395	0.001	0.00963	3.351
279	0.001	0.00965	3.349
319	0.001	0.00968	3.346
369	0.001	0.00972	3.342
61	0.001	0.0101	3.307
34	0.001	0.0102	3.300
82	0.001	0.0103	3.295
84	0.001	0.0105	3.271
325	0.001	0.0106	3.262
58	0.001	0.011	3.234
340	0.086	0.011	3.233
316	0.001	0.0111	3.228
312	0.001	0.0111	3.221
231	0.084	0.0113	3.209
197	0.001	0.0119	3.166
67	0.001	0.012	3.157
539	0.001	0.012	3.154
514	0.134	0.0121	3.147
29	0.001	0.0122	3.144
458	0.001	0.0123	3.136
345	0.001	0.0124	3.130
465	0.087	0.0125	3.119
440	0.001	0.0125	3.117
447	0.001	0.0126	3.111
561	0.001	0.0126	3.110
263	0.001	0.0128	3.101
54	0.001	0.013	3.083
149	0.111	0.0132	3.069
275	0.001	0.0133	3.062
80	0.001	0.0134	3.055
491	0.001	0.0135	3.052
383	0.001	0.0136	3.047
421	0.090	0.0136	3.043
409	0.001	0.0138	3.033
27	0.001	0.0142	3.005
385	0.001	0.0144	2.997
412	0.001	0.0145	2.987
131	0.001	0.0148	2.972
138	0.219	0.0148	2.971
128	0.076	0.0149	2.964
456	0.105	0.015	2.958
483	0.001	0.0152	2.948
405	0.001	0.0153	2.943
181	0.001	0.016	2.904
233	0.001	0.016	2.903
49	0.001	0.016	2.900
136	0.109	0.0165	2.875
559	0.001	0.0165	2.873
163	0.078	0.0169	2.851
370	0.001	0.017	2.847
129	0.001	0.0173	2.832
112	0.001	0.0173	2.832
500	0.001	0.0177	2.811
320	0.001	0.018	2.797
122	0.001	0.0188	2.759
374	0.001	0.0193	2.738
313	0.001	0.0194	2.734
175	0.001	0.0195	2.726
222	0.001	0.0203	2.694
512	0.001	0.0203	2.691
338	0.105	0.0204	2.691
450	0.001	0.0204	2.690
403	0.001	0.0204	2.690
365	0.001	0.0208	2.673
308	0.086	0.0208	2.670
444	0.001	0.0209	2.666
422	0.140	0.021	2.663
533	0.001	0.021	2.662
267	0.001	0.0214	2.647
543	0.140	0.0219	2.628
437	0.001	0.0221	2.621
522	0.088	0.0228	2.590
513	0.001	0.0229	2.589
527	0.001	0.0229	2.589
236	0.112	0.0232	2.575
249	0.001	0.0233	2.574
495	0.110	0.0236	2.561
127	0.001	0.0239	2.552
259	0.001	0.024	2.548
521	0.001	0.0241	2.542
337	0.172	0.0244	2.533
373	0.001	0.025	2.511
41	0.113	0.0251	2.508
542	0.001	0.0252	2.506
234	0.001	0.0264	2.463
382	0.115	0.0274	2.433
199	0.270	0.0278	2.421
184	0.253	0.0279	2.416
473	0.001	0.0288	2.391
392	0.001	0.0291	2.381
387	0.001	0.0292	2.378
348	0.001	0.0293	2.375
164	0.001	0.0294	2.373
35	0.001	0.0295	2.369
540	0.001	0.0299	2.358
451	0.001	0.03	2.355
399	0.001	0.0304	2.343
198	0.001	0.0305	2.341
189	0.001	0.0309	2.330
73	0.161	0.0309	2.329
530	0.001	0.0326	2.282
187	0.001	0.0329	2.275
83	0.104	0.0331	2.271
102	0.183	0.0332	2.268
558	0.001	0.0339	2.251
125	0.127	0.0346	2.233
264	0.001	0.0348	2.227
216	0.109	0.0363	2.191
289	0.257	0.0371	2.174
464	0.108	0.0371	2.172
290	0.143	0.0371	2.172
557	0.001	0.0374	2.165
17	0.111	0.0381	2.150
92	0.001	0.0402	2.105
121	0.133	0.0406	2.095
190	0.001	0.0409	2.089
130	0.257	0.0426	2.055
11	99.000	0.0449	2.011
285	0.155	0.0454	2.003
119	0.123	0.048	1.955
212	0.094	0.0495	1.929
4	99.000	0.0501	1.918
87	0.192	0.0606	1.761
107	0.001	0.062	1.741
538	0.001	0.0623	1.737
118	0.001	0.0625	1.735
182	0.213	0.0662	1.687
146	4.665	0.0663	1.686
391	0.143	0.0674	1.673
309	0.001	0.0677	1.668
326	0.304	0.0693	1.649
564	0.001	0.0704	1.637
346	0.001	0.0718	1.620
480	0.001	0.0733	1.604
254	0.001	0.0736	1.600
560	0.001	0.0743	1.593
36	99.000	0.0745	1.590
31	0.001	0.0749	1.586
18	0.001	0.0753	1.582
209	0.291	0.0756	1.578
446	0.001	0.0763	1.571
371	0.001	0.0789	1.544
536	99.000	0.0795	1.537
156	0.299	0.0798	1.535
142	0.322	0.0847	1.487
341	0.001	0.0865	1.470
51	0.001	0.088	1.455
448	0.130	0.0895	1.442
123	0.132	0.0904	1.434
218	0.244	0.0905	1.433
462	0.001	0.0927	1.414
300	0.001	0.0928	1.413
52	99.000	0.0929	1.411
226	0.001	0.0937	1.404
333	0.001	0.0938	1.404
406	0.001	0.0939	1.403
57	0.001	0.0943	1.400
434	99.000	0.0943	1.400
262	0.001	0.0961	1.385
245	0.001	0.0978	1.371
344	0.001	0.0982	1.367
393	0.001	0.0984	1.366
109	0.001	0.0988	1.362
292	0.299	0.101	1.342
260	0.001	0.102	1.335
548	0.001	0.103	1.332
400	0.001	0.106	1.309
33	0.001	0.109	1.285
408	0.231	0.111	1.270
439	0.001	0.112	1.263
141	0.001	0.117	1.230
327	0.156	0.121	1.203
332	0.001	0.124	1.185
204	0.001	0.125	1.177
297	0.001	0.126	1.171
384	0.001	0.127	1.165
221	0.338	0.127	1.162
273	0.316	0.131	1.139
361	0.231	0.134	1.125
46	0.001	0.134	1.121
43	0.001	0.135	1.114
304	0.256	0.136	1.114
415	99.000	0.136	1.113
311	0.222	0.137	1.107
257	99.000	0.137	1.106
532	0.001	0.14	1.087
194	0.176	0.142	1.077
277	3.709	0.146	1.056
15	99.000	0.149	1.043
253	0.182	0.151	1.029
9	0.249	0.152	1.026
70	0.184	0.153	1.022
545	0.001	0.155	1.013
96	0.194	0.167	0.953
90	3.535	0.169	0.945
445	0.001	0.17	0.941
99	0.292	0.179	0.901
101	0.319	0.18	0.900
441	0.282	0.183	0.885
246	0.210	0.189	0.863
78	0.473	0.189	0.862
172	0.447	0.193	0.849
466	99.000	0.197	0.831
86	2.534	0.198	0.829
278	0.443	0.199	0.825
159	0.366	0.201	0.819
386	0.262	0.202	0.815
265	0.351	0.21	0.787
293	0.405	0.212	0.778
14	0.410	0.219	0.755
97	0.332	0.225	0.736
167	0.415	0.228	0.726
516	0.166	0.234	0.708
13	3.084	0.236	0.702
203	0.469	0.246	0.672
68	0.299	0.246	0.672
238	2.224	0.253	0.654
124	0.263	0.261	0.631
53	0.405	0.262	0.629
3	99.000	0.266	0.620
6	0.408	0.267	0.616
266	0.497	0.269	0.612
506	0.274	0.275	0.596
192	0.329	0.278	0.589
177	0.311	0.278	0.588
20	0.376	0.284	0.573
157	2.463	0.321	0.492
60	2.712	0.322	0.489
526	0.446	0.334	0.468
144	1.967	0.35	0.436
523	99.000	0.351	0.435
390	0.512	0.353	0.431
143	0.259	0.359	0.421
213	0.396	0.365	0.410
549	99.000	0.365	0.410
457	0.268	0.371	0.401
509	99.000	0.375	0.394
397	99.000	0.376	0.391
100	0.484	0.384	0.379
299	0.589	0.39	0.369
74	0.417	0.393	0.365
8	0.415	0.398	0.358
225	0.527	0.399	0.355
432	0.524	0.402	0.351
145	0.677	0.413	0.336
562	0.301	0.413	0.336
489	0.476	0.421	0.324
470	0.571	0.422	0.323
467	2.191	0.426	0.317
5	2.063	0.427	0.316
244	99.000	0.431	0.311
272	99.000	0.434	0.305
103	0.551	0.438	0.300
377	0.325	0.441	0.297
411	0.324	0.441	0.296
269	0.478	0.442	0.295
223	2.136	0.452	0.283
490	0.551	0.453	0.281
162	0.518	0.465	0.267
250	0.625	0.471	0.260
153	0.569	0.473	0.257
206	0.629	0.473	0.257
497	99.000	0.488	0.240
188	99.000	0.489	0.239
476	0.521	0.494	0.234
414	0.524	0.497	0.231
318	0.374	0.497	0.231
251	0.527	0.501	0.226
443	0.392	0.516	0.210
287	0.658	0.525	0.202
186	1.441	0.53	0.197
398	0.623	0.532	0.195
202	1.435	0.532	0.195
529	0.415	0.542	0.186
353	0.416	0.544	0.184
7	0.627	0.551	0.178
165	0.608	0.553	0.176
488	0.470	0.561	0.169
358	0.435	0.563	0.167
315	0.436	0.564	0.166
62	0.687	0.567	0.164
12	0.599	0.571	0.160
227	0.646	0.577	0.155
404	0.668	0.594	0.142
155	0.722	0.616	0.126
425	0.639	0.624	0.120
232	1.372	0.632	0.114
150	1.443	0.638	0.110
461	0.680	0.641	0.109
154	0.670	0.649	0.104
375	0.523	0.651	0.102
302	99.000	0.658	0.098
22	99.000	0.659	0.097
283	1.431	0.66	0.097
133	99.000	0.661	0.096
16	1.527	0.685	0.082
89	0.737	0.686	0.082
106	0.738	0.687	0.081
240	1.364	0.693	0.078
111	0.631	0.704	0.072
71	0.622	0.71	0.069
179	1.284	0.711	0.069
151	1.489	0.714	0.067
176	0.791	0.717	0.066
200	0.716	0.72	0.064
169	1.328	0.728	0.061
39	0.610	0.729	0.060
314	0.780	0.739	0.056
525	0.779	0.739	0.055
420	99.000	0.74	0.055
88	0.814	0.748	0.052
286	0.756	0.754	0.049
137	0.808	0.768	0.044
219	0.760	0.769	0.043
85	0.713	0.779	0.039
178	1.231	0.789	0.036
496	1.330	0.796	0.033
195	0.796	0.797	0.033
161	1.527	0.805	0.030
381	1.235	0.809	0.029
114	0.820	0.814	0.028
173	1.313	0.823	0.025
324	0.854	0.829	0.023
91	0.834	0.829	0.023
113	0.852	0.83	0.023
2	1.198	0.834	0.022
211	1.223	0.847	0.019
330	99.000	0.85	0.018
224	0.874	0.857	0.016
261	0.802	0.86	0.016
418	1.149	0.865	0.014
331	1.200	0.873	0.013
528	0.798	0.874	0.013
205	0.886	0.874	0.013
294	1.107	0.884	0.011
166	99.000	0.885	0.010
360	99.000	0.912	0.006
255	0.878	0.916	0.006
207	0.923	0.931	0.004
210	0.905	0.932	0.004
126	1.088	0.945	0.002
171	0.960	0.952	0.002
274	1.045	0.956	0.001
64	0.945	0.957	0.001
524	0.928	0.976	0.000
201	1.023	0.982	0.000
158	0.998	0.998	0.000
402	0.296	1	0.000
492	0.296	1	0.000
553	0.296	1	0.000
230	0.299	1	0.000
256	0.299	1	0.000
563	0.299	1	0.000
362	0.304	1	0.000
428	0.304	1	0.000
429	0.304	1	0.000
517	0.304	1	0.000
546	1.714	1	0.000
77	0.295	1	0.000
93	0.295	1	0.000
140	0.295	1	0.000
193	0.295	1	0.000
247	0.295	1	0.000
357	0.295	1	0.000
364	0.295	1	0.000
435	0.295	1	0.000
552	0.295	1	0.000
21	0.305	1	0.000
481	0.308	1	0.000
25	0.308	1	0.000
229	0.321	1	0.000
475	0.321	1	0.000
104	0.316	1	0.000
472	0.316	1	0.000
556	0.316	1	0.000
485	0.318	1	0.000
366	0.322	1	0.000
115	0.333	1	0.000
214	0.333	1	0.000
66	0.339	1	0.000
531	1.731	1	0.000
547	1.743	1	0.000
544	1.760	1	0.000
303	0.353	1	0.000
135	2.457	1	0.000
349	5.997	1	0.000
220	1.752	1	0.000
534	1.752	1	0.000
499	1.797	1	0.000
19	1.895	1	-0.000
44	1.895	1	-0.000
537	1.807	1	-0.000