# Stringency fit to each site after fixing tree and and all other parameters.
# Fits compared to null model of stringency = 1.057 (the overall gene value).
# P-values NOT corrected for multiple testing.
# The stringency ratio is the ratio of the fitted value to the null (overall gene value).
#
# site	stringency_ratio	P	dLnL	LnL_fixed
467	0.095	2.84e-06	10.962	-61.902
36	0.178	7.08e-06	10.085	-43.686
78	0.095	2.24e-05	8.987	-83.237
292	0.095	3.86e-05	8.470	-57.280
389	0.095	6.25e-05	8.013	-32.678
205	0.106	0.000305	6.519	-56.588
145	2.287	0.000418	6.225	-149.409
223	0.095	0.000533	5.999	-48.375
148	9.465	0.000607	5.877	-47.211
155	0.095	0.000917	5.494	-74.043
75	0.095	0.00105	5.364	-30.383
68	0.095	0.00113	5.303	-33.005
7	0.105	0.00134	5.142	-45.067
404	0.095	0.00156	5.005	-47.979
240	0.095	0.0019	4.821	-66.111
16	0.142	0.0021	4.732	-54.327
202	0.095	0.0024	4.606	-94.791
502	9.465	0.00317	4.354	-28.422
390	0.095	0.00318	4.351	-56.460
209	0.095	0.00344	4.279	-51.720
91	0.095	0.00408	4.123	-54.451
343	0.286	0.00432	4.073	-30.080
201	0.095	0.00461	4.013	-58.078
56	9.465	0.00497	3.945	-43.332
28	9.465	0.00706	3.629	-33.599
103	0.095	0.00708	3.627	-47.777
410	0.162	0.00825	3.489	-24.601
368	9.465	0.00827	3.488	-22.652
42	0.095	0.00964	3.350	-27.522
492	9.465	0.0102	3.301	-3.302
396	9.465	0.0104	3.282	-28.799
142	1.877	0.0106	3.268	-54.439
551	9.465	0.0107	3.256	-21.023
489	0.289	0.0119	3.164	-37.243
479	9.465	0.0121	3.148	-40.737
324	0.095	0.0125	3.120	-49.904
186	0.095	0.0126	3.112	-75.025
415	0.095	0.013	3.086	-35.818
271	8.462	0.0131	3.080	-27.988
430	4.507	0.0133	3.062	-51.606
499	0.173	0.0141	3.012	-11.894
152	9.465	0.0151	2.952	-20.411
88	0.319	0.0169	2.853	-63.622
268	2.013	0.017	2.850	-65.599
170	4.433	0.0171	2.846	-59.068
64	0.095	0.0171	2.843	-47.826
454	7.143	0.0183	2.785	-25.314
38	9.465	0.0186	2.770	-27.556
493	9.465	0.0191	2.745	-18.284
402	9.465	0.0204	2.691	-4.985
552	9.283	0.0206	2.679	-2.680
508	9.465	0.0213	2.651	-16.301
166	2.674	0.022	2.623	-13.345
323	9.465	0.0225	2.604	-29.608
367	9.465	0.0237	2.559	-23.752
24	8.300	0.0244	2.533	-29.981
471	9.465	0.0254	2.500	-20.153
553	9.465	0.0264	2.465	-2.465
376	9.465	0.0276	2.426	-26.254
456	0.095	0.0283	2.406	-36.658
354	3.929	0.0283	2.405	-32.580
219	0.158	0.03	2.355	-37.410
547	0.507	0.0324	2.290	-11.323
550	3.647	0.033	2.273	-33.677
424	9.465	0.0331	2.271	-25.642
258	9.465	0.0338	2.253	-16.766
150	0.095	0.035	2.224	-61.588
455	9.465	0.0351	2.220	-18.864
378	9.465	0.0377	2.160	-21.830
147	9.465	0.0399	2.111	-22.463
515	0.378	0.0413	2.082	-52.459
132	9.465	0.0417	2.074	-18.327
208	8.952	0.0417	2.073	-26.024
359	9.465	0.0426	2.056	-21.113
310	6.783	0.0426	2.055	-23.918
357	9.465	0.0426	2.055	-2.055
220	0.218	0.0434	2.040	-10.352
342	0.095	0.0444	2.021	-27.438
191	9.465	0.0463	1.985	-34.773
505	7.781	0.0469	1.975	-18.881
352	9.030	0.0473	1.967	-16.378
26	9.465	0.0474	1.965	-26.956
305	0.095	0.0478	1.959	-31.910
33	9.465	0.0478	1.959	-12.662
407	9.465	0.0479	1.956	-28.214
333	9.465	0.0481	1.953	-10.923
364	9.465	0.0489	1.940	-1.940
525	0.300	0.0489	1.939	-46.574
486	9.465	0.049	1.938	-18.471
116	9.465	0.0495	1.930	-26.887
63	9.465	0.0495	1.929	-29.760
113	0.288	0.0504	1.915	-51.497
322	9.465	0.0523	1.883	-19.707
459	2.882	0.0534	1.866	-35.921
554	9.465	0.0546	1.847	-18.030
12	0.155	0.0562	1.822	-39.276
294	2.239	0.057	1.812	-67.339
175	0.095	0.0575	1.803	-17.645
433	2.962	0.0609	1.757	-23.537
504	9.465	0.0609	1.756	-17.073
535	9.465	0.0609	1.756	-29.168
59	7.303	0.0622	1.738	-17.608
193	8.205	0.0647	1.706	-1.706
151	2.986	0.0668	1.679	-38.014
469	9.465	0.0676	1.670	-33.726
252	9.465	0.0688	1.656	-19.452
99	0.199	0.0688	1.656	-36.758
498	9.465	0.0693	1.650	-19.920
73	4.092	0.0705	1.635	-30.526
290	0.222	0.0714	1.625	-30.280
435	8.888	0.0718	1.621	-1.621
210	0.133	0.0719	1.620	-30.033
417	9.465	0.0722	1.616	-18.788
230	9.465	0.0748	1.587	-4.572
392	9.465	0.0756	1.578	-13.310
140	6.995	0.0773	1.560	-1.757
347	2.626	0.0797	1.535	-28.831
281	9.465	0.0839	1.494	-24.048
117	7.719	0.0846	1.487	-23.176
217	9.465	0.0852	1.482	-20.606
276	2.420	0.087	1.465	-58.304
458	6.083	0.0908	1.430	-18.513
241	9.465	0.0909	1.429	-21.041
256	9.465	0.0913	1.426	-4.364
481	9.465	0.0923	1.416	-5.708
234	8.268	0.094	1.402	-18.996
449	9.465	0.0941	1.402	-17.937
251	0.095	0.0944	1.399	-32.946
231	0.153	0.0945	1.398	-39.322
442	9.465	0.0955	1.390	-29.825
420	0.439	0.0956	1.389	-11.300
438	9.465	0.0967	1.379	-19.365
144	0.719	0.097	1.377	-124.232
298	9.465	0.0976	1.373	-22.187
55	1.892	0.0976	1.372	-29.560
401	9.465	0.0978	1.370	-19.261
141	9.465	0.0998	1.355	-11.781
380	9.465	0.101	1.346	-16.684
301	8.316	0.101	1.341	-23.171
153	0.285	0.102	1.334	-39.986
81	9.465	0.103	1.330	-18.715
48	8.652	0.104	1.324	-16.987
45	9.465	0.104	1.321	-15.232
405	9.465	0.105	1.315	-14.049
395	0.444	0.107	1.300	-19.825
511	7.288	0.107	1.296	-31.360
89	0.095	0.108	1.291	-49.426
299	0.095	0.108	1.289	-74.356
199	1.744	0.109	1.287	-57.698
539	9.465	0.109	1.285	-19.395
565	5.831	0.109	1.282	-19.847
110	6.599	0.11	1.277	-30.285
90	0.095	0.11	1.276	-56.050
379	6.109	0.112	1.260	-42.670
403	9.465	0.112	1.260	-10.958
137	0.117	0.116	1.238	-59.089
296	6.354	0.116	1.234	-21.738
350	9.465	0.117	1.231	-18.950
337	0.095	0.117	1.225	-41.457
487	4.126	0.12	1.210	-10.943
275	5.815	0.121	1.204	-16.372
249	9.465	0.121	1.201	-23.846
416	2.626	0.121	1.201	-49.523
158	0.482	0.121	1.200	-54.551
542	9.465	0.122	1.194	-24.913
284	9.465	0.122	1.194	-24.716
10	2.677	0.124	1.186	-39.516
386	0.095	0.126	1.174	-27.309
272	0.341	0.126	1.173	-16.240
291	8.017	0.127	1.162	-12.248
61	9.465	0.129	1.150	-31.576
335	6.235	0.133	1.131	-31.753
13	0.251	0.136	1.113	-55.907
212	0.237	0.136	1.112	-21.629
356	9.465	0.136	1.111	-30.152
426	9.465	0.137	1.107	-20.315
77	6.660	0.138	1.099	-1.099
285	0.136	0.14	1.091	-28.215
351	6.242	0.142	1.077	-32.473
135	0.486	0.142	1.075	-10.699
182	0.108	0.145	1.061	-41.105
40	8.389	0.145	1.060	-15.861
105	8.691	0.146	1.059	-22.595
363	7.626	0.146	1.055	-28.532
67	9.465	0.147	1.050	-30.507
497	0.256	0.148	1.048	-12.866
53	0.382	0.15	1.037	-42.053
311	2.806	0.15	1.034	-28.913
98	9.465	0.154	1.014	-15.886
453	1.708	0.156	1.007	-38.123
232	0.095	0.159	0.993	-69.481
419	9.465	0.161	0.981	-15.627
339	2.612	0.162	0.978	-27.398
196	7.644	0.164	0.968	-14.647
559	9.465	0.165	0.963	-26.478
257	0.394	0.166	0.959	-30.033
316	9.465	0.167	0.954	-12.638
174	1.783	0.17	0.940	-22.254
466	0.561	0.17	0.940	-17.781
215	7.180	0.172	0.931	-25.107
561	9.465	0.172	0.931	-11.566
317	6.510	0.175	0.921	-22.872
437	8.687	0.181	0.894	-11.425
255	0.330	0.184	0.881	-24.006
260	9.465	0.186	0.875	-10.951
173	0.190	0.187	0.872	-25.268
180	2.819	0.187	0.869	-26.984
39	0.473	0.188	0.867	-17.823
101	2.263	0.189	0.865	-35.723
533	9.465	0.189	0.863	-11.407
408	0.197	0.19	0.860	-33.022
264	9.465	0.192	0.850	-24.701
476	0.379	0.193	0.849	-35.831
235	0.329	0.194	0.843	-40.945
94	9.465	0.194	0.842	-20.172
531	2.296	0.196	0.837	-8.954
477	6.296	0.196	0.836	-21.831
72	7.091	0.197	0.832	-16.072
32	9.465	0.198	0.828	-19.815
203	1.374	0.2	0.822	-79.818
30	9.465	0.2	0.822	-18.322
31	3.463	0.201	0.818	-10.264
247	6.505	0.203	0.810	-0.810
270	9.465	0.203	0.809	-18.541
484	2.449	0.204	0.807	-24.499
2	0.095	0.204	0.806	-36.946
558	3.829	0.205	0.802	-17.758
423	6.994	0.207	0.796	-29.156
93	2.715	0.208	0.794	-2.087
119	3.138	0.209	0.790	-20.766
330	1.807	0.209	0.789	-8.077
336	7.409	0.209	0.789	-17.426
491	1.712	0.211	0.782	-12.432
478	1.577	0.214	0.772	-30.232
341	9.465	0.216	0.767	-8.201
514	0.416	0.217	0.763	-41.631
79	9.465	0.217	0.762	-31.148
355	6.236	0.218	0.758	-24.127
130	0.525	0.219	0.755	-57.883
520	0.481	0.221	0.749	-22.092
15	0.431	0.222	0.746	-24.126
334	9.465	0.222	0.744	-30.110
49	8.024	0.222	0.744	-24.909
71	0.438	0.224	0.738	-23.321
129	9.465	0.225	0.735	-11.737
262	9.465	0.226	0.732	-10.383
164	9.465	0.227	0.730	-24.707
23	7.740	0.228	0.727	-23.708
409	0.556	0.231	0.718	-24.678
92	0.468	0.231	0.717	-16.983
313	0.575	0.231	0.717	-16.407
168	0.569	0.231	0.716	-57.655
530	9.003	0.232	0.715	-31.520
412	0.223	0.233	0.710	-16.423
439	9.465	0.237	0.698	-11.452
370	2.495	0.238	0.696	-18.031
562	2.581	0.24	0.689	-17.569
282	2.750	0.245	0.675	-25.913
457	0.558	0.245	0.675	-18.007
358	0.396	0.247	0.669	-19.651
181	9.250	0.252	0.656	-11.791
5	0.459	0.253	0.654	-34.375
307	5.945	0.26	0.636	-20.918
65	2.769	0.261	0.632	-27.659
106	0.492	0.262	0.628	-48.560
269	1.663	0.263	0.625	-32.836
444	8.356	0.264	0.623	-28.436
76	6.215	0.268	0.613	-19.669
157	0.540	0.268	0.613	-56.399
58	6.541	0.268	0.612	-31.746
436	7.859	0.271	0.606	-20.540
522	2.116	0.273	0.601	-23.152
319	1.613	0.274	0.598	-12.000
244	0.463	0.275	0.596	-13.873
52	0.317	0.278	0.589	-39.386
225	0.415	0.278	0.589	-44.947
413	1.542	0.282	0.579	-14.080
82	6.034	0.286	0.570	-15.450
47	2.843	0.288	0.564	-20.605
243	1.500	0.288	0.564	-27.618
518	0.264	0.288	0.564	-26.010
328	7.000	0.292	0.556	-31.931
266	1.494	0.293	0.552	-51.327
338	0.623	0.295	0.549	-31.735
253	3.634	0.298	0.542	-20.110
325	7.342	0.299	0.540	-10.803
427	5.706	0.306	0.525	-14.311
183	7.199	0.307	0.523	-15.855
69	5.680	0.307	0.523	-34.339
293	0.598	0.307	0.522	-47.881
321	2.555	0.311	0.513	-23.826
440	7.380	0.313	0.508	-9.905
22	0.585	0.316	0.502	-11.825
500	7.403	0.317	0.500	-9.192
391	2.525	0.32	0.494	-22.472
50	5.214	0.321	0.492	-28.999
25	3.363	0.328	0.479	-5.054
146	0.095	0.329	0.477	-109.729
127	2.362	0.332	0.470	-16.744
283	0.411	0.333	0.468	-44.438
460	1.731	0.334	0.467	-47.491
538	8.899	0.335	0.465	-8.321
451	8.306	0.335	0.464	-25.423
213	0.524	0.336	0.463	-29.135
43	1.961	0.336	0.463	-8.957
483	1.512	0.336	0.463	-12.515
85	2.034	0.341	0.453	-21.302
369	1.968	0.342	0.452	-13.207
122	7.576	0.345	0.446	-26.822
60	1.832	0.345	0.445	-44.690
468	1.935	0.346	0.444	-18.716
190	5.880	0.352	0.434	-13.828
242	6.618	0.356	0.426	-14.827
312	2.055	0.357	0.424	-12.144
400	2.164	0.363	0.414	-8.674
274	1.636	0.363	0.414	-57.970
261	2.017	0.363	0.413	-23.916
374	2.228	0.367	0.407	-10.829
295	1.474	0.367	0.406	-10.873
238	1.307	0.368	0.406	-90.286
29	8.159	0.37	0.402	-16.838
462	1.605	0.37	0.401	-7.620
465	1.656	0.373	0.398	-32.196
302	1.800	0.378	0.389	-9.841
114	1.696	0.378	0.389	-43.866
361	0.605	0.379	0.387	-39.422
34	1.483	0.388	0.372	-11.029
128	1.719	0.39	0.370	-22.188
450	6.935	0.391	0.367	-12.493
177	6.247	0.394	0.363	-28.477
517	0.458	0.394	0.363	-8.798
131	1.528	0.396	0.360	-12.507
204	8.465	0.396	0.360	-6.874
100	0.559	0.399	0.356	-34.345
277	1.594	0.399	0.356	-60.306
37	1.559	0.401	0.353	-41.014
480	1.458	0.401	0.353	-7.273
523	0.494	0.402	0.351	-13.474
169	1.538	0.403	0.350	-47.995
143	2.778	0.404	0.348	-13.097
507	0.172	0.406	0.345	-54.137
124	0.580	0.408	0.342	-24.546
211	0.650	0.41	0.339	-43.338
259	1.647	0.412	0.336	-12.470
273	0.665	0.413	0.335	-47.221
109	2.199	0.415	0.332	-8.035
121	1.440	0.416	0.331	-20.762
80	6.103	0.417	0.330	-15.750
314	0.461	0.417	0.330	-43.624
254	0.642	0.419	0.326	-13.655
421	1.460	0.42	0.325	-25.956
41	1.847	0.425	0.319	-24.499
503	1.834	0.427	0.315	-42.459
54	1.842	0.428	0.315	-11.767
548	8.604	0.431	0.310	-9.186
118	6.968	0.432	0.308	-27.119
189	1.771	0.433	0.307	-13.342
221	0.596	0.437	0.303	-52.256
108	1.462	0.438	0.301	-12.091
308	1.334	0.441	0.297	-23.165
104	2.909	0.445	0.291	-6.130
360	1.513	0.447	0.289	-10.427
206	0.450	0.448	0.288	-70.597
488	1.437	0.45	0.285	-18.005
304	1.507	0.457	0.276	-31.429
286	0.647	0.458	0.276	-40.494
280	1.467	0.461	0.272	-26.483
156	0.661	0.463	0.269	-50.468
387	1.761	0.463	0.269	-17.537
382	2.054	0.464	0.268	-22.752
245	4.168	0.469	0.263	-8.365
112	0.651	0.47	0.261	-16.003
8	0.645	0.471	0.259	-30.627
123	0.649	0.474	0.256	-22.584
200	0.612	0.476	0.254	-29.820
35	4.617	0.481	0.249	-13.440
120	1.473	0.481	0.248	-17.354
126	0.580	0.482	0.247	-24.752
513	1.453	0.483	0.246	-13.997
233	6.090	0.483	0.246	-12.767
136	1.439	0.491	0.238	-30.119
482	0.736	0.496	0.232	-20.981
375	0.676	0.499	0.229	-19.886
97	0.731	0.5	0.228	-31.567
160	1.234	0.501	0.226	-27.977
536	0.683	0.503	0.224	-30.234
70	1.505	0.504	0.223	-23.263
222	0.724	0.508	0.219	-16.262
528	0.555	0.511	0.216	-17.688
9	1.509	0.512	0.215	-36.235
195	1.514	0.514	0.213	-32.166
236	1.838	0.517	0.210	-35.029
526	1.774	0.517	0.210	-37.827
3	0.589	0.518	0.209	-20.884
443	0.736	0.521	0.206	-15.293
74	0.678	0.522	0.205	-23.902
315	0.630	0.522	0.205	-16.323
446	1.523	0.523	0.204	-8.950
366	9.045	0.531	0.197	-6.151
161	0.786	0.531	0.196	-20.417
383	1.525	0.533	0.194	-16.459
512	0.674	0.535	0.193	-14.568
306	1.413	0.536	0.191	-40.681
167	0.740	0.541	0.187	-47.820
365	1.445	0.546	0.182	-11.041
434	1.642	0.549	0.179	-22.847
470	0.683	0.556	0.173	-48.350
27	1.550	0.557	0.173	-10.560
20	1.301	0.557	0.172	-25.084
506	0.692	0.558	0.172	-21.129
198	1.355	0.558	0.171	-14.319
62	0.801	0.563	0.167	-49.484
490	0.666	0.565	0.166	-37.967
473	1.436	0.567	0.164	-15.678
115	1.556	0.572	0.160	-5.044
393	1.816	0.573	0.159	-9.611
447	1.410	0.576	0.156	-12.129
267	4.974	0.579	0.154	-12.512
532	1.409	0.585	0.149	-11.667
184	1.269	0.585	0.149	-64.907
300	1.652	0.586	0.148	-8.893
4	1.535	0.588	0.147	-60.194
332	6.303	0.589	0.146	-9.320
501	1.398	0.592	0.144	-25.150
537	1.396	0.592	0.144	-6.700
452	1.389	0.601	0.137	-13.593
464	1.419	0.602	0.136	-18.740
95	1.311	0.604	0.135	-14.616
385	1.428	0.605	0.134	-16.176
494	0.721	0.606	0.133	-20.447
463	0.727	0.612	0.129	-19.578
250	1.243	0.615	0.126	-53.337
348	1.440	0.62	0.123	-13.567
445	0.761	0.622	0.121	-16.818
388	1.276	0.625	0.120	-20.130
461	0.765	0.626	0.119	-48.986
425	0.757	0.629	0.117	-33.826
187	1.457	0.63	0.116	-10.435
11	0.783	0.631	0.115	-34.930
216	0.766	0.631	0.115	-23.910
57	1.447	0.634	0.113	-7.121
349	0.685	0.635	0.113	-6.991
51	1.421	0.635	0.113	-9.207
218	0.666	0.635	0.112	-37.111
171	0.791	0.641	0.109	-71.226
239	0.847	0.645	0.106	-20.702
288	1.271	0.65	0.103	-56.309
346	1.216	0.651	0.102	-9.393
475	1.306	0.665	0.094	-4.376
394	1.375	0.665	0.094	-20.006
406	1.387	0.668	0.092	-12.605
345	1.293	0.672	0.090	-34.057
214	1.347	0.675	0.088	-5.793
224	1.261	0.677	0.087	-44.193
227	0.597	0.677	0.087	-41.897
176	1.238	0.679	0.086	-67.465
179	0.858	0.683	0.083	-82.015
384	5.455	0.687	0.081	-7.363
474	1.437	0.692	0.078	-36.165
192	1.427	0.695	0.077	-31.849
303	1.491	0.7	0.074	-6.875
6	0.773	0.7	0.074	-34.963
84	1.170	0.705	0.072	-8.491
519	1.246	0.709	0.070	-25.668
496	0.818	0.71	0.069	-26.580
237	1.209	0.718	0.065	-27.030
309	0.849	0.718	0.065	-13.051
326	1.269	0.72	0.064	-58.902
529	0.816	0.722	0.063	-18.179
495	1.219	0.727	0.061	-24.771
14	0.775	0.734	0.058	-46.398
429	1.150	0.741	0.055	-4.190
96	1.215	0.746	0.053	-19.371
329	1.123	0.748	0.052	-41.684
546	0.779	0.768	0.043	-9.659
102	1.193	0.774	0.041	-43.730
524	0.760	0.777	0.040	-18.189
278	0.834	0.782	0.038	-53.862
207	0.880	0.783	0.038	-32.718
185	1.127	0.784	0.037	-43.320
86	1.143	0.784	0.037	-58.228
397	1.267	0.786	0.037	-13.006
331	0.884	0.793	0.034	-26.141
138	0.813	0.793	0.034	-66.338
229	1.198	0.797	0.033	-6.221
527	1.182	0.798	0.033	-11.357
163	0.912	0.799	0.033	-27.057
411	0.853	0.799	0.032	-16.903
373	1.163	0.801	0.032	-14.840
549	0.874	0.802	0.032	-11.654
162	0.861	0.802	0.031	-33.962
344	1.152	0.809	0.029	-10.057
557	0.861	0.81	0.029	-17.727
414	1.162	0.813	0.028	-29.014
381	1.133	0.813	0.028	-34.035
320	1.200	0.825	0.024	-12.580
327	0.865	0.829	0.023	-16.902
154	0.853	0.83	0.023	-42.546
545	0.858	0.831	0.023	-11.253
263	1.157	0.832	0.023	-9.784
422	1.105	0.838	0.021	-34.027
178	1.147	0.843	0.020	-62.614
289	1.094	0.843	0.020	-59.106
188	0.894	0.849	0.018	-11.110
46	1.128	0.85	0.018	-10.490
362	1.078	0.85	0.018	-4.168
134	1.045	0.854	0.017	-20.705
83	1.122	0.854	0.017	-24.844
44	0.871	0.862	0.015	-4.988
472	0.920	0.863	0.015	-4.236
66	1.102	0.864	0.015	-4.925
19	0.878	0.865	0.014	-6.990
399	1.115	0.867	0.014	-11.847
297	1.214	0.868	0.014	-9.077
149	0.923	0.871	0.013	-34.633
564	1.094	0.873	0.013	-8.217
540	1.130	0.874	0.013	-25.108
516	0.927	0.877	0.012	-14.616
17	0.934	0.882	0.011	-26.088
246	0.926	0.883	0.011	-18.907
287	1.109	0.888	0.010	-59.642
555	1.075	0.889	0.010	-28.450
377	0.946	0.89	0.010	-13.288
139	1.081	0.891	0.009	-25.691
353	1.101	0.892	0.009	-16.654
21	1.054	0.893	0.009	-4.215
172	1.066	0.9	0.008	-56.384
125	0.917	0.904	0.007	-29.735
228	1.090	0.904	0.007	-20.511
432	1.072	0.906	0.007	-44.078
521	0.915	0.911	0.006	-28.995
107	1.044	0.914	0.006	-7.679
197	0.956	0.919	0.005	-14.386
340	1.066	0.923	0.005	-31.683
431	1.061	0.924	0.005	-17.110
18	1.036	0.925	0.004	-7.664
371	0.956	0.926	0.004	-7.507
265	1.050	0.931	0.004	-35.326
534	1.053	0.935	0.003	-6.232
279	1.052	0.936	0.003	-18.388
544	0.919	0.937	0.003	-7.642
318	1.048	0.941	0.003	-14.607
441	0.960	0.941	0.003	-36.009
372	0.976	0.947	0.002	-52.371
541	1.041	0.949	0.002	-19.093
510	0.953	0.951	0.002	-33.747
165	0.972	0.954	0.002	-44.279
159	0.977	0.955	0.002	-45.476
509	1.038	0.963	0.001	-13.842
133	1.021	0.967	0.001	-10.513
543	0.979	0.967	0.001	-48.799
398	1.019	0.968	0.001	-47.153
556	1.028	0.976	0.000	-5.765
194	1.018	0.976	0.000	-22.444
448	1.012	0.979	0.000	-18.631
563	0.981	0.983	0.000	-4.570
248	0.991	0.986	0.000	-20.771
485	1.009	0.987	0.000	-5.509
560	1.006	0.99	0.000	-13.914
111	1.005	0.994	0.000	-28.596
87	0.998	0.997	0.000	-55.371
418	1.001	0.999	0.000	-37.560
428	1.000	0.999	0.000	-4.029
226	1.001	0.999	0.000	-11.968