# Stringency fit to each site after fixing tree and and all other parameters.
# Fits compared to null model of stringency = 1.440 (the overall gene value).
# P-values NOT corrected for multiple testing.
# The stringency ratio is the ratio of the fitted value to the null (overall gene value).
#
# site	stringency_ratio	P	dLnL	LnL_fixed
342	0.069	4.55e-07	12.724	-38.304
223	0.069	3e-05	8.707	-51.078
151	0.069	0.000179	7.022	-49.375
227	0.069	0.000418	6.224	-48.546
221	0.069	0.000486	6.084	-58.819
78	0.069	0.00111	5.317	-79.781
499	0.069	0.0013	5.169	-14.174
56	6.944	0.00158	4.991	-44.592
231	0.069	0.00192	4.812	-42.827
501	0.075	0.00322	4.340	-31.361
218	0.069	0.00335	4.303	-41.824
175	0.069	0.00397	4.150	-19.957
150	0.069	0.00541	3.869	-63.624
176	0.069	0.00773	3.548	-73.503
158	0.069	0.0078	3.540	-58.559
354	6.944	0.00802	3.514	-33.987
103	0.069	0.00865	3.446	-47.626
479	6.944	0.00873	3.439	-41.218
368	6.944	0.00885	3.427	-21.595
153	0.069	0.00897	3.414	-42.511
489	0.487	0.011	3.235	-36.082
202	0.069	0.0113	3.206	-94.064
404	0.069	0.0121	3.150	-46.274
132	6.944	0.0127	3.106	-19.360
162	0.069	0.0127	3.105	-38.528
466	0.320	0.0133	3.062	-20.540
210	0.069	0.0147	2.975	-31.698
88	0.181	0.0164	2.879	-63.874
477	6.944	0.0169	2.852	-23.809
232	0.069	0.0172	2.836	-71.892
258	6.944	0.0186	2.771	-17.261
484	6.944	0.0189	2.755	-23.523
24	6.944	0.0193	2.737	-30.187
255	0.069	0.0195	2.727	-26.143
128	0.069	0.02	2.704	-27.591
116	6.944	0.0214	2.647	-27.659
268	0.069	0.0217	2.635	-71.929
213	0.069	0.0228	2.593	-31.948
492	6.944	0.0229	2.586	-4.477
182	0.069	0.0238	2.554	-42.562
220	0.069	0.0243	2.538	-10.969
554	6.944	0.0247	2.523	-17.927
497	0.069	0.0266	2.459	-14.447
184	3.553	0.0278	2.422	-66.163
5	0.069	0.0282	2.408	-36.830
129	6.944	0.0291	2.380	-13.397
415	0.069	0.032	2.300	-35.059
553	6.944	0.0328	2.278	-2.466
86	0.069	0.0333	2.264	-62.214
2	0.069	0.0343	2.239	-38.815
298	6.944	0.0358	2.204	-22.899
166	2.289	0.036	2.198	-13.984
93	6.944	0.0371	2.173	-2.205
541	6.944	0.0389	2.132	-18.348
168	0.069	0.0392	2.126	-60.004
104	0.290	0.0397	2.115	-9.112
402	6.944	0.0402	2.104	-2.979
454	6.375	0.0413	2.082	-24.672
552	6.944	0.0428	2.051	-2.053
77	6.944	0.0441	2.026	-2.027
551	6.944	0.0455	2.000	-22.262
424	6.944	0.0455	1.999	-25.492
431	6.944	0.0476	1.963	-14.832
28	3.273	0.0492	1.935	-31.603
438	6.944	0.0494	1.931	-19.923
75	0.069	0.0506	1.911	-26.411
378	6.944	0.052	1.888	-21.571
292	6.944	0.0534	1.866	-44.643
110	6.944	0.0537	1.861	-30.875
460	0.069	0.0549	1.843	-51.172
390	0.069	0.055	1.841	-54.005
498	6.944	0.0556	1.831	-20.126
331	0.415	0.0561	1.825	-29.508
376	4.143	0.0562	1.823	-26.816
405	6.944	0.0565	1.818	-13.789
68	0.069	0.0566	1.817	-29.340
47	6.944	0.057	1.811	-20.098
430	6.020	0.0587	1.787	-50.592
505	6.944	0.0591	1.781	-18.645
521	6.944	0.0592	1.780	-28.290
301	6.944	0.0595	1.775	-23.617
307	6.944	0.0598	1.771	-22.060
63	6.599	0.0609	1.757	-29.667
474	0.279	0.0611	1.753	-38.836
277	0.069	0.0618	1.745	-64.322
372	2.003	0.0624	1.737	-49.676
52	0.069	0.0624	1.736	-40.848
490	0.300	0.0631	1.727	-40.133
208	6.675	0.0636	1.720	-25.699
191	6.944	0.0641	1.714	-36.692
310	6.944	0.0644	1.710	-23.678
165	0.401	0.0649	1.704	-47.828
173	0.115	0.0656	1.695	-26.187
111	0.069	0.0664	1.684	-32.517
283	0.253	0.0665	1.684	-45.950
142	1.583	0.067	1.678	-53.513
105	6.944	0.0678	1.668	-23.236
152	6.944	0.0681	1.664	-18.924
106	0.069	0.0683	1.662	-50.421
15	0.200	0.0689	1.654	-25.338
215	6.944	0.0712	1.628	-28.084
11	0.158	0.0717	1.622	-38.031
483	4.156	0.0718	1.621	-13.633
392	6.944	0.0718	1.620	-13.397
364	6.944	0.0737	1.599	-1.600
235	0.069	0.0749	1.586	-41.924
193	6.944	0.076	1.574	-1.574
313	6.944	0.0766	1.568	-14.059
347	4.987	0.0768	1.566	-30.866
13	0.069	0.0771	1.562	-56.901
177	0.366	0.0772	1.562	-31.733
81	6.944	0.0793	1.540	-18.826
51	6.944	0.0798	1.535	-9.308
359	6.944	0.0811	1.521	-20.509
509	0.264	0.082	1.512	-16.743
527	6.944	0.0831	1.501	-10.838
396	5.889	0.0841	1.492	-27.095
305	0.069	0.0849	1.484	-31.286
418	6.944	0.0856	1.477	-38.524
242	6.944	0.0865	1.470	-15.872
174	6.695	0.0876	1.459	-22.089
32	6.944	0.0882	1.454	-20.542
157	0.311	0.09	1.437	-57.926
533	2.496	0.0903	1.435	-11.728
452	6.944	0.092	1.419	-12.651
134	6.944	0.0922	1.418	-20.757
542	6.944	0.0928	1.412	-25.108
91	0.069	0.0934	1.407	-51.996
296	6.944	0.0938	1.404	-21.885
198	6.944	0.0948	1.396	-15.461
343	6.944	0.0957	1.388	-23.462
252	6.944	0.0966	1.380	-19.143
59	6.565	0.0974	1.374	-17.292
367	5.799	0.0996	1.356	-22.568
216	0.237	0.102	1.338	-26.377
335	6.521	0.103	1.331	-32.155
382	4.090	0.104	1.321	-21.889
45	6.944	0.105	1.317	-15.109
240	2.382	0.105	1.317	-58.756
388	6.944	0.105	1.317	-20.029
259	6.944	0.105	1.313	-13.321
458	6.944	0.111	1.272	-18.562
140	6.894	0.112	1.265	-2.188
323	6.944	0.115	1.243	-27.919
324	3.548	0.115	1.243	-42.495
282	3.642	0.115	1.239	-26.170
565	3.635	0.116	1.233	-19.754
401	6.944	0.119	1.215	-19.039
234	0.121	0.121	1.204	-21.350
406	2.756	0.121	1.199	-11.127
379	6.944	0.124	1.186	-42.605
53	0.069	0.124	1.185	-42.572
212	0.117	0.128	1.158	-21.645
183	6.944	0.128	1.157	-16.389
207	5.508	0.128	1.156	-32.732
154	0.206	0.129	1.155	-44.633
281	6.944	0.13	1.148	-23.164
222	2.957	0.131	1.139	-14.913
40	6.944	0.132	1.137	-15.940
487	6.944	0.132	1.136	-10.837
26	6.464	0.133	1.131	-26.128
299	0.069	0.135	1.120	-74.623
121	2.919	0.135	1.116	-21.354
330	2.484	0.135	1.115	-8.144
345	6.944	0.14	1.086	-33.926
407	2.551	0.143	1.074	-28.584
201	0.069	0.145	1.061	-55.701
94	6.944	0.147	1.052	-20.699
161	0.551	0.149	1.039	-22.214
62	1.884	0.152	1.028	-48.180
475	6.944	0.154	1.017	-4.964
403	6.379	0.157	0.999	-11.495
427	3.148	0.158	0.996	-15.490
248	3.915	0.159	0.992	-20.664
459	1.886	0.161	0.984	-34.822
272	0.187	0.162	0.978	-16.135
266	1.631	0.162	0.978	-50.980
251	0.069	0.163	0.971	-32.489
511	2.062	0.164	0.969	-31.563
350	6.944	0.168	0.952	-18.653
555	2.354	0.17	0.943	-28.200
394	6.944	0.172	0.935	-18.341
185	2.019	0.172	0.932	-43.671
560	2.647	0.173	0.928	-13.764
417	5.787	0.173	0.927	-18.059
363	5.472	0.174	0.923	-28.456
76	6.944	0.177	0.912	-19.984
117	5.707	0.178	0.908	-22.561
358	0.344	0.181	0.895	-19.876
356	5.573	0.181	0.894	-30.073
239	2.593	0.182	0.892	-19.846
318	0.399	0.184	0.883	-16.549
520	2.900	0.186	0.873	-20.291
398	2.381	0.189	0.863	-45.294
297	6.944	0.192	0.852	-9.107
351	6.944	0.193	0.847	-32.266
98	6.944	0.195	0.839	-15.722
67	6.944	0.196	0.837	-30.287
206	0.532	0.197	0.832	-71.748
470	0.508	0.198	0.829	-49.275
316	4.134	0.199	0.825	-12.373
336	6.181	0.2	0.823	-17.327
435	5.666	0.201	0.817	-0.817
145	1.334	0.203	0.809	-148.457
453	1.631	0.203	0.809	-38.613
127	0.113	0.204	0.808	-19.808
320	6.944	0.206	0.800	-12.115
421	2.208	0.207	0.796	-26.539
513	0.315	0.208	0.794	-17.588
564	1.876	0.208	0.793	-7.177
148	0.352	0.209	0.788	-51.806
334	6.944	0.211	0.781	-29.962
524	0.260	0.213	0.776	-19.321
197	0.374	0.216	0.766	-17.058
546	6.339	0.218	0.760	-10.188
70	0.446	0.218	0.760	-25.904
473	4.477	0.218	0.758	-16.184
275	6.944	0.219	0.756	-15.910
357	6.892	0.22	0.753	-0.753
247	6.944	0.222	0.746	-0.746
423	6.944	0.222	0.746	-29.177
241	5.683	0.225	0.737	-20.234
205	0.464	0.225	0.735	-50.634
526	3.166	0.227	0.731	-37.824
433	1.824	0.228	0.727	-22.827
556	3.946	0.228	0.727	-5.478
548	4.339	0.228	0.726	-9.517
506	0.395	0.229	0.725	-22.549
439	6.944	0.229	0.725	-9.854
108	6.944	0.23	0.720	-12.652
112	0.402	0.231	0.718	-17.061
450	6.944	0.232	0.716	-13.066
135	0.533	0.233	0.711	-9.484
339	2.524	0.234	0.707	-27.917
23	6.693	0.235	0.705	-23.635
308	1.927	0.236	0.703	-22.498
311	0.598	0.237	0.699	-33.213
260	6.944	0.238	0.696	-10.688
43	1.902	0.238	0.696	-8.844
432	0.460	0.239	0.692	-45.785
514	2.320	0.241	0.688	-39.447
69	6.259	0.241	0.688	-34.570
270	6.944	0.243	0.682	-18.984
539	6.944	0.246	0.673	-18.744
155	1.556	0.247	0.669	-65.615
271	1.926	0.248	0.667	-27.883
171	0.534	0.249	0.665	-73.343
90	0.069	0.251	0.660	-55.807
525	0.389	0.251	0.660	-45.260
280	1.820	0.251	0.658	-26.429
491	1.573	0.251	0.658	-12.053
143	0.414	0.252	0.657	-15.357
30	6.944	0.253	0.653	-17.583
380	5.971	0.253	0.652	-15.887
211	0.304	0.254	0.651	-45.207
99	0.176	0.254	0.650	-35.867
291	6.816	0.254	0.650	-11.701
563	2.916	0.255	0.647	-3.435
496	2.550	0.257	0.643	-25.414
322	2.267	0.258	0.641	-19.791
346	6.944	0.258	0.640	-10.664
82	6.944	0.258	0.640	-15.599
48	5.909	0.258	0.640	-16.096
522	0.365	0.259	0.636	-25.426
449	5.953	0.26	0.634	-17.207
95	6.944	0.261	0.632	-14.998
199	0.069	0.263	0.626	-62.680
80	6.944	0.264	0.624	-15.979
447	6.944	0.264	0.624	-12.581
79	6.944	0.264	0.623	-31.018
264	6.944	0.265	0.622	-24.379
442	2.737	0.266	0.618	-29.826
341	6.944	0.268	0.614	-7.555
306	1.628	0.271	0.607	-41.094
386	0.211	0.271	0.605	-26.637
436	6.944	0.272	0.604	-20.512
397	0.366	0.272	0.603	-15.563
178	0.617	0.277	0.591	-63.363
97	2.218	0.277	0.591	-29.389
361	0.634	0.281	0.581	-38.744
465	1.732	0.289	0.563	-30.165
120	3.514	0.292	0.556	-17.566
385	6.944	0.292	0.556	-15.566
419	6.944	0.292	0.555	-15.196
537	6.944	0.292	0.555	-7.142
54	1.740	0.293	0.554	-10.908
42	0.073	0.293	0.552	-24.469
444	6.944	0.294	0.550	-28.254
269	1.663	0.295	0.548	-32.703
49	6.944	0.296	0.546	-24.830
455	1.935	0.296	0.545	-18.978
493	0.325	0.297	0.544	-21.171
337	0.309	0.299	0.540	-40.849
130	0.615	0.299	0.540	-57.696
471	1.666	0.302	0.533	-18.614
73	2.294	0.304	0.529	-31.698
194	3.006	0.304	0.527	-22.083
249	3.172	0.307	0.521	-24.110
50	6.944	0.309	0.518	-29.160
288	1.944	0.311	0.513	-56.347
256	6.944	0.313	0.508	-3.360
131	1.528	0.315	0.506	-12.310
500	4.736	0.317	0.500	-9.140
523	0.254	0.325	0.485	-13.867
136	0.425	0.327	0.481	-32.685
196	4.945	0.335	0.466	-14.105
250	1.743	0.337	0.462	-53.483
85	0.669	0.337	0.462	-25.798
163	1.631	0.337	0.461	-26.699
71	0.252	0.342	0.452	-23.528
317	4.895	0.343	0.450	-22.291
478	1.461	0.347	0.443	-31.069
10	0.545	0.348	0.440	-41.944
515	0.069	0.348	0.440	-51.618
325	6.642	0.349	0.438	-10.686
122	6.944	0.35	0.437	-26.748
257	0.471	0.35	0.436	-29.705
72	4.863	0.351	0.436	-15.629
284	4.592	0.354	0.430	-23.876
437	2.244	0.356	0.426	-10.799
87	0.625	0.358	0.422	-56.927
217	5.193	0.358	0.422	-19.468
164	6.944	0.361	0.418	-24.165
352	5.654	0.362	0.415	-14.766
518	0.249	0.364	0.412	-25.626
61	6.189	0.364	0.411	-30.658
189	0.603	0.364	0.411	-16.723
7	0.544	0.365	0.409	-39.933
469	4.644	0.369	0.404	-32.483
519	2.015	0.369	0.403	-25.586
561	2.037	0.37	0.402	-13.163
549	0.572	0.372	0.398	-12.591
464	0.546	0.372	0.398	-20.281
559	6.944	0.375	0.394	-25.836
332	6.944	0.375	0.393	-9.510
84	1.531	0.377	0.391	-8.759
64	0.609	0.379	0.388	-44.738
391	4.376	0.38	0.386	-22.301
420	0.629	0.38	0.386	-9.592
480	1.621	0.382	0.383	-7.614
35	6.424	0.382	0.382	-13.492
414	1.720	0.383	0.380	-27.305
461	0.578	0.384	0.380	-49.873
412	0.451	0.384	0.379	-15.576
467	1.698	0.385	0.377	-48.271
29	2.295	0.387	0.374	-16.714
495	1.608	0.387	0.374	-23.849
446	6.944	0.389	0.370	-9.053
190	6.066	0.391	0.368	-13.692
366	6.944	0.394	0.363	-6.192
203	1.232	0.394	0.363	-78.551
267	5.592	0.395	0.362	-12.564
167	0.599	0.398	0.357	-48.846
290	0.411	0.399	0.355	-28.884
373	0.598	0.399	0.355	-16.694
236	0.457	0.401	0.352	-36.108
349	0.609	0.404	0.348	-6.286
225	0.558	0.404	0.348	-44.654
486	1.777	0.405	0.347	-19.286
562	0.508	0.406	0.345	-19.775
125	0.638	0.407	0.343	-30.169
429	1.500	0.408	0.342	-4.572
426	5.184	0.412	0.337	-19.525
441	0.642	0.413	0.335	-36.882
254	0.443	0.418	0.328	-14.705
387	2.238	0.42	0.325	-17.421
365	6.944	0.427	0.316	-11.178
507	1.580	0.432	0.309	-52.244
25	2.220	0.434	0.307	-4.951
534	1.632	0.435	0.304	-6.155
494	1.623	0.438	0.301	-18.539
38	1.419	0.439	0.299	-29.672
481	1.492	0.439	0.299	-4.512
115	1.797	0.442	0.296	-4.992
89	0.640	0.445	0.292	-47.912
328	6.106	0.448	0.288	-31.696
147	1.672	0.45	0.285	-24.237
285	0.588	0.45	0.285	-27.031
416	1.537	0.451	0.284	-49.525
360	1.648	0.452	0.283	-9.552
543	0.622	0.461	0.271	-50.379
393	1.745	0.464	0.268	-9.428
261	1.632	0.465	0.266	-24.505
195	1.551	0.47	0.261	-32.918
355	4.915	0.471	0.260	-23.500
58	4.462	0.478	0.252	-31.613
114	0.770	0.478	0.252	-44.025
229	0.642	0.479	0.250	-7.052
451	6.944	0.479	0.250	-25.213
22	0.717	0.482	0.247	-10.506
504	1.658	0.484	0.245	-18.050
238	0.846	0.486	0.243	-90.225
237	0.456	0.49	0.238	-29.544
445	0.565	0.49	0.238	-17.237
333	6.150	0.496	0.231	-9.007
230	1.715	0.497	0.231	-5.032
440	5.138	0.501	0.227	-9.591
374	4.832	0.501	0.226	-10.548
408	0.531	0.503	0.224	-32.045
399	3.147	0.506	0.221	-11.787
383	1.625	0.507	0.220	-15.995
457	0.751	0.508	0.219	-16.378
295	1.431	0.512	0.215	-10.698
530	6.211	0.516	0.211	-31.005
344	6.944	0.523	0.204	-10.155
410	2.044	0.523	0.204	-19.078
55	1.253	0.526	0.201	-29.372
456	1.794	0.532	0.195	-31.931
224	0.508	0.533	0.194	-46.005
274	1.341	0.535	0.193	-56.401
265	0.720	0.539	0.189	-36.670
34	1.332	0.542	0.186	-10.761
488	0.654	0.543	0.185	-20.518
9	1.486	0.543	0.185	-36.088
188	1.584	0.544	0.184	-10.702
516	1.837	0.548	0.181	-13.532
294	1.262	0.552	0.177	-67.036
286	0.529	0.555	0.174	-41.113
409	1.565	0.555	0.174	-22.572
329	1.306	0.559	0.171	-41.963
3	0.628	0.564	0.167	-20.661
118	4.890	0.566	0.165	-26.713
243	1.343	0.568	0.163	-28.386
33	5.457	0.577	0.156	-10.760
27	6.944	0.577	0.156	-10.425
214	0.625	0.582	0.151	-6.865
340	1.548	0.583	0.150	-31.981
381	1.337	0.583	0.150	-33.293
428	1.301	0.598	0.139	-4.485
83	1.403	0.599	0.138	-24.167
319	1.287	0.6	0.137	-11.553
144	0.889	0.606	0.133	-123.033
16	0.698	0.611	0.129	-49.512
434	1.405	0.615	0.127	-22.240
17	1.320	0.615	0.126	-26.397
44	3.848	0.617	0.125	-5.041
348	1.569	0.619	0.124	-13.404
170	0.754	0.619	0.124	-59.982
535	1.450	0.626	0.119	-30.354
31	1.246	0.634	0.113	-8.943
263	6.944	0.638	0.111	-9.918
413	1.209	0.642	0.108	-13.751
287	0.710	0.645	0.106	-60.534
503	1.252	0.647	0.105	-42.936
107	1.209	0.65	0.103	-7.739
19	1.715	0.654	0.101	-6.682
293	0.795	0.654	0.100	-46.731
228	1.394	0.656	0.099	-20.001
545	1.449	0.657	0.099	-10.671
109	1.467	0.661	0.096	-7.703
536	0.765	0.662	0.095	-29.849
209	0.809	0.666	0.093	-46.115
369	1.397	0.666	0.093	-13.360
375	1.426	0.667	0.093	-18.804
14	1.248	0.668	0.092	-45.376
508	1.388	0.674	0.089	-18.200
8	1.474	0.674	0.088	-29.260
133	1.293	0.675	0.088	-10.163
141	1.387	0.676	0.087	-12.184
219	1.349	0.677	0.087	-33.254
309	0.807	0.68	0.085	-13.000
37	0.728	0.686	0.082	-43.392
12	1.206	0.693	0.078	-35.246
4	0.773	0.693	0.078	-60.781
226	0.681	0.698	0.075	-12.207
482	0.615	0.701	0.074	-21.959
321	1.396	0.701	0.074	-24.929
529	0.706	0.701	0.074	-18.666
557	1.299	0.704	0.072	-15.112
327	0.750	0.706	0.071	-17.454
512	0.764	0.708	0.070	-14.107
302	0.792	0.71	0.069	-11.055
411	1.349	0.711	0.068	-16.505
314	0.722	0.713	0.068	-43.213
101	0.759	0.72	0.064	-37.457
20	1.173	0.722	0.063	-25.684
278	0.816	0.724	0.062	-53.480
181	0.882	0.729	0.060	-12.098
384	6.436	0.729	0.060	-7.205
179	1.216	0.739	0.056	-83.209
21	0.893	0.74	0.055	-4.024
468	0.806	0.756	0.048	-20.313
448	1.156	0.758	0.047	-18.364
377	0.865	0.759	0.047	-13.337
326	1.220	0.762	0.046	-59.730
558	0.833	0.763	0.045	-19.199
156	1.217	0.765	0.045	-50.250
303	1.491	0.765	0.045	-6.937
124	0.775	0.766	0.044	-24.210
18	1.134	0.766	0.044	-7.781
312	1.204	0.767	0.044	-12.615
137	1.192	0.769	0.043	-56.175
422	1.135	0.771	0.043	-33.679
65	0.741	0.772	0.042	-29.021
300	1.237	0.776	0.040	-8.733
253	1.208	0.779	0.039	-20.323
204	1.330	0.781	0.039	-7.479
146	1.112	0.783	0.038	-107.853
472	1.243	0.784	0.037	-4.503
149	1.146	0.786	0.037	-35.021
538	1.205	0.791	0.035	-10.086
370	1.251	0.796	0.034	-18.839
123	0.803	0.796	0.033	-22.819
41	0.898	0.802	0.031	-25.101
443	0.867	0.804	0.031	-15.159
180	0.840	0.811	0.029	-28.394
463	1.141	0.812	0.028	-18.949
187	1.237	0.813	0.028	-11.134
113	0.859	0.818	0.026	-49.261
244	0.854	0.823	0.025	-12.434
389	1.160	0.826	0.024	-22.168
425	1.142	0.829	0.023	-32.849
540	1.198	0.829	0.023	-24.976
279	0.890	0.83	0.023	-18.821
276	1.127	0.831	0.023	-59.922
172	1.088	0.833	0.022	-55.280
531	1.205	0.84	0.020	-8.820
39	1.190	0.843	0.020	-16.009
476	0.836	0.846	0.019	-34.794
119	1.149	0.848	0.018	-21.481
96	1.111	0.85	0.018	-19.362
160	1.063	0.852	0.017	-28.100
304	0.913	0.852	0.017	-32.471
92	0.817	0.853	0.017	-16.162
395	0.859	0.857	0.016	-17.115
186	0.839	0.857	0.016	-71.914
289	0.916	0.858	0.016	-59.262
246	0.927	0.867	0.014	-19.003
60	0.896	0.87	0.013	-45.828
192	0.891	0.874	0.013	-33.002
169	1.096	0.874	0.013	-49.123
245	1.079	0.881	0.011	-7.806
502	0.923	0.883	0.011	-31.406
273	0.921	0.887	0.010	-46.698
6	0.924	0.894	0.009	-34.279
353	1.134	0.895	0.009	-16.773
66	1.077	0.898	0.008	-4.808
159	1.077	0.901	0.008	-45.804
262	1.088	0.906	0.007	-9.579
532	1.069	0.91	0.006	-12.038
138	0.950	0.911	0.006	-64.700
315	1.103	0.918	0.005	-15.112
547	1.052	0.92	0.005	-7.904
544	1.055	0.924	0.005	-6.341
233	0.908	0.928	0.004	-15.754
200	1.075	0.931	0.004	-29.516
139	0.952	0.936	0.003	-26.102
362	1.031	0.939	0.003	-4.100
100	0.944	0.942	0.003	-33.949
485	1.028	0.949	0.002	-4.947
400	0.966	0.954	0.002	-9.073
528	0.949	0.957	0.001	-17.285
57	1.047	0.959	0.001	-7.489
462	1.029	0.964	0.001	-7.554
517	1.039	0.965	0.001	-7.628
36	0.984	0.972	0.001	-31.633
550	1.022	0.976	0.000	-36.323
102	1.009	0.988	0.000	-43.440
371	1.008	0.989	0.000	-7.582
74	1.010	0.99	0.000	-23.265
46	0.994	0.991	0.000	-10.249
338	0.995	0.993	0.000	-30.790
126	0.996	0.997	0.000	-24.688
510	0.998	0.998	0.000	-34.131