# Omega fit to each site after fixing tree and and all other parameters.
# Not using '--omegabysite_fixsyn', so we fit a synonymous rate for each site. This means we compare fitting omega and a synonymous rate to fitting just a synonymous rate.
# Fits compared to null model of omega = 1.000; P-values NOT corrected for multiple testing.
#
# site	omega	P	dLnL
430	0.001	2.43e-08	15.560
148	0.001	4.72e-08	14.913
354	0.001	7.46e-08	14.471
56	0.001	5.07e-07	12.618
356	0.001	4.03e-06	10.626
28	0.001	4.97e-06	10.425
38	0.001	8.24e-06	9.940
479	0.001	9.5e-06	9.805
454	0.001	9.72e-06	9.783
335	0.001	1.15e-05	9.619
379	0.001	1.26e-05	9.533
363	0.001	1.27e-05	9.526
63	0.001	1.28e-05	9.523
474	0.001	1.73e-05	9.231
191	0.001	1.77e-05	9.209
110	0.001	1.92e-05	9.131
347	0.001	1.99e-05	9.100
237	0.001	2.13e-05	9.035
306	0.001	2.31e-05	8.956
116	0.001	3.79e-05	8.488
396	0.001	3.79e-05	8.487
26	0.001	4.97e-05	8.230
271	0.001	5.45e-05	8.142
24	0.001	6.11e-05	8.034
368	0.001	6.43e-05	7.985
305	0.001	8.93e-05	7.675
343	0.001	9.32e-05	7.635
351	0.001	9.65e-05	7.602
310	0.001	0.000107	7.506
367	0.001	0.000146	7.212
555	0.001	0.000149	7.190
424	0.001	0.000159	7.132
416	0.001	0.00019	6.965
208	0.001	0.000203	6.903
329	0.046	0.000219	6.831
550	0.041	0.000229	6.788
502	0.001	0.000236	6.761
117	0.001	0.000251	6.701
284	0.001	0.000257	6.681
372	0.104	0.000287	6.576
317	0.001	0.000296	6.548
59	0.001	0.0003	6.536
132	0.001	0.000312	6.497
359	0.001	0.000368	6.345
139	0.001	0.000388	6.294
105	0.001	0.000394	6.281
37	0.001	0.000412	6.238
268	0.107	0.000428	6.203
228	0.001	0.000433	6.193
239	0.001	0.000449	6.158
482	0.001	0.000484	6.088
494	0.001	0.000511	6.037
307	0.001	0.000512	6.036
352	0.001	0.000518	6.025
535	0.001	0.000549	5.971
438	0.001	0.000554	5.961
322	0.001	0.000566	5.942
449	0.001	0.000589	5.905
258	0.001	0.000627	5.847
407	0.001	0.000637	5.832
339	0.001	0.000648	5.817
296	0.001	0.000661	5.798
477	0.001	0.000688	5.761
507	0.098	0.000698	5.747
394	0.001	0.000706	5.737
520	0.001	0.000707	5.736
152	0.001	0.000709	5.733
321	0.001	0.000788	5.635
518	0.001	0.000793	5.629
453	0.055	0.000823	5.595
215	0.001	0.000837	5.579
376	0.001	0.000838	5.578
241	0.001	0.00085	5.565
134	0.001	0.000856	5.558
504	0.001	0.000861	5.552
484	0.001	0.000908	5.503
281	0.001	0.000909	5.502
336	0.001	0.000993	5.420
417	0.001	0.00106	5.360
551	0.001	0.00106	5.359
301	0.001	0.00119	5.251
170	0.131	0.00128	5.189
174	0.001	0.0013	5.168
55	0.061	0.00136	5.126
508	0.001	0.00137	5.124
355	0.001	0.00139	5.110
180	0.001	0.00143	5.082
98	0.001	0.00145	5.070
160	0.055	0.00147	5.056
50	0.001	0.00154	5.015
81	0.001	0.00155	5.010
510	0.063	0.00159	4.986
291	0.001	0.0016	4.978
168	0.144	0.00169	4.932
388	0.001	0.00171	4.920
282	0.001	0.00173	4.907
328	0.001	0.00176	4.893
72	0.001	0.00177	4.888
217	0.001	0.00179	4.878
298	0.001	0.00181	4.865
183	0.001	0.00183	4.856
486	0.001	0.00183	4.855
350	0.001	0.00184	4.853
519	0.001	0.00185	4.845
431	0.001	0.00186	4.842
23	0.001	0.00187	4.835
185	0.102	0.00191	4.817
76	0.001	0.00196	4.795
423	0.001	0.00206	4.748
426	0.001	0.0021	4.731
196	0.001	0.00224	4.672
503	0.088	0.00225	4.669
342	0.001	0.00232	4.639
469	0.001	0.00232	4.638
478	0.061	0.00234	4.631
378	0.001	0.00246	4.584
94	0.001	0.0026	4.533
565	0.001	0.00263	4.526
468	0.001	0.00263	4.525
242	0.001	0.00284	4.455
554	0.001	0.00288	4.441
505	0.001	0.00294	4.424
40	0.001	0.00295	4.420
511	0.001	0.00305	4.390
65	0.001	0.00311	4.370
380	0.001	0.00312	4.367
401	0.001	0.00313	4.365
147	0.001	0.00316	4.357
69	0.001	0.00325	4.332
456	0.068	0.00333	4.308
419	0.001	0.00346	4.272
334	0.001	0.00357	4.245
45	0.001	0.00358	4.242
42	0.001	0.00366	4.222
455	0.001	0.00369	4.216
442	0.001	0.00377	4.196
10	0.098	0.00378	4.193
120	0.001	0.00379	4.191
29	0.001	0.00387	4.173
493	0.001	0.00388	4.169
539	0.001	0.00395	4.153
323	0.001	0.004	4.143
79	0.001	0.00423	4.091
248	0.001	0.00424	4.089
436	0.001	0.00425	4.088
515	0.163	0.00449	4.037
471	0.001	0.0045	4.036
501	0.063	0.00458	4.019
231	0.064	0.00474	3.987
413	0.001	0.0049	3.958
288	0.158	0.00492	3.955
433	0.066	0.00536	3.877
82	0.001	0.00551	3.852
279	0.001	0.00572	3.819
410	0.001	0.00575	3.814
270	0.001	0.00606	3.766
252	0.001	0.00617	3.750
61	0.001	0.00641	3.715
541	0.001	0.0065	3.703
48	0.001	0.00673	3.672
459	0.101	0.00677	3.666
32	0.001	0.00706	3.629
75	0.001	0.0072	3.611
58	0.001	0.00723	3.607
465	0.073	0.00724	3.607
405	0.001	0.00742	3.584
395	0.001	0.00747	3.579
80	0.001	0.00765	3.556
427	0.001	0.00782	3.537
345	0.001	0.00795	3.522
243	0.046	0.00798	3.518
149	0.097	0.00817	3.498
47	0.001	0.0082	3.495
463	0.001	0.00821	3.494
498	0.001	0.00825	3.489
275	0.001	0.00826	3.488
369	0.001	0.00854	3.459
67	0.001	0.00856	3.456
385	0.001	0.00877	3.434
316	0.001	0.0095	3.363
320	0.001	0.00959	3.354
295	0.001	0.00969	3.345
440	0.001	0.00978	3.338
487	0.001	0.00982	3.333
127	0.001	0.00994	3.323
235	0.141	0.01	3.313
30	0.001	0.0101	3.310
233	0.001	0.0101	3.309
313	0.001	0.0102	3.298
338	0.083	0.0102	3.296
514	0.128	0.0103	3.295
175	0.001	0.0103	3.290
280	0.083	0.0103	3.290
543	0.114	0.0103	3.287
102	0.130	0.0105	3.270
559	0.001	0.0105	3.270
312	0.001	0.0106	3.269
276	0.205	0.0109	3.239
452	0.001	0.011	3.232
49	0.001	0.0111	3.226
197	0.001	0.0112	3.219
458	0.001	0.0113	3.210
374	0.001	0.0114	3.198
412	0.001	0.0116	3.183
267	0.001	0.0117	3.180
370	0.001	0.0118	3.171
340	0.090	0.012	3.154
421	0.087	0.0122	3.141
319	0.001	0.0126	3.112
54	0.001	0.0128	3.097
460	0.180	0.014	3.021
84	0.001	0.0143	3.002
95	0.001	0.0143	2.999
129	0.001	0.0144	2.994
325	0.001	0.0144	2.994
409	0.001	0.0145	2.986
389	0.093	0.0149	2.965
447	0.001	0.0151	2.954
122	0.001	0.0152	2.946
249	0.001	0.0153	2.942
263	0.001	0.0153	2.942
542	0.001	0.0155	2.931
444	0.001	0.016	2.902
108	0.001	0.016	2.900
35	0.001	0.0163	2.886
236	0.100	0.0164	2.880
164	0.001	0.0165	2.876
128	0.080	0.0168	2.856
522	0.079	0.0171	2.845
131	0.001	0.0173	2.835
513	0.001	0.0174	2.828
521	0.001	0.0179	2.804
34	0.001	0.0179	2.803
483	0.001	0.018	2.800
92	0.001	0.0181	2.794
41	0.100	0.0181	2.793
27	0.001	0.0182	2.786
561	0.001	0.0192	2.740
17	0.084	0.0192	2.739
450	0.001	0.0198	2.717
198	0.001	0.0204	2.691
383	0.001	0.0204	2.690
373	0.001	0.0209	2.668
491	0.001	0.0215	2.642
163	0.087	0.0216	2.637
112	0.001	0.022	2.624
392	0.001	0.0221	2.618
121	0.106	0.0222	2.615
540	0.001	0.0224	2.609
130	0.211	0.0225	2.605
259	0.001	0.0229	2.588
181	0.001	0.0236	2.564
451	0.001	0.0236	2.560
138	0.246	0.0237	2.558
199	0.261	0.0243	2.538
308	0.092	0.0244	2.531
530	0.001	0.0253	2.503
500	0.001	0.0255	2.496
136	0.125	0.0255	2.494
264	0.001	0.0258	2.483
83	0.095	0.0262	2.471
558	0.001	0.0267	2.456
403	0.001	0.0286	2.395
512	0.001	0.0287	2.392
326	0.241	0.0298	2.360
125	0.120	0.03	2.355
382	0.119	0.0301	2.350
87	0.154	0.0302	2.349
190	0.001	0.0306	2.337
422	0.159	0.0307	2.336
216	0.102	0.0308	2.332
495	0.121	0.031	2.327
464	0.101	0.0312	2.321
222	0.001	0.0314	2.315
365	0.001	0.0333	2.265
533	0.001	0.0335	2.260
187	0.001	0.0344	2.238
119	0.107	0.0344	2.237
234	0.001	0.0349	2.226
437	0.001	0.0355	2.209
399	0.001	0.0357	2.207
473	0.001	0.0363	2.190
527	0.001	0.0379	2.155
387	0.001	0.039	2.131
348	0.001	0.039	2.130
184	0.283	0.0427	2.053
289	0.269	0.0428	2.052
156	0.246	0.0431	2.046
337	0.207	0.0447	2.015
557	0.001	0.0456	1.999
118	0.001	0.0468	1.976
536	999.000	0.0477	1.960
189	0.001	0.048	1.955
52	999.000	0.0495	1.928
209	0.256	0.05	1.920
290	0.163	0.0511	1.903
73	0.197	0.0546	1.847
309	0.001	0.0623	1.738
341	0.001	0.0649	1.703
4	999.000	0.0657	1.694
146	4.557	0.0659	1.691
446	0.001	0.0665	1.684
107	0.001	0.0679	1.666
109	0.001	0.0693	1.650
333	0.001	0.0696	1.646
538	0.001	0.07	1.641
182	0.218	0.0702	1.639
408	0.189	0.0705	1.635
448	0.114	0.0708	1.632
560	0.001	0.071	1.630
262	0.001	0.0713	1.627
346	0.001	0.0733	1.604
212	0.118	0.0737	1.599
260	0.001	0.0765	1.569
548	0.001	0.0768	1.566
51	0.001	0.0784	1.549
273	0.257	0.0789	1.544
11	999.000	0.08	1.533
391	0.157	0.0826	1.507
285	0.201	0.0826	1.507
564	0.001	0.0826	1.506
434	999.000	0.0827	1.505
371	0.001	0.0869	1.465
57	0.001	0.0872	1.462
480	0.001	0.0883	1.453
99	0.209	0.089	1.446
332	0.001	0.0892	1.445
300	0.001	0.0895	1.441
297	0.001	0.0906	1.432
384	0.001	0.0914	1.425
311	0.180	0.0935	1.406
204	0.001	0.0965	1.381
9	0.205	0.0973	1.374
361	0.196	0.0982	1.367
218	0.253	0.0982	1.367
36	999.000	0.1	1.353
400	0.001	0.1	1.350
253	0.142	0.102	1.339
254	0.001	0.103	1.328
439	0.001	0.105	1.315
31	0.001	0.106	1.310
142	0.348	0.106	1.310
327	0.144	0.106	1.310
18	0.001	0.106	1.307
226	0.001	0.107	1.299
406	0.001	0.107	1.298
278	0.361	0.112	1.263
462	0.001	0.113	1.259
221	0.325	0.115	1.245
344	0.001	0.115	1.239
33	0.001	0.117	1.226
265	0.273	0.118	1.225
46	0.001	0.118	1.225
393	0.001	0.118	1.220
245	0.001	0.122	1.198
43	0.001	0.122	1.194
124	0.161	0.126	1.173
415	999.000	0.126	1.168
123	0.164	0.129	1.153
141	0.001	0.136	1.112
441	0.248	0.138	1.102
144	2.924	0.139	1.096
506	0.177	0.146	1.058
6	0.313	0.148	1.049
167	0.354	0.15	1.038
445	0.001	0.151	1.029
545	0.001	0.157	1.001
266	0.408	0.159	0.991
238	2.620	0.163	0.975
532	0.001	0.167	0.956
292	0.362	0.167	0.954
20	0.282	0.167	0.954
293	0.372	0.172	0.933
96	0.199	0.175	0.921
304	0.294	0.179	0.901
277	3.355	0.184	0.882
70	0.210	0.187	0.871
97	0.302	0.189	0.864
78	0.473	0.189	0.863
194	0.216	0.196	0.837
257	999.000	0.2	0.821
90	3.261	0.201	0.818
68	0.266	0.205	0.802
516	0.147	0.206	0.800
15	999.000	0.209	0.790
192	0.283	0.213	0.774
466	999.000	0.23	0.720
386	0.290	0.235	0.705
177	0.283	0.238	0.695
172	0.485	0.244	0.679
250	0.467	0.246	0.672
101	0.376	0.247	0.671
287	0.470	0.258	0.639
14	0.450	0.27	0.608
100	0.399	0.273	0.600
145	0.593	0.275	0.595
53	0.418	0.277	0.592
432	0.442	0.283	0.577
490	0.426	0.287	0.568
467	2.773	0.289	0.562
223	2.709	0.316	0.503
549	999.000	0.322	0.491
299	0.537	0.322	0.490
562	0.231	0.322	0.490
3	999.000	0.327	0.480
8	0.368	0.332	0.470
246	0.316	0.333	0.470
225	0.485	0.345	0.446
143	0.251	0.349	0.439
157	2.409	0.356	0.425
159	0.500	0.371	0.401
161	27.354	0.378	0.389
244	999.000	0.388	0.373
186	1.650	0.388	0.373
397	999.000	0.404	0.349
213	0.428	0.406	0.346
457	0.296	0.406	0.345
106	0.530	0.406	0.345
411	0.298	0.409	0.341
315	0.304	0.415	0.332
89	0.541	0.423	0.321
86	1.797	0.426	0.317
526	0.515	0.426	0.316
74	0.445	0.428	0.313
13	2.174	0.43	0.311
60	2.230	0.432	0.309
404	0.551	0.436	0.303
470	0.581	0.437	0.302
62	0.601	0.443	0.295
523	999.000	0.447	0.289
162	0.497	0.451	0.284
390	0.585	0.457	0.277
165	0.523	0.459	0.274
509	999.000	0.46	0.274
202	1.535	0.46	0.273
251	0.494	0.461	0.272
203	0.623	0.462	0.271
375	0.345	0.464	0.268
358	0.348	0.467	0.265
497	999.000	0.467	0.264
461	0.556	0.473	0.258
476	0.505	0.475	0.255
318	0.357	0.478	0.252
272	999.000	0.493	0.235
219	0.525	0.498	0.230
153	0.596	0.51	0.217
188	999.000	0.514	0.213
137	0.623	0.516	0.211
286	0.559	0.522	0.205
377	0.401	0.528	0.200
5	1.777	0.528	0.199
12	0.565	0.53	0.197
206	0.678	0.547	0.181
529	0.434	0.562	0.168
353	0.435	0.563	0.167
425	0.592	0.567	0.164
443	0.442	0.57	0.161
16	1.788	0.571	0.161
269	0.588	0.577	0.156
489	0.604	0.578	0.155
398	0.657	0.578	0.155
178	1.519	0.585	0.149
283	1.517	0.612	0.129
294	1.419	0.616	0.126
64	0.613	0.618	0.124
414	0.639	0.634	0.113
155	0.736	0.636	0.112
103	0.718	0.664	0.095
302	999.000	0.675	0.088
22	999.000	0.676	0.087
71	0.586	0.676	0.087
133	999.000	0.677	0.087
488	0.619	0.706	0.071
154	0.731	0.721	0.064
255	0.636	0.721	0.064
179	1.263	0.73	0.060
420	999.000	0.732	0.058
85	0.663	0.734	0.058
169	1.298	0.75	0.051
205	0.787	0.751	0.050
88	0.817	0.751	0.050
126	0.674	0.755	0.049
324	0.802	0.764	0.045
525	0.800	0.765	0.045
2	1.293	0.766	0.044
524	3.505	0.809	0.029
7	0.832	0.812	0.028
331	1.308	0.813	0.028
227	0.836	0.82	0.026
158	1.193	0.827	0.024
171	0.864	0.831	0.023
200	0.823	0.834	0.022
211	1.247	0.838	0.021
39	0.755	0.844	0.019
528	0.759	0.847	0.019
261	0.790	0.85	0.018
111	0.805	0.856	0.017
195	0.859	0.863	0.015
166	508.632	0.869	0.014
176	0.900	0.871	0.013
330	999.000	0.875	0.012
496	1.191	0.875	0.012
91	0.890	0.89	0.010
274	1.115	0.893	0.009
381	0.895	0.9	0.008
173	0.858	0.902	0.008
207	0.905	0.914	0.006
360	999.000	0.916	0.006
232	1.063	0.927	0.004
210	0.901	0.93	0.004
201	1.095	0.931	0.004
150	1.069	0.934	0.003
113	1.057	0.94	0.003
224	0.947	0.941	0.003
240	1.055	0.947	0.002
151	1.075	0.948	0.002
314	1.041	0.957	0.001
418	1.021	0.98	0.000
114	1.007	0.994	0.000
402	0.303	1	0.000
492	0.303	1	0.000
553	0.303	1	0.000
230	0.306	1	0.000
256	0.306	1	0.000
563	0.306	1	0.000
229	0.327	1	0.000
475	0.327	1	0.000
77	0.301	1	0.000
93	0.301	1	0.000
140	0.301	1	0.000
193	0.301	1	0.000
247	0.301	1	0.000
357	0.301	1	0.000
364	0.301	1	0.000
435	0.301	1	0.000
552	0.301	1	0.000
25	0.310	1	0.000
21	0.313	1	0.000
362	0.319	1	0.000
428	0.319	1	0.000
429	0.319	1	0.000
517	0.319	1	0.000
546	1.705	1	0.000
66	0.310	1	0.000
481	0.315	1	0.000
104	0.341	1	0.000
472	0.341	1	0.000
556	0.341	1	0.000
547	1.717	1	0.000
19	0.337	1	0.000
44	0.337	1	0.000
220	0.349	1	0.000
534	0.349	1	0.000
544	1.715	1	0.000
366	0.382	1	0.000
485	0.332	1	0.000
303	1.829	1	0.000
531	1.717	1	0.000
349	1.836	1	0.000
537	1.718	1	0.000
499	1.780	1	0.000
135	1.717	1	0.000
115	1.111	1	-0.000
214	1.111	1	-0.000