# Omega fit to each site after fixing tree and and all other parameters.
# Not using '--omegabysite_fixsyn', so we fit a synonymous rate for each site. This means we compare fitting omega and a synonymous rate to fitting just a synonymous rate.
# Fits compared to null model of omega = 1.000; P-values NOT corrected for multiple testing.
#
# site	omega	P	dLnL
430	0.001	2.5e-08	15.530
148	0.001	9.24e-08	14.264
354	0.001	1.04e-07	14.153
56	0.001	5.65e-07	12.514
28	0.001	1.94e-06	11.329
479	0.001	4.69e-06	10.480
335	0.001	6.48e-06	10.170
356	0.001	9.89e-06	9.766
379	0.001	1.29e-05	9.511
24	0.001	1.44e-05	9.404
454	0.001	1.55e-05	9.336
474	0.001	1.67e-05	9.265
396	0.001	1.75e-05	9.222
63	0.001	1.76e-05	9.217
306	0.001	1.77e-05	9.212
38	0.001	1.84e-05	9.176
191	0.001	2.12e-05	9.039
367	0.001	2.9e-05	8.741
351	0.001	3.55e-05	8.548
116	0.001	3.57e-05	8.544
271	0.001	3.97e-05	8.443
363	0.001	4.04e-05	8.427
502	0.001	4.29e-05	8.369
347	0.001	4.41e-05	8.343
110	0.001	4.77e-05	8.269
305	0.001	4.81e-05	8.261
237	0.001	5.49e-05	8.136
208	0.001	5.94e-05	8.062
310	0.001	6.31e-05	8.004
368	0.001	7.44e-05	7.848
424	0.001	8.77e-05	7.692
26	0.001	8.98e-05	7.669
555	0.001	0.000136	7.281
322	0.001	0.000168	7.082
550	0.039	0.000168	7.081
484	0.001	0.000211	6.864
343	0.001	0.000217	6.841
494	0.001	0.000233	6.771
117	0.001	0.000253	6.695
37	0.001	0.000256	6.683
174	0.001	0.00029	6.566
59	0.001	0.000302	6.528
438	0.001	0.000368	6.343
132	0.001	0.000376	6.323
372	0.110	0.000386	6.299
215	0.001	0.000387	6.297
416	0.001	0.0004	6.266
152	0.001	0.000424	6.213
105	0.001	0.00046	6.135
535	0.001	0.000464	6.128
453	0.048	0.000465	6.126
329	0.054	0.00049	6.077
352	0.001	0.000522	6.018
55	0.050	0.00056	5.952
241	0.001	0.000612	5.870
482	0.001	0.000674	5.780
281	0.001	0.000683	5.767
339	0.001	0.000706	5.736
376	0.001	0.000713	5.727
520	0.001	0.000739	5.695
507	0.100	0.000754	5.676
134	0.001	0.000768	5.658
317	0.001	0.000772	5.654
359	0.001	0.000802	5.618
394	0.001	0.00088	5.533
336	0.001	0.000903	5.508
478	0.048	0.000929	5.482
321	0.001	0.000968	5.444
551	0.001	0.000971	5.441
505	0.001	0.000977	5.435
449	0.001	0.00098	5.433
258	0.001	0.000988	5.425
23	0.001	0.00099	5.423
81	0.001	0.000999	5.415
518	0.001	0.00102	5.396
183	0.001	0.00103	5.387
301	0.001	0.00105	5.365
160	0.051	0.00108	5.346
268	0.127	0.00114	5.294
504	0.001	0.00114	5.289
180	0.001	0.00117	5.270
239	0.001	0.00118	5.262
477	0.001	0.00119	5.256
355	0.001	0.00127	5.189
291	0.001	0.00131	5.167
282	0.001	0.00132	5.156
350	0.001	0.00133	5.152
139	0.001	0.00135	5.134
388	0.001	0.00141	5.094
417	0.001	0.00144	5.077
72	0.001	0.00146	5.063
296	0.001	0.0015	5.039
228	0.001	0.00153	5.022
307	0.001	0.00155	5.006
50	0.001	0.00162	4.968
298	0.001	0.00164	4.957
65	0.001	0.00166	4.945
170	0.138	0.00167	4.941
380	0.001	0.00172	4.914
565	0.001	0.00176	4.891
284	0.001	0.00181	4.866
431	0.001	0.00189	4.828
508	0.001	0.00195	4.799
98	0.001	0.00196	4.795
486	0.001	0.00198	4.782
94	0.001	0.00199	4.781
407	0.001	0.00199	4.780
168	0.149	0.002	4.773
455	0.001	0.00205	4.753
10	0.084	0.00207	4.745
519	0.001	0.00211	4.724
196	0.001	0.00212	4.720
40	0.001	0.00214	4.715
510	0.068	0.00217	4.702
554	0.001	0.0022	4.688
501	0.051	0.0023	4.645
120	0.001	0.00231	4.643
342	0.001	0.00232	4.640
328	0.001	0.00241	4.605
323	0.001	0.00241	4.605
217	0.001	0.00249	4.573
426	0.001	0.00251	4.567
401	0.001	0.00255	4.554
433	0.053	0.00261	4.530
469	0.001	0.00264	4.520
185	0.109	0.00265	4.518
410	0.001	0.00277	4.478
147	0.001	0.00278	4.473
423	0.001	0.00298	4.411
76	0.001	0.00305	4.388
471	0.001	0.00358	4.243
288	0.148	0.0037	4.213
378	0.001	0.00372	4.207
45	0.001	0.00379	4.190
413	0.001	0.00379	4.190
442	0.001	0.00384	4.179
242	0.001	0.00388	4.171
69	0.001	0.00391	4.163
48	0.001	0.00411	4.118
493	0.001	0.00444	4.048
79	0.001	0.00452	4.030
468	0.001	0.00471	3.993
276	0.172	0.00473	3.990
459	0.096	0.00481	3.975
427	0.001	0.00491	3.956
511	0.001	0.00494	3.950
334	0.001	0.00496	3.946
515	0.167	0.00522	3.902
243	0.038	0.00523	3.899
419	0.001	0.00551	3.852
270	0.001	0.00557	3.841
75	0.001	0.0057	3.822
47	0.001	0.00574	3.815
95	0.001	0.00594	3.784
389	0.069	0.00599	3.777
108	0.001	0.00609	3.761
460	0.147	0.00618	3.749
32	0.001	0.00628	3.733
252	0.001	0.00648	3.706
61	0.001	0.00667	3.680
280	0.073	0.00685	3.656
279	0.001	0.00699	3.638
463	0.001	0.00726	3.603
248	0.001	0.00742	3.584
436	0.001	0.00763	3.559
42	0.001	0.00824	3.490
295	0.001	0.00831	3.483
67	0.001	0.00831	3.482
498	0.001	0.00842	3.471
58	0.001	0.00862	3.450
487	0.001	0.00866	3.446
452	0.001	0.00868	3.444
503	0.125	0.00895	3.416
541	0.001	0.00911	3.400
395	0.001	0.0096	3.354
30	0.001	0.00968	3.346
369	0.001	0.00997	3.320
319	0.001	0.0103	3.292
235	0.142	0.0103	3.290
316	0.001	0.0104	3.283
149	0.104	0.0105	3.277
340	0.086	0.0109	3.241
312	0.001	0.0111	3.225
84	0.001	0.0113	3.211
82	0.001	0.0113	3.206
447	0.001	0.0115	3.193
49	0.001	0.0116	3.185
263	0.001	0.0119	3.165
80	0.001	0.0119	3.162
345	0.001	0.012	3.158
325	0.001	0.0122	3.141
559	0.001	0.0123	3.133
29	0.001	0.0124	3.128
440	0.001	0.0124	3.128
539	0.001	0.0125	3.123
197	0.001	0.0125	3.118
34	0.001	0.0125	3.118
231	0.087	0.0126	3.115
421	0.088	0.0126	3.114
458	0.001	0.0126	3.109
465	0.088	0.0129	3.089
491	0.001	0.0131	3.076
409	0.001	0.0133	3.065
383	0.001	0.0134	3.059
456	0.101	0.0134	3.059
405	0.001	0.0135	3.050
385	0.001	0.0137	3.037
54	0.001	0.0138	3.029
27	0.001	0.0141	3.011
181	0.001	0.0145	2.991
561	0.001	0.0146	2.984
122	0.001	0.0146	2.982
138	0.220	0.0152	2.949
543	0.127	0.0152	2.949
275	0.001	0.0152	2.947
131	0.001	0.0155	2.928
249	0.001	0.0161	2.896
370	0.001	0.0162	2.891
374	0.001	0.0162	2.888
514	0.146	0.0164	2.878
444	0.001	0.0165	2.875
233	0.001	0.0165	2.874
163	0.077	0.0166	2.870
500	0.001	0.017	2.850
129	0.001	0.0171	2.845
136	0.110	0.0172	2.839
483	0.001	0.0175	2.825
128	0.082	0.0181	2.791
320	0.001	0.0182	2.790
365	0.001	0.0186	2.772
533	0.001	0.0186	2.770
112	0.001	0.0186	2.768
412	0.001	0.0187	2.766
422	0.135	0.0189	2.754
403	0.001	0.0195	2.727
521	0.001	0.0204	2.688
450	0.001	0.0208	2.674
175	0.001	0.0209	2.667
164	0.001	0.0211	2.657
236	0.109	0.0214	2.645
437	0.001	0.0214	2.645
512	0.001	0.0214	2.645
222	0.001	0.0217	2.634
495	0.108	0.0221	2.621
522	0.087	0.0221	2.618
513	0.001	0.0223	2.612
127	0.001	0.0224	2.609
337	0.168	0.0229	2.590
259	0.001	0.0233	2.573
373	0.001	0.0238	2.554
527	0.001	0.0238	2.553
542	0.001	0.0242	2.538
267	0.001	0.0244	2.534
451	0.001	0.0244	2.533
264	0.001	0.0253	2.503
530	0.001	0.0255	2.494
184	0.247	0.0255	2.494
308	0.094	0.0256	2.492
313	0.001	0.0262	2.471
41	0.116	0.0271	2.443
473	0.001	0.0272	2.440
387	0.001	0.0275	2.431
399	0.001	0.0276	2.428
125	0.117	0.0278	2.420
83	0.097	0.0278	2.420
338	0.117	0.0279	2.417
348	0.001	0.0289	2.387
540	0.001	0.0292	2.377
102	0.177	0.0297	2.363
392	0.001	0.0305	2.342
199	0.276	0.0306	2.338
73	0.160	0.0306	2.337
557	0.001	0.0307	2.335
189	0.001	0.0308	2.331
382	0.120	0.0309	2.330
35	0.001	0.0311	2.323
190	0.001	0.0317	2.307
17	0.104	0.0325	2.286
234	0.001	0.0339	2.250
187	0.001	0.0361	2.196
558	0.001	0.0367	2.183
92	0.001	0.037	2.176
464	0.109	0.038	2.153
198	0.001	0.0381	2.149
121	0.130	0.0384	2.145
289	0.262	0.0392	2.126
216	0.113	0.0395	2.120
290	0.150	0.0418	2.072
87	0.171	0.0427	2.053
119	0.121	0.0463	1.986
130	0.265	0.0476	1.961
11	99.000	0.049	1.937
285	0.162	0.05	1.920
4	99.000	0.0501	1.919
118	0.001	0.0516	1.895
212	0.098	0.0528	1.875
182	0.204	0.0591	1.782
391	0.136	0.0599	1.771
107	0.001	0.0612	1.752
309	0.001	0.0629	1.730
218	0.213	0.064	1.716
538	0.001	0.0647	1.706
36	99.000	0.0681	1.664
156	0.284	0.0681	1.664
560	0.001	0.0691	1.653
52	99.000	0.0699	1.643
146	4.534	0.0707	1.633
346	0.001	0.0741	1.595
326	0.311	0.0746	1.589
209	0.291	0.0756	1.578
448	0.118	0.0756	1.578
371	0.001	0.0758	1.576
480	0.001	0.0784	1.549
564	0.001	0.079	1.543
536	99.000	0.0807	1.525
142	0.318	0.081	1.522
31	0.001	0.0813	1.519
254	0.001	0.082	1.513
341	0.001	0.0825	1.508
446	0.001	0.0833	1.500
462	0.001	0.0848	1.485
18	0.001	0.0861	1.473
51	0.001	0.0876	1.459
262	0.001	0.0879	1.456
408	0.208	0.0883	1.453
333	0.001	0.0892	1.445
245	0.001	0.0916	1.423
123	0.134	0.0916	1.423
344	0.001	0.0924	1.416
434	99.000	0.0934	1.407
393	0.001	0.0959	1.387
406	0.001	0.0962	1.384
57	0.001	0.0998	1.355
260	0.001	0.101	1.348
300	0.001	0.101	1.348
226	0.001	0.104	1.318
400	0.001	0.109	1.285
439	0.001	0.109	1.282
109	0.001	0.11	1.280
548	0.001	0.11	1.278
33	0.001	0.112	1.263
292	0.314	0.116	1.237
332	0.001	0.119	1.217
304	0.242	0.121	1.202
204	0.001	0.121	1.201
141	0.001	0.122	1.197
384	0.001	0.122	1.196
327	0.158	0.124	1.183
273	0.310	0.125	1.176
194	0.162	0.125	1.176
361	0.224	0.126	1.169
46	0.001	0.129	1.154
297	0.001	0.129	1.154
415	99.000	0.13	1.144
221	0.341	0.131	1.141
257	99.000	0.136	1.112
70	0.171	0.136	1.111
532	0.001	0.137	1.105
311	0.222	0.137	1.104
43	0.001	0.138	1.103
253	0.175	0.143	1.075
15	99.000	0.143	1.072
441	0.256	0.148	1.045
545	0.001	0.149	1.041
78	0.441	0.151	1.030
445	0.001	0.157	1.001
9	0.253	0.158	0.998
96	0.188	0.16	0.989
277	3.571	0.16	0.987
99	0.279	0.164	0.967
101	0.311	0.17	0.941
278	0.421	0.173	0.928
172	0.433	0.176	0.915
90	3.459	0.178	0.908
265	0.326	0.179	0.903
386	0.244	0.18	0.899
293	0.387	0.189	0.862
14	0.386	0.19	0.858
466	99.000	0.201	0.819
246	0.219	0.201	0.818
159	0.370	0.205	0.803
124	0.234	0.222	0.747
97	0.329	0.222	0.747
167	0.413	0.225	0.735
86	2.387	0.23	0.721
516	0.165	0.232	0.714
192	0.300	0.238	0.697
13	3.066	0.239	0.694
6	0.388	0.24	0.691
68	0.299	0.247	0.671
177	0.289	0.247	0.670
266	0.488	0.257	0.643
506	0.267	0.266	0.620
3	99.000	0.266	0.620
432	0.430	0.266	0.619
53	0.408	0.266	0.619
20	0.363	0.267	0.615
238	2.115	0.287	0.568
203	0.501	0.288	0.565
8	0.352	0.309	0.517
144	2.079	0.31	0.515
60	2.734	0.318	0.498
526	0.434	0.318	0.498
390	0.492	0.326	0.482
157	2.410	0.333	0.468
523	99.000	0.347	0.442
457	0.254	0.352	0.432
213	0.395	0.363	0.414
549	99.000	0.364	0.413
143	0.270	0.372	0.398
509	99.000	0.38	0.385
74	0.411	0.386	0.376
100	0.491	0.393	0.364
397	99.000	0.397	0.359
562	0.300	0.411	0.338
250	0.586	0.414	0.334
269	0.457	0.415	0.332
377	0.305	0.417	0.329
489	0.483	0.43	0.312
272	99.000	0.43	0.311
244	99.000	0.432	0.309
225	0.552	0.433	0.307
470	0.580	0.434	0.306
299	0.618	0.434	0.306
145	0.694	0.443	0.295
467	2.104	0.452	0.283
5	1.981	0.453	0.282
165	0.537	0.46	0.273
411	0.340	0.46	0.273
206	0.622	0.463	0.269
162	0.520	0.468	0.264
490	0.566	0.472	0.258
223	2.053	0.477	0.253
414	0.510	0.48	0.250
318	0.365	0.487	0.241
188	99.000	0.489	0.239
103	0.590	0.491	0.237
497	99.000	0.496	0.232
251	0.532	0.507	0.220
443	0.385	0.509	0.219
398	0.613	0.519	0.208
476	0.543	0.522	0.205
461	0.598	0.53	0.198
353	0.407	0.534	0.194
529	0.409	0.536	0.192
153	0.616	0.536	0.192
7	0.626	0.549	0.179
202	1.401	0.56	0.170
12	0.592	0.564	0.167
62	0.696	0.582	0.152
404	0.661	0.585	0.149
358	0.466	0.596	0.141
186	1.362	0.596	0.140
315	0.471	0.601	0.137
227	0.664	0.601	0.136
488	0.512	0.604	0.135
287	0.718	0.613	0.128
375	0.495	0.624	0.120
232	1.369	0.635	0.113
150	1.446	0.636	0.112
179	1.371	0.639	0.110
154	0.670	0.649	0.104
283	1.447	0.651	0.102
425	0.663	0.651	0.102
22	99.000	0.663	0.095
302	99.000	0.665	0.094
133	99.000	0.668	0.092
155	0.763	0.677	0.087
525	0.733	0.68	0.085
106	0.737	0.687	0.081
89	0.737	0.687	0.081
16	1.509	0.694	0.077
200	0.717	0.721	0.064
240	1.324	0.721	0.064
71	0.637	0.723	0.063
111	0.654	0.726	0.061
169	1.330	0.726	0.061
420	99.000	0.734	0.058
176	0.805	0.737	0.056
151	1.435	0.74	0.055
39	0.629	0.745	0.053
286	0.765	0.764	0.045
195	0.773	0.772	0.042
88	0.836	0.778	0.040
314	0.811	0.779	0.039
173	1.402	0.78	0.039
496	1.359	0.781	0.038
161	1.611	0.783	0.038
178	1.238	0.784	0.038
137	0.834	0.801	0.032
85	0.743	0.804	0.031
219	0.797	0.808	0.030
381	1.232	0.811	0.029
113	0.845	0.821	0.026
114	0.834	0.83	0.023
2	1.193	0.838	0.021
211	1.239	0.838	0.021
207	0.835	0.846	0.019
330	99.000	0.846	0.019
418	1.166	0.851	0.018
261	0.793	0.852	0.017
91	0.860	0.857	0.016
528	0.788	0.867	0.014
224	0.885	0.869	0.014
294	1.119	0.872	0.013
166	99.000	0.88	0.011
324	0.901	0.886	0.010
205	0.899	0.888	0.010
360	99.000	0.91	0.006
255	0.880	0.918	0.005
331	1.117	0.923	0.005
210	0.899	0.928	0.004
171	0.950	0.94	0.003
126	1.078	0.951	0.002
274	1.050	0.952	0.002
64	0.950	0.961	0.001
524	1.050	0.984	0.000
158	1.004	0.996	0.000
201	1.000	1	0.000
492	0.295	1	0.000
402	0.298	1	0.000
553	0.298	1	0.000
230	0.301	1	0.000
563	0.299	1	0.000
256	0.302	1	0.000
93	0.297	1	0.000
552	0.296	1	0.000
517	0.308	1	0.000
77	0.295	1	0.000
435	0.295	1	0.000
364	0.299	1	0.000
429	0.305	1	0.000
247	0.299	1	0.000
193	0.298	1	0.000
140	0.301	1	0.000
357	0.303	1	0.000
546	1.711	1	0.000
428	0.309	1	0.000
362	0.310	1	0.000
21	0.311	1	0.000
229	0.319	1	0.000
25	0.312	1	0.000
472	0.310	1	0.000
556	0.312	1	0.000
481	0.314	1	0.000
366	0.313	1	0.000
104	0.316	1	0.000
214	0.325	1	0.000
475	0.342	1	0.000
485	0.318	1	0.000
531	1.728	1	0.000
534	1.755	1	0.000
115	0.336	1	0.000
220	1.745	1	0.000
19	1.826	1	0.000
547	1.751	1	0.000
66	0.446	1	0.000
303	0.365	1	0.000
135	1.756	1	0.000
537	1.784	1	0.000
44	2.052	1	0.000
349	0.823	1	0.000
544	1.742	1	0.000
499	1.829	1	0.000