# Omega fit to each site after fixing tree and and all other parameters.
# Not using '--omegabysite_fixsyn', so we fit a synonymous rate for each site. This means we compare fitting omega and a synonymous rate to fitting just a synonymous rate.
# Fits compared to null model of omega = 1.000; P-values NOT corrected for multiple testing.
#
# site	omega	P	dLnL
148	0.001	3.49e-08	15.208
474	0.001	2.33e-06	11.151
342	0.001	3.19e-05	8.651
237	0.001	8.5e-05	7.721
305	0.001	0.000198	6.926
502	0.001	0.000227	6.799
507	0.088	0.000382	6.309
161	99.000	0.000666	5.791
268	0.127	0.00087	5.543
170	0.126	0.000969	5.443
128	0.031	0.00111	5.315
482	0.001	0.00133	5.152
518	0.001	0.00137	5.126
235	0.093	0.00167	4.943
231	0.048	0.00184	4.850
10	0.083	0.00188	4.831
56	0.001	0.0019	4.822
42	0.001	0.00196	4.792
501	0.051	0.00219	4.691
145	0.251	0.00247	4.583
520	0.001	0.00252	4.564
37	0.001	0.00255	4.551
75	0.001	0.00255	4.550
510	0.071	0.00275	4.485
191	0.001	0.00275	4.482
321	0.001	0.00331	4.315
306	0.001	0.00331	4.313
504	0.001	0.00345	4.277
215	0.001	0.00359	4.241
276	0.164	0.00371	4.210
38	0.001	0.00376	4.198
347	0.001	0.00384	4.179
479	0.001	0.00385	4.177
389	0.063	0.00439	4.058
180	0.001	0.00442	4.051
339	0.001	0.00479	3.978
493	0.001	0.00506	3.929
368	0.001	0.00551	3.852
551	0.001	0.006	3.775
410	0.001	0.00637	3.721
236	0.076	0.00671	3.674
175	0.001	0.00711	3.623
337	0.127	0.00733	3.595
468	0.001	0.00785	3.534
65	0.001	0.00816	3.499
343	0.001	0.00961	3.353
168	0.201	0.00995	3.322
407	0.001	0.0107	3.258
258	0.001	0.0114	3.201
372	0.205	0.0123	3.131
515	0.203	0.013	3.087
172	0.201	0.013	3.086
536	99.000	0.0136	3.043
486	0.001	0.0138	3.032
550	0.107	0.0141	3.014
112	0.001	0.0141	3.011
555	0.001	0.0165	2.877
218	0.135	0.0171	2.845
508	0.001	0.0174	2.829
512	0.001	0.0177	2.815
494	0.001	0.0177	2.815
456	0.112	0.0181	2.791
139	0.001	0.0213	2.653
273	0.174	0.0224	2.609
127	0.001	0.0228	2.591
288	0.227	0.0233	2.574
197	0.001	0.0256	2.493
150	5.159	0.026	2.479
116	0.001	0.0299	2.359
535	0.001	0.0299	2.356
511	0.001	0.0309	2.330
216	0.102	0.0309	2.329
477	0.001	0.0322	2.294
434	99.000	0.0328	2.277
132	0.001	0.0331	2.271
453	0.140	0.0332	2.267
412	0.001	0.0343	2.239
271	0.001	0.0347	2.229
282	0.001	0.036	2.198
52	99.000	0.0366	2.184
221	0.221	0.0373	2.168
401	0.001	0.0405	2.099
396	0.001	0.0411	2.086
455	0.001	0.0421	2.065
228	0.001	0.0423	2.061
11	99.000	0.0423	2.061
484	0.001	0.0426	2.055
513	0.001	0.0439	2.030
370	0.001	0.0439	2.030
431	0.001	0.0449	2.011
369	0.001	0.0462	1.987
182	0.189	0.0473	1.967
185	0.220	0.0477	1.960
199	0.310	0.0483	1.950
151	7.193	0.0501	1.919
234	0.001	0.0505	1.913
541	0.001	0.051	1.905
24	0.001	0.0516	1.894
427	0.001	0.052	1.888
5	6.313	0.0527	1.876
289	0.286	0.0535	1.865
388	0.001	0.0538	1.860
326	0.282	0.0539	1.858
248	0.001	0.0551	1.839
285	0.170	0.0564	1.821
405	0.001	0.0569	1.813
416	0.001	0.0569	1.813
519	0.001	0.0572	1.809
184	0.309	0.0588	1.786
460	0.263	0.059	1.782
212	0.104	0.0593	1.778
438	0.001	0.0604	1.763
323	0.001	0.0605	1.762
278	0.300	0.0615	1.748
233	0.001	0.0617	1.745
461	7.267	0.0623	1.737
322	0.001	0.0633	1.725
442	0.001	0.0635	1.722
60	5.634	0.0639	1.717
376	0.001	0.0654	1.698
110	0.001	0.0657	1.693
147	0.001	0.0686	1.658
395	0.001	0.0699	1.642
281	0.001	0.0704	1.637
394	0.001	0.0711	1.629
239	0.001	0.0716	1.623
81	0.001	0.0731	1.606
471	0.001	0.0735	1.602
430	0.001	0.0735	1.601
521	0.001	0.0766	1.568
390	0.277	0.0809	1.524
403	0.001	0.0821	1.512
543	0.215	0.0869	1.465
409	0.001	0.0874	1.461
22	99.000	0.0901	1.436
334	0.001	0.0939	1.403
92	0.001	0.0959	1.387
424	0.001	0.0963	1.383
378	0.001	0.0977	1.372
558	0.001	0.0982	1.368
565	0.001	0.0982	1.367
463	0.001	0.0984	1.366
277	4.283	0.101	1.344
48	0.001	0.102	1.338
47	0.001	0.102	1.337
554	0.001	0.103	1.330
549	99.000	0.105	1.311
209	0.327	0.107	1.302
540	0.001	0.107	1.297
382	0.199	0.109	1.282
527	0.001	0.109	1.282
63	0.001	0.111	1.267
123	0.151	0.112	1.260
310	0.001	0.117	1.231
4	99.000	0.119	1.215
129	0.001	0.12	1.206
146	3.763	0.121	1.202
222	0.001	0.122	1.193
136	0.223	0.123	1.189
138	0.390	0.125	1.176
187	0.001	0.125	1.176
275	0.001	0.127	1.166
279	0.001	0.127	1.165
226	0.001	0.127	1.162
257	99.000	0.128	1.160
254	0.001	0.136	1.113
397	99.000	0.136	1.109
354	0.001	0.137	1.105
498	0.001	0.14	1.087
189	0.001	0.145	1.060
301	0.001	0.146	1.055
452	0.001	0.152	1.026
538	0.001	0.152	1.024
505	0.001	0.153	1.022
183	0.001	0.156	1.004
316	0.001	0.16	0.987
174	0.001	0.16	0.985
522	0.220	0.164	0.968
3	99.000	0.165	0.965
458	0.001	0.166	0.961
207	3.557	0.166	0.958
329	0.263	0.167	0.953
102	0.328	0.168	0.950
386	0.235	0.169	0.946
73	0.310	0.171	0.937
340	0.250	0.174	0.925
198	0.001	0.175	0.918
312	0.001	0.177	0.913
15	99.000	0.177	0.913
406	0.001	0.187	0.872
94	0.001	0.187	0.869
503	0.342	0.188	0.868
249	0.001	0.188	0.865
40	0.001	0.192	0.849
86	2.543	0.193	0.849
533	0.001	0.196	0.837
466	99.000	0.196	0.837
105	0.001	0.2	0.822
130	2.709	0.202	0.815
26	0.001	0.204	0.808
561	0.001	0.204	0.808
36	99.000	0.204	0.807
483	0.001	0.204	0.806
242	0.001	0.206	0.800
98	0.001	0.209	0.789
252	0.001	0.209	0.788
335	0.001	0.21	0.787
415	99.000	0.21	0.787
454	0.001	0.211	0.784
59	0.001	0.213	0.776
542	0.001	0.214	0.772
367	0.001	0.214	0.772
346	0.001	0.216	0.767
243	0.268	0.217	0.763
13	3.225	0.217	0.762
313	0.001	0.218	0.759
292	0.414	0.22	0.754
298	0.001	0.223	0.742
470	0.426	0.224	0.738
399	0.001	0.227	0.731
244	99.000	0.228	0.727
186	1.999	0.228	0.726
32	0.001	0.228	0.726
241	0.001	0.229	0.724
392	0.001	0.229	0.723
284	0.001	0.232	0.715
259	0.001	0.233	0.711
421	0.289	0.233	0.710
433	0.288	0.234	0.709
45	0.001	0.235	0.707
61	0.001	0.235	0.705
383	0.001	0.237	0.700
51	0.001	0.239	0.694
270	0.001	0.24	0.691
142	2.183	0.24	0.689
506	0.250	0.242	0.684
219	2.927	0.245	0.675
350	0.001	0.247	0.670
418	2.492	0.248	0.668
99	0.347	0.248	0.666
134	0.001	0.249	0.666
196	0.001	0.249	0.665
379	0.001	0.249	0.664
238	2.223	0.25	0.663
120	0.001	0.251	0.660
408	0.350	0.251	0.659
28	0.001	0.252	0.656
345	0.001	0.253	0.653
423	0.001	0.255	0.647
68	0.306	0.256	0.645
188	99.000	0.256	0.644
373	0.001	0.258	0.638
117	0.001	0.26	0.635
356	0.001	0.261	0.632
307	0.001	0.264	0.625
417	0.001	0.267	0.617
290	0.362	0.271	0.605
208	0.001	0.271	0.605
179	2.063	0.272	0.604
426	0.001	0.272	0.604
213	0.325	0.274	0.597
106	0.435	0.282	0.578
363	0.001	0.283	0.576
361	0.364	0.284	0.574
377	5.288	0.284	0.574
152	0.001	0.289	0.562
181	0.001	0.29	0.561
76	0.001	0.293	0.552
54	0.001	0.294	0.551
203	0.506	0.294	0.550
560	0.001	0.298	0.542
545	0.001	0.3	0.537
154	0.388	0.301	0.535
500	0.001	0.303	0.531
523	99.000	0.303	0.530
101	0.419	0.304	0.528
90	2.641	0.305	0.526
122	0.001	0.308	0.520
449	0.001	0.31	0.516
457	5.055	0.311	0.514
473	0.001	0.316	0.503
133	99.000	0.319	0.497
23	0.001	0.319	0.497
296	0.001	0.322	0.491
487	0.001	0.322	0.490
53	0.452	0.322	0.490
324	2.024	0.322	0.490
380	0.001	0.323	0.488
131	0.001	0.324	0.485
359	0.001	0.327	0.481
34	0.001	0.327	0.480
57	0.001	0.33	0.475
464	0.339	0.333	0.468
178	2.066	0.334	0.467
95	0.001	0.336	0.463
437	0.001	0.337	0.462
27	0.001	0.338	0.459
49	0.001	0.338	0.458
539	0.001	0.344	0.447
108	0.001	0.344	0.447
447	0.001	0.349	0.439
166	99.000	0.352	0.433
400	0.001	0.353	0.431
514	0.460	0.354	0.430
336	0.001	0.357	0.424
265	0.469	0.36	0.419
2	2.135	0.361	0.418
253	0.337	0.361	0.417
393	0.001	0.365	0.410
141	0.001	0.366	0.409
491	0.001	0.367	0.406
260	0.001	0.374	0.395
80	0.001	0.374	0.395
557	0.001	0.375	0.393
419	0.001	0.375	0.393
365	0.001	0.379	0.387
87	2.482	0.379	0.386
441	3.112	0.381	0.384
84	0.001	0.384	0.379
30	0.001	0.384	0.379
72	0.001	0.385	0.378
351	0.001	0.389	0.372
18	0.001	0.389	0.372
413	0.001	0.392	0.366
467	2.309	0.393	0.364
509	99.000	0.395	0.361
299	0.594	0.397	0.359
67	0.001	0.397	0.359
164	0.001	0.401	0.353
532	0.001	0.402	0.351
43	0.001	0.402	0.351
444	0.001	0.404	0.349
217	0.001	0.41	0.340
436	0.001	0.412	0.337
50	0.001	0.412	0.336
302	99.000	0.414	0.334
125	0.428	0.421	0.324
272	99.000	0.423	0.321
496	2.336	0.424	0.319
469	0.001	0.427	0.315
58	0.001	0.43	0.311
69	0.001	0.431	0.310
264	0.001	0.433	0.308
325	0.001	0.434	0.306
79	0.001	0.434	0.306
489	0.488	0.436	0.303
194	2.916	0.437	0.302
375	3.111	0.439	0.300
31	0.001	0.442	0.296
269	2.059	0.447	0.289
55	0.461	0.452	0.283
387	0.001	0.453	0.282
564	0.001	0.454	0.280
85	2.308	0.457	0.276
156	0.601	0.459	0.275
295	0.001	0.461	0.272
439	0.001	0.461	0.272
446	0.001	0.465	0.267
352	0.001	0.467	0.265
440	0.001	0.468	0.264
263	0.001	0.469	0.262
317	0.001	0.469	0.262
297	0.001	0.47	0.261
62	0.623	0.473	0.258
190	0.001	0.473	0.258
526	0.555	0.479	0.251
478	0.463	0.482	0.247
341	0.001	0.486	0.242
559	0.001	0.491	0.238
29	0.001	0.495	0.233
35	0.001	0.495	0.233
443	2.713	0.497	0.231
319	0.001	0.499	0.229
119	0.473	0.503	0.224
291	0.001	0.505	0.222
450	0.001	0.506	0.221
177	0.482	0.507	0.220
126	2.212	0.509	0.218
348	0.001	0.518	0.209
82	0.001	0.521	0.206
46	0.001	0.523	0.204
548	0.001	0.526	0.201
385	0.001	0.529	0.198
480	0.001	0.53	0.198
169	1.655	0.53	0.198
422	0.572	0.534	0.194
107	0.001	0.545	0.183
355	0.001	0.546	0.182
330	99.000	0.547	0.181
245	0.001	0.549	0.180
320	0.001	0.551	0.177
495	0.525	0.553	0.176
267	0.001	0.554	0.175
33	0.001	0.558	0.172
462	0.001	0.559	0.171
251	0.577	0.562	0.168
204	0.001	0.564	0.166
425	1.667	0.566	0.165
497	99.000	0.574	0.158
71	0.487	0.58	0.153
328	0.001	0.581	0.152
153	0.650	0.582	0.152
121	0.543	0.582	0.151
332	0.001	0.587	0.148
103	1.499	0.589	0.146
143	0.462	0.592	0.144
374	0.001	0.592	0.143
371	0.001	0.594	0.142
70	0.533	0.601	0.137
200	0.613	0.602	0.136
344	0.001	0.602	0.136
280	0.566	0.604	0.134
476	0.612	0.605	0.134
124	0.537	0.606	0.133
445	0.001	0.607	0.133
333	0.001	0.607	0.133
64	1.683	0.609	0.131
304	0.625	0.609	0.131
88	0.722	0.613	0.128
16	1.683	0.614	0.127
530	0.001	0.616	0.126
8	1.829	0.617	0.125
451	0.001	0.622	0.122
432	1.513	0.627	0.118
162	1.537	0.629	0.117
39	1.974	0.638	0.111
314	1.408	0.641	0.108
381	1.491	0.645	0.106
490	0.697	0.648	0.104
327	0.568	0.648	0.104
420	99.000	0.651	0.102
391	0.593	0.651	0.102
195	1.477	0.651	0.102
144	1.401	0.652	0.102
118	0.001	0.657	0.099
83	0.605	0.664	0.094
100	0.699	0.666	0.093
137	1.337	0.681	0.084
109	0.001	0.69	0.080
91	0.713	0.692	0.079
411	1.784	0.692	0.078
173	1.608	0.694	0.077
159	0.740	0.695	0.077
246	0.619	0.695	0.077
360	99.000	0.7	0.074
465	0.645	0.702	0.073
309	0.001	0.702	0.073
155	1.274	0.703	0.073
211	0.667	0.703	0.073
300	0.001	0.706	0.071
250	1.268	0.718	0.065
524	3.045	0.718	0.065
331	1.490	0.723	0.063
20	0.726	0.728	0.060
516	0.609	0.732	0.059
262	0.001	0.744	0.053
96	1.519	0.753	0.049
176	0.816	0.753	0.049
210	0.687	0.756	0.048
158	0.779	0.763	0.045
171	1.224	0.765	0.045
97	1.315	0.771	0.042
287	1.205	0.773	0.042
165	0.795	0.775	0.041
384	0.001	0.779	0.039
338	0.738	0.784	0.038
525	0.820	0.79	0.036
149	0.750	0.79	0.035
353	1.447	0.797	0.033
14	0.838	0.804	0.031
192	1.313	0.817	0.027
261	1.297	0.831	0.023
311	0.816	0.832	0.023
225	0.857	0.837	0.021
293	1.168	0.838	0.021
358	1.337	0.839	0.021
414	1.208	0.839	0.021
7	1.159	0.849	0.018
167	1.164	0.851	0.018
528	1.297	0.855	0.017
255	1.249	0.856	0.016
205	0.875	0.859	0.016
89	0.881	0.867	0.014
78	1.101	0.868	0.014
294	1.122	0.87	0.013
202	1.096	0.876	0.012
111	1.186	0.882	0.011
157	1.136	0.885	0.010
74	1.159	0.885	0.010
286	0.880	0.886	0.010
201	1.147	0.889	0.010
315	1.206	0.896	0.009
224	1.101	0.897	0.008
529	1.190	0.903	0.007
562	1.191	0.903	0.007
160	1.155	0.905	0.007
404	0.915	0.906	0.007
41	0.874	0.908	0.007
318	1.168	0.914	0.006
283	0.915	0.915	0.006
266	1.069	0.915	0.006
113	0.928	0.919	0.005
114	0.925	0.926	0.004
448	0.889	0.927	0.004
163	1.105	0.938	0.003
232	0.950	0.939	0.003
488	1.095	0.941	0.003
274	1.057	0.946	0.002
459	0.941	0.946	0.002
308	1.085	0.946	0.002
6	0.950	0.953	0.002
17	1.060	0.961	0.001
206	0.974	0.967	0.001
227	0.973	0.971	0.001
9	1.034	0.976	0.000
12	1.018	0.984	0.000
240	1.013	0.987	0.000
398	1.010	0.989	0.000
546	6.235	1	0.000
402	0.243	1	0.000
220	0.249	1	0.000
531	2.304	1	0.000
547	2.650	1	0.000
230	0.223	1	0.000
66	3.158	1	0.000
256	0.073	1	0.000
544	2.374	1	0.000
366	3.077	1	0.000
362	2.317	1	0.000
21	2.326	1	0.000
553	0.107	1	0.000
485	2.085	1	0.000
534	1.891	1	0.000
428	1.972	1	0.000
537	2.054	1	0.000
135	1.805	1	0.000
44	3.059	1	0.000
492	0.353	1	0.000
472	2.365	1	0.000
115	1.811	1	0.000
429	1.913	1	0.000
349	1.996	1	0.000
19	1.906	1	0.000
93	0.228	1	0.000
475	1.950	1	0.000
140	0.149	1	0.000
229	0.299	1	0.000
25	2.051	1	0.000
517	0.298	1	0.000
247	0.337	1	0.000
556	1.926	1	0.000
214	1.882	1	0.000
552	0.262	1	0.000
364	0.308	1	0.000
193	0.282	1	0.000
357	0.371	1	0.000
499	0.478	1	0.000
104	0.385	1	0.000
435	0.315	1	0.000
77	0.222	1	0.000
481	2.122	1	0.000
223	0.999	1	-0.000
303	2.022	1	-0.000
563	3.553	1	-0.000