# Stringency fit to each site after fixing tree and and all other parameters.
# Fits compared to null model of stringency = 0.878 (the overall gene value).
# P-values NOT corrected for multiple testing.
# The stringency ratio is the ratio of the fitted value to the null (overall gene value).
#
# site	stringency_ratio	P	dLnL	LnL_fixed
150	0.114	4.73e-07	12.685	-72.780
78	0.114	1.51e-06	11.566	-86.568
467	0.114	5.68e-06	10.297	-61.671
13	0.114	2.32e-05	8.953	-64.946
305	0.114	6.47e-05	7.980	-38.189
218	0.114	7.57e-05	7.831	-45.455
145	2.831	8.28e-05	7.747	-155.025
103	0.114	0.000187	6.980	-51.566
223	0.114	0.000619	5.859	-48.377
342	0.114	0.00103	5.387	-30.905
211	0.114	0.00122	5.230	-50.123
398	0.114	0.00176	4.890	-54.839
142	2.290	0.0022	4.689	-57.000
368	11.396	0.00238	4.615	-22.760
112	0.114	0.00239	4.612	-21.643
186	0.114	0.00387	4.173	-76.725
347	11.396	0.00404	4.132	-29.915
166	3.210	0.00557	3.841	-13.536
461	0.296	0.00586	3.797	-53.829
221	0.114	0.00599	3.777	-56.641
258	11.396	0.00795	3.522	-18.009
354	7.741	0.00915	3.397	-33.701
68	0.114	0.00937	3.375	-31.053
337	0.114	0.00948	3.365	-43.661
210	0.114	0.00998	3.319	-32.027
410	11.396	0.0102	3.303	-18.772
201	0.114	0.0102	3.296	-58.087
75	0.114	0.0114	3.199	-27.765
502	11.396	0.0118	3.174	-30.045
424	11.396	0.0118	3.172	-26.489
415	0.114	0.0124	3.127	-36.380
271	11.396	0.0129	3.095	-28.070
303	0.114	0.0136	3.045	-11.082
430	3.243	0.0137	3.041	-51.693
216	0.114	0.015	2.958	-27.957
390	0.114	0.0173	2.832	-54.921
38	11.396	0.0177	2.814	-27.743
438	11.396	0.0185	2.774	-20.733
479	11.396	0.0196	2.723	-40.509
202	0.114	0.0203	2.695	-93.320
554	6.999	0.0214	2.648	-17.931
15	0.114	0.0222	2.614	-26.590
376	11.396	0.0224	2.607	-26.460
266	2.919	0.0226	2.598	-51.185
47	11.396	0.0227	2.596	-20.783
420	0.114	0.0227	2.595	-13.041
478	4.545	0.0237	2.560	-30.469
116	11.396	0.0244	2.534	-27.517
482	6.880	0.0259	2.483	-20.200
289	0.114	0.0259	2.480	-63.386
151	4.073	0.026	2.478	-38.758
250	0.213	0.0271	2.443	-60.157
73	11.396	0.0277	2.424	-31.353
378	11.396	0.0284	2.401	-21.950
215	11.396	0.0293	2.375	-26.487
93	11.396	0.0294	2.373	-2.374
155	0.114	0.0308	2.333	-70.881
34	5.011	0.0317	2.308	-13.127
435	9.662	0.0317	2.306	-2.306
405	11.396	0.0329	2.274	-13.433
395	11.396	0.0346	2.234	-16.877
552	11.091	0.0347	2.230	-3.038
372	2.159	0.0352	2.218	-50.198
322	11.396	0.0364	2.188	-20.476
477	11.396	0.0373	2.168	-23.126
59	8.729	0.039	2.131	-18.042
174	11.248	0.0423	2.061	-22.668
310	8.183	0.0425	2.058	-24.001
152	6.932	0.0435	2.038	-19.395
252	8.617	0.0445	2.018	-19.838
40	11.396	0.0451	2.008	-16.835
19	0.195	0.0466	1.979	-10.139
98	11.396	0.0484	1.948	-16.928
471	11.396	0.0491	1.936	-20.362
147	11.396	0.0497	1.926	-22.351
417	10.366	0.0524	1.881	-19.014
4	0.114	0.0527	1.877	-63.677
296	11.396	0.0527	1.876	-22.356
24	2.962	0.0548	1.844	-32.325
105	9.589	0.0552	1.838	-23.478
208	6.642	0.0556	1.832	-25.757
498	11.396	0.0573	1.806	-20.033
505	9.034	0.0574	1.806	-19.175
359	11.396	0.0577	1.801	-20.838
379	11.381	0.0577	1.801	-43.237
364	9.983	0.0582	1.795	-1.795
132	9.454	0.0594	1.776	-17.943
117	11.396	0.0598	1.771	-23.409
511	11.396	0.0607	1.759	-30.983
228	6.056	0.0618	1.744	-19.238
509	0.303	0.0624	1.736	-17.033
350	11.396	0.0626	1.734	-19.385
497	0.114	0.063	1.728	-13.754
36	0.434	0.0633	1.724	-35.281
193	6.380	0.0646	1.708	-1.739
449	7.306	0.066	1.689	-19.238
134	8.488	0.0664	1.685	-21.109
81	11.396	0.067	1.677	-19.050
426	11.396	0.068	1.665	-20.836
16	0.172	0.0692	1.650	-51.462
496	0.488	0.0694	1.649	-28.376
63	2.400	0.0707	1.634	-30.436
209	0.114	0.0709	1.631	-48.968
212	0.114	0.0731	1.606	-22.132
77	7.169	0.0739	1.597	-1.597
314	0.114	0.0744	1.592	-45.388
335	7.310	0.0752	1.582	-32.253
456	0.114	0.0757	1.577	-35.728
382	7.174	0.0776	1.557	-22.211
356	7.351	0.0794	1.539	-30.666
110	7.494	0.0801	1.532	-30.520
490	0.114	0.0804	1.528	-40.308
469	11.396	0.0832	1.500	-33.544
48	8.330	0.0847	1.487	-17.094
131	11.396	0.085	1.484	-13.628
489	0.434	0.0866	1.468	-35.386
357	9.496	0.0881	1.455	-1.455
419	11.396	0.0882	1.454	-16.144
351	10.952	0.089	1.447	-32.744
301	11.396	0.0894	1.442	-23.246
141	11.396	0.0903	1.434	-11.851
485	0.405	0.0906	1.432	-9.367
413	11.396	0.0939	1.403	-14.598
307	8.293	0.0943	1.400	-21.673
404	0.114	0.0945	1.398	-44.376
459	4.694	0.0966	1.381	-36.179
56	1.408	0.0988	1.363	-41.480
58	11.396	0.0992	1.359	-32.596
257	0.114	0.0996	1.356	-31.126
284	11.396	0.0996	1.356	-24.933
281	5.150	0.0999	1.354	-23.326
276	4.204	0.101	1.342	-59.481
236	5.437	0.102	1.338	-34.072
352	8.327	0.103	1.331	-15.788
543	0.267	0.103	1.330	-51.749
516	0.360	0.104	1.324	-17.729
416	11.396	0.105	1.317	-49.505
446	11.396	0.107	1.300	-10.184
453	2.163	0.108	1.295	-39.262
556	0.446	0.108	1.291	-7.747
161	0.461	0.109	1.284	-23.267
238	0.604	0.109	1.281	-93.283
499	0.293	0.112	1.266	-10.032
65	3.213	0.114	1.251	-26.992
414	4.752	0.114	1.247	-27.809
140	6.512	0.116	1.237	-1.237
62	1.814	0.116	1.236	-47.718
388	3.591	0.117	1.229	-19.658
213	0.276	0.12	1.210	-30.383
317	9.264	0.12	1.208	-23.165
529	0.299	0.123	1.187	-20.383
292	2.733	0.125	1.175	-45.290
530	11.396	0.126	1.170	-31.866
6	0.364	0.128	1.158	-36.764
525	0.277	0.129	1.152	-45.999
298	7.901	0.133	1.130	-21.792
45	11.189	0.134	1.125	-15.011
269	1.992	0.135	1.117	-33.818
428	0.374	0.135	1.114	-9.162
247	7.071	0.138	1.099	-1.099
311	6.555	0.14	1.088	-29.034
452	7.455	0.142	1.077	-12.334
440	11.396	0.144	1.069	-10.513
158	0.394	0.144	1.069	-55.493
260	11.396	0.144	1.069	-11.170
273	0.503	0.144	1.068	-48.358
23	0.525	0.144	1.066	-29.076
423	10.103	0.145	1.063	-29.506
76	11.396	0.146	1.054	-20.154
270	9.198	0.147	1.052	-18.783
436	9.209	0.148	1.046	-21.007
514	0.147	0.15	1.038	-42.234
396	0.555	0.15	1.038	-33.310
291	2.149	0.15	1.034	-12.158
275	8.867	0.151	1.033	-16.247
535	2.574	0.151	1.033	-29.543
380	9.567	0.151	1.030	-16.370
241	6.452	0.156	1.005	-20.566
50	8.463	0.158	0.996	-29.494
316	7.536	0.159	0.994	-12.608
129	11.396	0.159	0.993	-12.005
336	7.073	0.16	0.987	-17.580
267	7.435	0.165	0.964	-13.271
334	11.396	0.167	0.955	-30.072
138	0.701	0.169	0.947	-65.802
394	4.185	0.17	0.941	-18.840
54	2.032	0.171	0.938	-11.256
106	0.228	0.174	0.925	-49.467
39	0.467	0.18	0.901	-18.131
400	4.151	0.181	0.895	-8.331
69	11.187	0.183	0.885	-34.609
126	0.362	0.184	0.882	-25.888
295	6.700	0.185	0.879	-11.397
392	8.330	0.185	0.879	-14.224
330	1.818	0.189	0.864	-8.522
233	5.033	0.191	0.854	-13.372
412	0.227	0.192	0.851	-16.353
259	7.447	0.192	0.850	-12.897
222	11.396	0.194	0.844	-14.919
484	0.342	0.194	0.843	-28.416
217	7.418	0.195	0.841	-19.981
256	11.396	0.196	0.837	-3.765
99	0.114	0.196	0.837	-36.055
157	0.603	0.196	0.836	-55.884
5	0.250	0.196	0.835	-35.251
49	10.719	0.198	0.830	-24.991
491	0.726	0.199	0.827	-15.322
539	8.133	0.2	0.821	-18.908
447	11.396	0.201	0.819	-12.975
53	0.114	0.202	0.814	-41.935
487	2.127	0.203	0.809	-10.565
79	11.396	0.204	0.808	-31.685
401	3.173	0.204	0.806	-19.578
67	8.234	0.206	0.801	-30.220
548	3.989	0.208	0.793	-9.691
86	0.114	0.208	0.792	-60.655
476	0.242	0.211	0.783	-36.028
146	0.531	0.211	0.783	-109.694
531	2.532	0.211	0.783	-8.949
515	0.282	0.212	0.778	-51.817
473	0.545	0.212	0.777	-19.518
219	0.378	0.217	0.761	-35.799
444	11.396	0.217	0.761	-28.600
328	11.396	0.221	0.750	-32.112
319	1.823	0.222	0.744	-12.224
290	0.392	0.223	0.742	-29.017
343	0.546	0.225	0.735	-25.848
381	0.219	0.227	0.731	-36.776
323	0.536	0.227	0.731	-32.251
12	0.316	0.227	0.730	-38.202
437	1.863	0.229	0.724	-11.084
551	0.523	0.232	0.713	-24.481
44	11.290	0.236	0.703	-5.770
557	11.396	0.237	0.698	-15.902
180	2.691	0.238	0.697	-27.180
118	9.657	0.238	0.695	-27.328
355	5.952	0.242	0.685	-24.016
242	11.396	0.244	0.679	-15.141
264	11.396	0.244	0.679	-24.483
385	8.295	0.249	0.664	-15.724
66	11.396	0.25	0.663	-5.731
55	1.885	0.251	0.658	-31.129
137	0.294	0.252	0.655	-58.658
458	3.331	0.253	0.655	-18.910
465	2.117	0.253	0.655	-31.217
107	3.324	0.253	0.654	-8.528
206	0.114	0.253	0.652	-71.301
325	2.858	0.255	0.649	-10.915
407	2.369	0.256	0.645	-29.075
235	0.285	0.257	0.642	-40.812
183	8.439	0.258	0.639	-15.995
460	1.799	0.259	0.636	-46.475
527	3.477	0.261	0.632	-11.870
196	7.719	0.261	0.631	-14.312
320	11.396	0.262	0.629	-12.082
439	0.576	0.266	0.618	-13.225
94	5.534	0.266	0.618	-20.195
195	0.522	0.267	0.616	-36.104
144	1.285	0.268	0.613	-121.822
282	2.245	0.269	0.611	-27.195
526	0.139	0.27	0.609	-39.706
28	1.510	0.27	0.608	-33.620
64	0.246	0.272	0.604	-45.643
95	1.764	0.273	0.602	-15.060
171	1.769	0.274	0.597	-70.507
225	0.392	0.277	0.590	-45.132
120	1.834	0.278	0.590	-17.608
563	2.983	0.278	0.588	-3.437
189	6.597	0.278	0.588	-13.545
344	6.577	0.279	0.586	-10.614
27	2.046	0.279	0.586	-10.875
70	2.277	0.279	0.586	-23.691
268	0.114	0.281	0.582	-69.625
299	0.114	0.282	0.580	-73.925
475	2.467	0.284	0.575	-4.492
125	0.417	0.285	0.571	-31.419
494	2.175	0.285	0.571	-18.163
127	2.743	0.29	0.560	-16.816
182	2.547	0.294	0.551	-38.234
346	1.676	0.295	0.549	-9.671
545	0.604	0.296	0.546	-12.469
92	2.882	0.297	0.544	-15.309
173	0.319	0.298	0.542	-24.886
148	1.702	0.3	0.536	-47.927
384	11.396	0.3	0.536	-7.803
537	2.716	0.315	0.506	-7.274
168	1.556	0.32	0.495	-54.732
231	0.316	0.323	0.489	-38.175
367	1.471	0.323	0.488	-23.954
243	1.641	0.325	0.485	-27.996
450	7.297	0.325	0.485	-12.621
409	1.860	0.327	0.481	-22.326
108	1.709	0.327	0.480	-12.297
431	2.215	0.328	0.479	-16.692
528	0.538	0.329	0.477	-17.982
506	0.548	0.331	0.473	-21.625
226	3.169	0.331	0.472	-11.752
207	0.639	0.334	0.467	-34.406
170	2.005	0.335	0.465	-59.017
285	2.276	0.335	0.464	-26.126
80	5.381	0.339	0.458	-15.875
72	1.413	0.34	0.454	-17.159
500	1.594	0.341	0.454	-9.507
348	7.744	0.342	0.451	-13.814
198	10.413	0.345	0.445	-14.627
306	1.584	0.349	0.439	-39.487
403	2.255	0.351	0.435	-11.566
244	0.372	0.352	0.432	-14.201
286	0.637	0.355	0.427	-40.356
464	1.807	0.36	0.418	-18.727
324	1.660	0.361	0.418	-44.343
190	5.802	0.361	0.417	-13.729
143	2.085	0.363	0.414	-13.072
280	1.531	0.363	0.414	-26.297
519	1.865	0.371	0.401	-25.087
160	1.357	0.371	0.400	-27.892
3	0.462	0.376	0.392	-21.384
501	1.697	0.38	0.386	-24.841
214	1.701	0.381	0.384	-4.854
373	1.827	0.383	0.380	-14.259
42	0.540	0.387	0.374	-23.777
220	0.471	0.4	0.354	-8.576
203	1.280	0.403	0.350	-81.326
109	9.508	0.41	0.339	-8.074
178	0.655	0.413	0.336	-63.377
387	2.769	0.413	0.335	-17.641
538	2.438	0.415	0.333	-9.190
84	1.466	0.417	0.329	-8.776
374	2.990	0.425	0.318	-10.753
240	0.222	0.426	0.317	-61.884
26	1.458	0.427	0.316	-27.283
114	0.738	0.427	0.315	-44.267
272	0.436	0.432	0.309	-15.406
481	0.613	0.441	0.297	-7.065
433	1.431	0.444	0.293	-23.293
358	0.547	0.452	0.283	-19.138
83	0.602	0.453	0.281	-25.794
154	0.478	0.453	0.281	-43.505
534	1.947	0.454	0.281	-6.456
541	1.766	0.458	0.276	-19.071
60	0.559	0.461	0.272	-46.935
300	1.791	0.462	0.271	-9.040
333	6.096	0.462	0.271	-9.183
294	1.483	0.466	0.266	-70.030
429	1.445	0.473	0.258	-4.797
550	1.470	0.48	0.249	-34.084
14	0.576	0.485	0.244	-46.831
365	1.503	0.489	0.240	-11.103
229	1.477	0.491	0.237	-5.977
363	1.586	0.497	0.231	-31.632
279	1.671	0.499	0.229	-17.815
135	1.694	0.5	0.227	-8.365
445	0.579	0.504	0.224	-17.647
483	1.906	0.504	0.223	-15.172
302	1.628	0.507	0.221	-10.650
104	0.608	0.508	0.220	-6.612
251	1.829	0.508	0.219	-30.474
18	1.836	0.509	0.218	-9.926
492	0.640	0.509	0.218	-6.683
360	1.433	0.51	0.218	-9.905
321	1.612	0.516	0.211	-24.393
51	1.682	0.519	0.208	-9.026
520	0.700	0.521	0.206	-21.259
518	1.535	0.531	0.196	-23.441
153	0.492	0.536	0.192	-38.866
175	0.402	0.538	0.190	-15.842
165	0.766	0.542	0.186	-45.366
564	0.728	0.545	0.183	-9.596
113	1.545	0.546	0.182	-48.640
522	1.489	0.547	0.181	-22.828
119	1.405	0.556	0.173	-20.446
184	1.456	0.559	0.171	-65.689
329	1.271	0.559	0.171	-41.388
97	1.319	0.56	0.170	-30.041
149	1.373	0.561	0.169	-34.095
185	1.505	0.566	0.165	-44.692
224	0.708	0.569	0.162	-45.222
532	1.398	0.571	0.161	-11.438
362	1.347	0.571	0.161	-4.657
87	0.724	0.571	0.160	-56.475
308	1.289	0.583	0.151	-24.501
2	0.486	0.586	0.148	-36.407
470	0.663	0.59	0.145	-48.698
512	0.548	0.591	0.145	-14.958
187	0.656	0.592	0.144	-11.886
341	1.457	0.597	0.140	-8.719
560	1.317	0.597	0.139	-13.148
495	1.318	0.601	0.136	-24.543
197	1.552	0.611	0.129	-15.042
57	0.720	0.615	0.127	-8.741
121	1.341	0.616	0.125	-22.508
20	0.774	0.618	0.124	-26.704
204	8.243	0.618	0.124	-6.656
486	0.672	0.622	0.122	-20.794
370	1.595	0.622	0.122	-18.317
179	1.244	0.622	0.121	-81.927
88	1.219	0.626	0.119	-58.445
22	1.485	0.626	0.118	-10.105
553	0.717	0.63	0.116	-6.586
408	0.609	0.635	0.112	-32.059
536	0.694	0.636	0.112	-30.439
37	1.306	0.637	0.111	-41.175
43	3.170	0.64	0.110	-11.243
159	1.234	0.644	0.107	-44.916
33	1.678	0.645	0.106	-12.905
455	1.365	0.649	0.103	-20.797
313	1.295	0.652	0.102	-14.000
130	1.218	0.652	0.102	-55.417
255	1.473	0.653	0.101	-22.492
513	0.656	0.659	0.098	-16.602
454	0.828	0.659	0.097	-28.679
369	0.746	0.662	0.096	-14.370
261	1.453	0.663	0.095	-24.681
523	0.657	0.664	0.094	-13.072
418	1.233	0.664	0.094	-40.611
507	1.514	0.664	0.094	-53.170
565	1.322	0.665	0.094	-20.467
90	0.328	0.665	0.094	-55.005
391	1.225	0.668	0.092	-22.703
393	1.260	0.669	0.091	-9.359
265	1.300	0.671	0.090	-35.220
402	0.744	0.672	0.090	-6.521
89	0.470	0.673	0.089	-48.336
293	0.779	0.674	0.088	-47.351
448	1.263	0.674	0.088	-18.993
253	1.286	0.678	0.086	-20.224
383	0.743	0.679	0.086	-18.475
493	1.259	0.68	0.085	-18.716
139	1.377	0.685	0.082	-26.035
35	1.470	0.685	0.082	-14.327
327	1.283	0.685	0.082	-16.140
283	1.395	0.687	0.081	-43.441
239	1.121	0.687	0.081	-19.507
399	1.460	0.69	0.079	-12.517
443	1.424	0.691	0.079	-15.289
188	0.755	0.695	0.077	-12.052
115	1.292	0.698	0.075	-5.295
555	1.201	0.702	0.073	-28.479
29	1.448	0.702	0.073	-17.821
191	1.250	0.704	0.072	-36.700
71	0.688	0.706	0.071	-22.734
345	1.354	0.706	0.071	-34.504
194	1.203	0.707	0.071	-22.263
156	0.729	0.71	0.069	-50.894
521	0.814	0.71	0.069	-29.008
338	1.213	0.714	0.067	-30.171
386	1.435	0.717	0.065	-25.057
263	1.293	0.719	0.065	-9.866
304	1.183	0.72	0.064	-31.425
288	1.278	0.723	0.063	-56.414
332	1.349	0.726	0.061	-9.254
508	0.824	0.726	0.061	-18.208
432	0.781	0.727	0.061	-44.794
331	1.203	0.731	0.059	-25.279
237	1.232	0.736	0.057	-27.014
8	0.811	0.737	0.056	-30.141
21	0.853	0.74	0.055	-5.797
427	1.211	0.74	0.055	-16.663
61	1.237	0.747	0.052	-32.070
102	1.186	0.748	0.052	-43.231
274	0.663	0.748	0.052	-58.906
10	1.151	0.75	0.051	-39.416
406	1.192	0.753	0.049	-11.966
389	1.233	0.753	0.049	-22.383
421	0.861	0.756	0.048	-27.083
262	1.264	0.756	0.048	-9.729
122	0.845	0.762	0.046	-28.376
558	1.290	0.763	0.046	-18.107
9	1.234	0.764	0.045	-37.365
375	1.218	0.765	0.045	-19.015
164	0.845	0.772	0.042	-25.438
544	0.853	0.776	0.041	-7.453
546	0.752	0.783	0.038	-10.915
85	1.126	0.783	0.038	-24.036
472	1.255	0.785	0.037	-4.698
82	1.150	0.789	0.036	-16.572
11	1.287	0.791	0.035	-35.779
31	1.161	0.795	0.034	-10.124
17	0.879	0.798	0.033	-26.627
504	1.256	0.804	0.031	-18.503
562	1.233	0.804	0.031	-18.321
96	1.130	0.807	0.030	-19.411
46	1.152	0.811	0.029	-10.284
123	1.241	0.812	0.028	-22.270
234	1.240	0.813	0.028	-19.285
480	0.850	0.818	0.026	-10.341
177	0.838	0.821	0.026	-29.474
32	0.885	0.823	0.025	-21.550
340	0.874	0.826	0.024	-32.147
377	0.910	0.829	0.023	-13.988
441	1.113	0.829	0.023	-35.579
442	1.120	0.829	0.023	-30.297
277	0.653	0.83	0.023	-62.329
517	0.870	0.831	0.023	-6.917
510	1.194	0.835	0.022	-33.589
172	0.932	0.836	0.021	-55.983
162	1.129	0.839	0.021	-33.610
128	0.851	0.84	0.020	-23.923
249	1.137	0.848	0.018	-24.368
463	0.907	0.849	0.018	-19.043
167	0.909	0.849	0.018	-47.406
318	0.855	0.85	0.018	-15.141
349	0.894	0.852	0.017	-5.867
181	0.937	0.854	0.017	-12.097
540	1.160	0.856	0.017	-25.227
101	1.117	0.856	0.016	-36.522
100	1.140	0.856	0.016	-33.562
309	1.096	0.857	0.016	-13.109
488	0.886	0.862	0.015	-19.855
199	0.912	0.862	0.015	-60.935
254	0.874	0.864	0.015	-13.515
192	0.907	0.866	0.014	-32.663
547	0.899	0.866	0.014	-8.702
297	1.148	0.868	0.014	-9.366
248	0.893	0.874	0.013	-21.746
425	1.110	0.875	0.012	-33.594
561	0.907	0.876	0.012	-14.269
246	1.086	0.877	0.012	-18.963
533	1.123	0.878	0.012	-13.509
397	1.122	0.879	0.012	-12.990
451	1.127	0.879	0.012	-26.279
422	0.903	0.88	0.011	-35.104
176	1.081	0.881	0.011	-67.506
227	1.109	0.881	0.011	-40.978
136	1.158	0.881	0.011	-31.809
74	0.930	0.882	0.011	-22.738
124	0.899	0.887	0.010	-23.994
52	0.879	0.887	0.010	-38.816
230	1.116	0.893	0.009	-5.645
41	1.059	0.901	0.008	-24.986
542	0.930	0.903	0.007	-25.987
312	0.917	0.909	0.007	-13.793
549	0.926	0.911	0.006	-11.595
91	1.092	0.915	0.006	-49.761
200	0.952	0.92	0.005	-28.422
457	0.951	0.924	0.005	-16.674
559	1.070	0.926	0.004	-27.181
524	1.071	0.928	0.004	-17.445
466	0.940	0.929	0.004	-16.704
169	1.065	0.93	0.004	-49.808
163	0.968	0.932	0.004	-27.140
232	1.045	0.933	0.004	-68.511
434	0.962	0.934	0.003	-23.446
366	1.063	0.936	0.003	-6.545
474	1.045	0.937	0.003	-36.340
339	0.962	0.943	0.003	-28.192
30	1.039	0.944	0.002	-19.035
468	0.954	0.946	0.002	-19.918
245	1.030	0.951	0.002	-7.764
326	1.081	0.951	0.002	-60.089
503	1.028	0.954	0.002	-42.293
371	1.026	0.958	0.001	-7.504
411	0.967	0.959	0.001	-16.853
361	1.035	0.968	0.001	-38.914
287	0.973	0.971	0.001	-59.926
462	0.981	0.974	0.001	-8.929
315	0.976	0.975	0.000	-15.775
7	1.023	0.975	0.000	-38.814
25	1.035	0.975	0.000	-6.511
205	1.012	0.984	0.000	-48.903
111	0.987	0.986	0.000	-29.672
278	1.013	0.988	0.000	-53.956
133	0.992	0.991	0.000	-11.503
353	1.005	0.993	0.000	-16.879