# Stringency fit to each site after fixing tree and and all other parameters.
# Fits compared to null model of stringency = 1.110 (the overall gene value).
# P-values NOT corrected for multiple testing.
# The stringency ratio is the ratio of the fitted value to the null (overall gene value).
#
# site	stringency_ratio	P	dLnL	LnL_fixed
78	0.090	6.44e-06	10.176	-84.688
415	0.090	0.000554	5.963	-38.994
342	0.090	0.00093	5.481	-30.919
6	0.247	0.000954	5.458	-41.029
75	0.090	0.0021	4.728	-29.550
240	0.090	0.00243	4.595	-65.989
398	0.090	0.00277	4.476	-54.359
24	9.012	0.00289	4.437	-31.725
36	0.315	0.00347	4.271	-37.832
162	0.090	0.00374	4.202	-39.648
396	9.012	0.00376	4.199	-29.766
514	0.179	0.00479	3.978	-45.161
238	0.090	0.00519	3.906	-98.670
15	0.090	0.00594	3.784	-27.641
402	9.012	0.00697	3.640	-3.998
59	9.012	0.00725	3.604	-19.963
211	0.131	0.00782	3.538	-47.988
553	9.012	0.00892	3.419	-4.391
292	9.012	0.00937	3.375	-44.007
430	8.176	0.00946	3.367	-52.052
38	6.374	0.0103	3.288	-28.235
494	9.012	0.0106	3.262	-17.905
354	6.870	0.0108	3.246	-33.615
239	9.012	0.012	3.159	-19.612
63	9.012	0.0123	3.135	-31.035
56	5.491	0.0126	3.114	-42.369
199	0.283	0.0136	3.047	-64.922
454	8.106	0.0146	2.981	-25.536
150	0.090	0.015	2.959	-62.703
4	0.090	0.0157	2.921	-64.606
68	0.090	0.0162	2.891	-30.364
507	0.090	0.0175	2.823	-56.631
497	0.090	0.0178	2.810	-14.824
223	0.090	0.0192	2.742	-45.028
347	6.786	0.0195	2.726	-29.516
408	0.415	0.0199	2.711	-34.301
492	9.012	0.0201	2.702	-2.703
152	9.012	0.0206	2.680	-19.939
443	0.303	0.0208	2.670	-19.369
28	6.900	0.0234	2.569	-32.420
255	0.090	0.0235	2.565	-25.960
335	9.012	0.0247	2.521	-33.169
505	9.012	0.0249	2.515	-19.476
555	9.012	0.0256	2.493	-27.346
155	0.090	0.0265	2.461	-71.170
169	0.090	0.0265	2.460	-53.488
471	9.012	0.0271	2.443	-19.945
258	9.012	0.0287	2.393	-18.757
455	9.012	0.0288	2.391	-18.890
148	4.625	0.0293	2.374	-47.657
324	9.012	0.0294	2.373	-43.134
421	9.012	0.0303	2.345	-26.893
515	0.438	0.0309	2.329	-52.894
112	0.261	0.0321	2.295	-18.791
337	0.090	0.0328	2.279	-42.664
452	9.012	0.0335	2.259	-13.598
202	0.090	0.0344	2.237	-92.970
103	0.090	0.0348	2.228	-46.478
326	2.334	0.035	2.223	-57.901
367	3.039	0.0353	2.216	-23.737
299	0.090	0.0357	2.206	-75.721
364	9.012	0.0367	2.183	-2.210
378	9.012	0.0372	2.171	-22.038
323	0.428	0.0374	2.167	-33.579
218	0.153	0.0383	2.146	-39.356
209	0.090	0.0387	2.136	-49.628
145	1.472	0.0393	2.124	-152.333
359	9.012	0.0399	2.111	-21.144
243	2.082	0.0409	2.090	-26.211
275	9.012	0.041	2.089	-17.492
459	3.084	0.0419	2.069	-35.743
435	9.012	0.0425	2.057	-2.057
114	2.625	0.0451	2.007	-42.950
310	7.904	0.0473	1.968	-23.962
224	0.090	0.0473	1.967	-48.007
290	0.219	0.0476	1.962	-30.545
417	9.012	0.0492	1.934	-19.060
233	9.012	0.0505	1.913	-14.661
453	2.453	0.051	1.904	-39.476
128	0.090	0.0514	1.898	-26.704
356	9.012	0.052	1.887	-31.044
110	8.214	0.0524	1.882	-30.973
120	9.012	0.0545	1.849	-18.887
77	9.012	0.055	1.841	-1.841
221	0.090	0.0551	1.839	-54.535
519	9.012	0.0565	1.819	-24.319
16	0.333	0.0574	1.806	-51.302
477	9.012	0.0584	1.790	-22.805
140	9.012	0.0596	1.774	-2.015
395	9.012	0.0598	1.772	-16.261
376	9.012	0.0606	1.761	-25.493
142	1.531	0.0621	1.740	-54.152
134	9.012	0.0643	1.711	-21.150
552	9.012	0.0644	1.710	-2.977
208	5.893	0.068	1.666	-25.632
2	0.090	0.0686	1.658	-38.023
91	0.090	0.0699	1.643	-52.167
565	5.087	0.0707	1.633	-20.231
487	9.012	0.0708	1.632	-11.567
105	8.826	0.0714	1.625	-23.214
357	7.658	0.0745	1.590	-1.590
117	9.012	0.0754	1.581	-23.241
132	9.012	0.0758	1.576	-17.666
479	3.261	0.0762	1.572	-39.745
536	0.366	0.0778	1.555	-32.282
47	9.012	0.0783	1.549	-21.927
81	9.012	0.0784	1.548	-18.881
271	1.885	0.0788	1.545	-27.938
521	0.335	0.0831	1.502	-31.425
424	2.791	0.0843	1.490	-27.076
174	9.012	0.0845	1.488	-22.095
215	9.012	0.0858	1.476	-25.758
284	9.012	0.0888	1.448	-24.942
394	9.012	0.0891	1.446	-19.842
301	9.012	0.0891	1.445	-23.288
287	0.090	0.0893	1.444	-62.276
121	4.077	0.0905	1.433	-21.441
106	0.371	0.0911	1.428	-49.703
231	0.150	0.0955	1.390	-39.108
483	9.012	0.0963	1.382	-13.539
363	7.494	0.0965	1.382	-28.903
278	0.090	0.0969	1.378	-55.872
352	7.304	0.0971	1.376	-15.731
11	0.168	0.1	1.350	-37.824
351	6.699	0.101	1.345	-32.796
350	9.012	0.102	1.337	-19.005
345	9.012	0.102	1.336	-34.274
98	9.012	0.103	1.332	-16.244
257	0.095	0.105	1.317	-30.986
14	0.294	0.105	1.311	-48.004
137	0.287	0.106	1.306	-59.356
431	6.888	0.106	1.305	-14.214
388	9.012	0.106	1.303	-20.082
13	0.503	0.108	1.289	-55.654
72	6.981	0.109	1.282	-16.500
379	6.537	0.11	1.278	-42.677
158	0.428	0.11	1.274	-55.256
480	3.891	0.111	1.272	-8.409
147	9.012	0.112	1.266	-21.768
416	2.364	0.112	1.261	-49.809
201	0.090	0.113	1.258	-55.675
313	9.012	0.114	1.248	-14.457
466	0.421	0.115	1.243	-18.816
19	0.296	0.115	1.239	-9.019
502	3.269	0.116	1.235	-30.092
469	9.012	0.116	1.233	-33.331
380	7.221	0.117	1.226	-16.673
48	3.115	0.118	1.225	-16.662
18	2.984	0.118	1.222	-9.178
528	0.305	0.118	1.220	-19.070
413	9.012	0.119	1.219	-14.306
341	9.012	0.119	1.218	-8.214
426	9.012	0.12	1.212	-20.405
390	0.225	0.121	1.203	-53.240
306	2.600	0.123	1.192	-39.211
40	9.012	0.124	1.185	-16.086
23	8.060	0.124	1.185	-24.100
336	8.448	0.124	1.182	-17.655
43	9.012	0.125	1.179	-9.597
232	0.090	0.126	1.173	-70.190
296	7.898	0.126	1.169	-21.641
314	0.090	0.127	1.163	-44.847
520	0.090	0.127	1.162	-22.732
26	0.532	0.128	1.159	-31.616
489	0.559	0.128	1.159	-34.487
355	8.765	0.128	1.156	-24.444
69	9.012	0.131	1.143	-34.947
173	0.281	0.131	1.142	-25.493
116	2.747	0.132	1.135	-28.720
436	9.012	0.133	1.130	-21.071
482	2.837	0.134	1.125	-19.738
298	7.941	0.135	1.117	-21.888
227	0.460	0.138	1.103	-42.437
289	0.090	0.142	1.080	-62.110
31	2.524	0.143	1.071	-10.228
281	3.877	0.144	1.067	-22.856
73	4.009	0.145	1.064	-31.012
222	9.012	0.148	1.049	-15.133
383	9.012	0.148	1.047	-16.072
58	9.012	0.15	1.037	-32.227
372	1.781	0.15	1.036	-50.089
533	2.332	0.152	1.027	-11.297
439	0.451	0.152	1.026	-14.177
76	9.012	0.153	1.019	-20.040
99	0.110	0.155	1.013	-36.221
86	0.090	0.155	1.013	-61.001
317	6.800	0.158	0.999	-23.093
212	0.408	0.158	0.998	-21.114
537	3.031	0.16	0.988	-7.473
334	9.012	0.16	0.986	-30.204
346	2.768	0.163	0.975	-10.159
57	9.012	0.163	0.974	-7.437
307	6.790	0.168	0.951	-21.206
311	6.565	0.168	0.948	-29.161
84	2.661	0.169	0.944	-9.330
464	4.054	0.175	0.921	-18.792
32	9.012	0.175	0.918	-19.898
217	7.773	0.177	0.910	-20.044
423	9.012	0.182	0.889	-29.418
67	9.012	0.183	0.885	-30.300
316	9.012	0.184	0.882	-12.846
100	0.374	0.184	0.882	-35.163
442	9.012	0.185	0.878	-29.461
175	0.299	0.186	0.875	-16.222
247	6.395	0.187	0.872	-0.872
385	9.012	0.187	0.871	-15.882
85	1.950	0.188	0.865	-23.323
241	7.421	0.189	0.863	-20.425
403	2.443	0.19	0.861	-10.161
259	9.012	0.197	0.831	-12.819
71	0.318	0.198	0.830	-23.707
53	0.448	0.198	0.828	-41.643
260	9.012	0.2	0.821	-10.857
267	9.012	0.202	0.814	-13.087
131	1.890	0.203	0.810	-12.653
220	0.171	0.204	0.807	-9.143
146	1.511	0.205	0.803	-106.865
325	7.306	0.205	0.803	-11.060
166	3.022	0.208	0.791	-14.321
45	2.650	0.21	0.786	-16.249
500	2.139	0.211	0.782	-9.299
434	3.087	0.212	0.780	-22.961
180	2.841	0.212	0.779	-27.544
49	9.012	0.215	0.768	-24.815
440	8.790	0.215	0.768	-10.162
79	9.012	0.217	0.762	-31.113
251	0.090	0.218	0.759	-32.284
518	0.329	0.219	0.756	-25.771
558	0.492	0.219	0.756	-20.495
319	1.675	0.222	0.746	-12.067
122	9.012	0.222	0.745	-27.151
3	0.415	0.224	0.740	-21.510
216	2.535	0.227	0.730	-22.956
409	2.853	0.228	0.728	-22.580
559	7.774	0.229	0.724	-26.198
123	0.438	0.231	0.718	-23.705
419	2.600	0.233	0.711	-17.114
242	7.221	0.236	0.703	-15.135
29	9.012	0.237	0.700	-17.119
329	1.741	0.238	0.696	-41.403
82	8.297	0.24	0.689	-15.592
27	9.012	0.241	0.687	-10.989
564	1.709	0.242	0.685	-7.397
513	2.944	0.242	0.684	-13.914
391	5.301	0.246	0.674	-22.615
328	9.012	0.246	0.672	-32.057
285	0.282	0.249	0.664	-27.776
207	0.579	0.25	0.661	-34.817
252	2.499	0.251	0.659	-19.735
478	1.935	0.255	0.648	-32.309
268	1.766	0.255	0.647	-67.857
276	0.090	0.256	0.644	-61.356
291	1.802	0.262	0.629	-11.735
432	0.433	0.263	0.627	-45.785
187	0.370	0.266	0.619	-12.791
190	9.012	0.268	0.614	-13.958
41	1.788	0.271	0.606	-24.426
393	3.552	0.272	0.604	-9.893
495	2.041	0.272	0.603	-24.420
50	2.278	0.273	0.602	-29.256
549	0.433	0.273	0.600	-13.149
491	1.526	0.276	0.593	-12.054
437	1.623	0.276	0.592	-10.801
61	4.247	0.278	0.589	-31.661
481	4.208	0.278	0.588	-6.541
183	6.386	0.279	0.585	-15.829
286	0.421	0.281	0.581	-41.436
273	2.399	0.281	0.580	-45.638
198	9.012	0.285	0.573	-14.711
30	8.990	0.285	0.572	-17.527
525	0.536	0.287	0.567	-45.240
130	0.512	0.287	0.566	-57.924
164	3.280	0.289	0.563	-24.352
527	4.200	0.289	0.563	-11.329
330	1.548	0.29	0.560	-8.418
530	9.008	0.291	0.557	-31.329
438	1.650	0.295	0.549	-20.304
90	0.495	0.295	0.548	-55.173
512	0.535	0.297	0.544	-14.842
563	4.353	0.299	0.538	-3.366
374	8.754	0.304	0.529	-10.909
8	0.417	0.307	0.521	-31.645
94	5.171	0.311	0.514	-20.071
65	2.036	0.311	0.513	-27.158
529	0.491	0.313	0.510	-19.279
410	0.447	0.313	0.509	-21.179
418	1.656	0.314	0.506	-39.969
446	3.370	0.321	0.492	-9.191
25	2.605	0.324	0.487	-5.344
450	8.507	0.325	0.484	-12.642
456	0.424	0.325	0.483	-34.328
538	2.457	0.326	0.482	-8.559
447	9.012	0.329	0.477	-12.446
214	0.554	0.329	0.476	-7.096
113	0.620	0.33	0.475	-49.298
184	0.579	0.333	0.469	-67.226
541	0.572	0.333	0.469	-20.946
34	1.633	0.333	0.468	-11.098
344	2.381	0.334	0.466	-10.424
449	1.697	0.335	0.464	-18.953
444	6.265	0.336	0.464	-28.214
153	0.469	0.337	0.461	-39.144
200	0.580	0.339	0.456	-30.011
389	0.424	0.342	0.451	-24.427
133	6.201	0.343	0.449	-10.223
42	0.441	0.349	0.439	-23.822
516	2.384	0.35	0.436	-13.848
74	1.994	0.353	0.432	-22.928
509	0.512	0.358	0.423	-15.140
327	0.619	0.358	0.422	-17.287
136	1.951	0.359	0.421	-30.997
358	0.488	0.359	0.420	-19.224
496	1.738	0.36	0.420	-25.877
111	0.463	0.362	0.416	-30.791
544	2.272	0.362	0.415	-6.935
178	0.624	0.362	0.415	-63.502
104	0.583	0.365	0.411	-6.773
109	5.820	0.365	0.410	-8.076
12	0.550	0.365	0.409	-37.660
320	5.648	0.367	0.407	-11.761
412	0.465	0.367	0.407	-15.575
280	1.571	0.368	0.405	-27.170
196	5.549	0.372	0.399	-14.024
384	8.204	0.372	0.399	-7.597
343	0.614	0.375	0.394	-25.325
279	0.572	0.378	0.389	-19.814
295	1.469	0.378	0.389	-10.865
332	9.012	0.38	0.386	-9.518
54	0.574	0.38	0.385	-15.086
473	0.673	0.38	0.385	-19.070
250	0.659	0.382	0.382	-56.922
272	0.493	0.386	0.376	-15.152
405	2.298	0.389	0.371	-13.680
254	0.480	0.391	0.368	-14.645
108	1.506	0.395	0.361	-11.995
548	9.011	0.397	0.358	-9.165
35	6.536	0.401	0.353	-13.526
203	1.325	0.401	0.353	-81.521
428	1.712	0.405	0.347	-4.965
562	0.599	0.406	0.345	-19.098
80	5.674	0.41	0.339	-15.721
151	1.806	0.411	0.337	-39.190
561	1.577	0.412	0.337	-12.519
401	2.619	0.413	0.335	-20.483
542	0.516	0.415	0.333	-27.611
312	1.880	0.415	0.333	-12.265
205	0.595	0.416	0.331	-50.117
118	7.395	0.421	0.324	-27.093
331	1.685	0.422	0.323	-24.058
210	0.552	0.422	0.322	-28.224
557	6.269	0.424	0.320	-15.502
368	1.557	0.427	0.316	-22.762
523	0.539	0.429	0.313	-13.241
540	2.154	0.43	0.312	-24.763
248	1.914	0.433	0.308	-21.189
294	1.359	0.435	0.305	-67.955
475	1.626	0.436	0.303	-4.579
448	0.600	0.437	0.302	-20.754
282	1.509	0.439	0.300	-25.185
5	0.592	0.44	0.299	-33.984
386	0.180	0.441	0.297	-26.441
547	3.432	0.443	0.295	-8.656
404	0.451	0.445	0.291	-43.133
305	0.540	0.447	0.289	-29.331
270	1.788	0.453	0.282	-19.486
96	2.377	0.453	0.281	-19.408
37	1.685	0.456	0.278	-41.932
189	0.613	0.457	0.276	-16.510
229	2.332	0.46	0.273	-5.928
129	1.509	0.462	0.271	-11.978
366	9.012	0.462	0.271	-6.191
488	1.720	0.472	0.259	-19.354
300	1.736	0.472	0.258	-9.011
185	1.687	0.481	0.249	-45.147
170	0.531	0.482	0.248	-60.268
191	1.524	0.482	0.248	-37.031
534	0.628	0.482	0.248	-7.613
485	1.380	0.483	0.246	-4.854
181	9.012	0.486	0.242	-11.123
228	1.507	0.487	0.242	-19.484
125	0.694	0.487	0.241	-30.079
97	0.725	0.489	0.239	-32.072
33	2.359	0.493	0.235	-13.411
373	1.503	0.498	0.230	-13.993
20	1.400	0.502	0.226	-25.194
102	1.552	0.502	0.226	-43.141
9	0.689	0.504	0.224	-37.863
160	1.240	0.504	0.223	-27.776
95	1.436	0.506	0.221	-14.566
234	2.156	0.508	0.219	-18.630
560	0.629	0.509	0.218	-15.009
115	1.856	0.51	0.217	-5.559
253	0.659	0.511	0.216	-21.450
322	1.292	0.511	0.216	-20.636
7	0.690	0.517	0.210	-39.312
406	1.872	0.518	0.209	-12.213
486	1.759	0.518	0.209	-19.874
531	1.380	0.521	0.206	-8.113
484	1.218	0.522	0.205	-25.006
360	1.423	0.526	0.201	-10.203
499	0.622	0.526	0.201	-8.107
167	0.736	0.528	0.199	-48.090
274	0.679	0.536	0.192	-58.752
219	0.690	0.545	0.183	-34.474
467	0.354	0.547	0.181	-50.587
411	0.657	0.547	0.181	-17.648
135	0.666	0.548	0.180	-9.457
458	1.579	0.548	0.180	-19.720
154	0.672	0.554	0.175	-42.957
304	0.742	0.554	0.175	-32.911
365	1.354	0.556	0.173	-10.967
526	1.512	0.556	0.173	-37.684
245	1.317	0.56	0.170	-7.876
119	0.750	0.564	0.167	-21.396
92	0.540	0.565	0.166	-16.401
193	1.395	0.565	0.165	-1.955
362	1.303	0.582	0.152	-4.551
524	0.600	0.583	0.151	-18.445
433	1.287	0.584	0.150	-23.547
262	5.648	0.584	0.150	-9.785
197	0.696	0.588	0.147	-15.803
461	0.745	0.59	0.145	-49.081
387	1.511	0.592	0.143	-17.264
400	0.735	0.597	0.140	-9.752
545	1.748	0.598	0.139	-10.891
172	0.804	0.6	0.137	-56.887
371	1.457	0.602	0.136	-7.901
263	6.019	0.604	0.134	-9.963
463	1.372	0.606	0.133	-18.403
52	0.689	0.606	0.133	-38.575
70	1.419	0.607	0.133	-23.837
303	0.706	0.609	0.131	-6.970
261	0.736	0.611	0.129	-25.657
511	0.707	0.612	0.129	-32.987
490	0.659	0.617	0.125	-38.337
206	1.344	0.623	0.121	-68.644
195	0.775	0.624	0.120	-34.991
60	1.339	0.634	0.114	-45.218
392	1.506	0.634	0.114	-14.098
62	1.401	0.636	0.112	-49.357
397	0.769	0.645	0.106	-13.777
51	1.379	0.649	0.104	-9.471
139	1.368	0.652	0.102	-25.568
165	0.751	0.652	0.101	-45.826
422	1.295	0.662	0.095	-34.403
535	1.294	0.662	0.095	-29.137
333	1.382	0.664	0.094	-8.907
64	0.780	0.665	0.094	-44.087
407	0.750	0.665	0.094	-29.981
236	0.768	0.669	0.092	-35.266
476	1.386	0.67	0.091	-33.944
226	1.318	0.671	0.090	-10.557
539	1.376	0.672	0.089	-19.313
414	1.298	0.672	0.089	-28.913
508	1.295	0.673	0.089	-17.110
177	0.758	0.675	0.088	-29.569
230	0.730	0.68	0.085	-6.097
551	1.314	0.683	0.083	-23.027
470	1.266	0.687	0.081	-47.515
338	0.822	0.688	0.081	-30.865
44	1.434	0.692	0.079	-5.017
546	5.146	0.694	0.077	-9.593
237	1.318	0.695	0.077	-27.965
348	1.251	0.696	0.076	-14.256
462	1.231	0.699	0.075	-7.923
89	0.646	0.701	0.074	-48.159
157	0.797	0.705	0.071	-55.974
445	0.759	0.71	0.069	-16.845
361	1.254	0.712	0.068	-38.095
369	1.187	0.712	0.068	-12.611
554	1.191	0.727	0.061	-18.393
93	0.843	0.731	0.059	-3.861
107	1.131	0.739	0.055	-7.580
66	1.323	0.742	0.054	-5.093
349	0.749	0.746	0.053	-6.506
315	1.231	0.747	0.052	-15.093
550	0.859	0.753	0.050	-35.005
472	0.828	0.756	0.048	-4.944
266	1.094	0.76	0.047	-49.585
21	1.129	0.765	0.045	-4.505
138	0.839	0.767	0.044	-66.073
126	0.782	0.77	0.043	-24.576
141	1.206	0.772	0.042	-12.724
179	0.896	0.772	0.042	-81.612
39	1.251	0.776	0.040	-16.057
161	0.875	0.78	0.039	-20.719
265	1.177	0.781	0.039	-34.146
457	0.850	0.781	0.039	-17.145
283	1.195	0.785	0.037	-43.044
318	0.743	0.79	0.036	-15.743
498	1.184	0.79	0.035	-21.543
176	1.141	0.791	0.035	-67.657
501	0.867	0.794	0.034	-25.501
149	1.137	0.798	0.033	-34.525
159	1.109	0.802	0.032	-45.102
353	0.846	0.802	0.032	-17.377
163	0.893	0.804	0.031	-27.979
297	0.833	0.805	0.031	-10.019
225	0.865	0.808	0.029	-43.629
235	0.757	0.808	0.029	-40.094
339	1.209	0.817	0.027	-28.714
293	1.141	0.817	0.027	-46.255
269	0.906	0.818	0.027	-35.465
382	0.865	0.82	0.026	-22.899
156	0.890	0.821	0.026	-49.568
308	1.080	0.821	0.026	-23.790
10	0.885	0.824	0.025	-41.188
370	0.778	0.827	0.024	-19.262
127	0.883	0.83	0.023	-17.131
144	0.946	0.835	0.022	-124.538
451	1.222	0.837	0.021	-26.678
302	1.142	0.842	0.020	-10.633
264	1.122	0.844	0.019	-24.517
186	1.057	0.845	0.019	-65.312
532	0.893	0.846	0.019	-12.229
556	1.146	0.848	0.018	-5.606
504	1.144	0.849	0.018	-18.358
510	1.145	0.852	0.018	-33.433
427	1.138	0.854	0.017	-17.222
309	0.920	0.854	0.017	-12.926
46	1.170	0.858	0.016	-11.389
460	1.085	0.86	0.016	-46.954
182	0.881	0.865	0.014	-39.347
124	0.889	0.866	0.014	-23.873
246	1.107	0.867	0.014	-19.425
465	0.911	0.869	0.014	-32.930
22	1.111	0.87	0.013	-10.150
340	1.149	0.871	0.013	-32.452
543	1.093	0.873	0.013	-48.671
441	1.104	0.873	0.013	-36.151
83	0.899	0.874	0.013	-25.150
503	0.888	0.874	0.013	-43.066
87	0.922	0.876	0.012	-55.627
249	1.127	0.878	0.012	-24.646
277	1.204	0.88	0.011	-62.191
194	0.939	0.883	0.011	-23.253
143	0.931	0.883	0.011	-13.293
493	0.915	0.886	0.010	-19.265
468	1.095	0.887	0.010	-18.999
256	0.856	0.895	0.009	-5.009
506	0.898	0.895	0.009	-21.068
517	1.095	0.901	0.008	-6.759
244	0.910	0.903	0.007	-12.747
171	1.038	0.903	0.007	-70.313
55	0.960	0.904	0.007	-31.100
425	1.079	0.905	0.007	-33.431
429	1.081	0.909	0.007	-6.413
381	1.090	0.913	0.006	-35.011
474	0.944	0.914	0.006	-36.058
192	1.064	0.921	0.005	-31.724
101	0.946	0.921	0.005	-36.717
522	0.935	0.921	0.005	-23.504
377	1.057	0.922	0.005	-12.480
188	1.062	0.926	0.004	-10.966
204	1.066	0.926	0.004	-6.407
420	1.053	0.931	0.004	-8.960
88	1.034	0.941	0.003	-59.144
375	0.958	0.953	0.002	-19.252
321	1.026	0.972	0.001	-25.331
168	1.014	0.976	0.000	-55.722
213	1.015	0.984	0.000	-28.117
399	0.994	0.989	0.000	-11.664
17	0.994	0.99	0.000	-26.026
288	1.005	0.994	0.000	-56.974