# Omega fit to each site after fixing tree and and all other parameters.
# Not using '--omegabysite_fixsyn', so we fit a synonymous rate for each site. This means we compare fitting omega and a synonymous rate to fitting just a synonymous rate.
# Fits compared to null model of omega = 1.000; P-values NOT corrected for multiple testing.
#
# site	omega	P	dLnL
148	0.001	1.57e-07	13.753
474	0.001	3.52e-06	10.755
342	0.001	2.5e-05	8.884
507	0.075	0.000155	7.156
502	0.001	0.000522	6.017
75	0.001	0.000582	5.916
191	0.001	0.00073	5.706
518	0.001	0.00105	5.370
520	0.001	0.0011	5.326
215	0.001	0.00118	5.263
510	0.061	0.00136	5.129
170	0.137	0.00155	5.009
479	0.001	0.00156	5.005
306	0.001	0.00168	4.936
128	0.036	0.00177	4.887
237	0.001	0.0018	4.873
305	0.001	0.00186	4.843
368	0.001	0.00193	4.805
551	0.001	0.002	4.776
161	99.000	0.002	4.773
38	0.001	0.00203	4.760
389	0.050	0.00208	4.741
56	0.001	0.00214	4.715
347	0.001	0.00238	4.616
258	0.001	0.00246	4.584
10	0.089	0.00257	4.545
321	0.001	0.00271	4.495
37	0.001	0.0028	4.465
482	0.001	0.00309	4.378
555	0.001	0.0036	4.239
504	0.001	0.00364	4.228
42	0.001	0.00445	4.044
268	0.168	0.00446	4.042
410	0.001	0.0045	4.035
235	0.118	0.00486	3.966
339	0.001	0.00486	3.966
430	0.001	0.00526	3.893
185	0.129	0.00565	3.830
65	0.001	0.00604	3.770
493	0.001	0.00653	3.699
456	0.088	0.00818	3.497
515	0.185	0.00848	3.464
468	0.001	0.00894	3.417
407	0.001	0.0091	3.402
282	0.001	0.00967	3.347
231	0.080	0.00982	3.334
273	0.140	0.00991	3.326
175	0.001	0.0101	3.312
494	0.001	0.0103	3.292
151	12.774	0.0103	3.289
486	0.001	0.0104	3.285
550	0.099	0.0105	3.272
150	6.394	0.0116	3.189
145	0.317	0.0121	3.151
372	0.204	0.0122	3.137
180	0.001	0.0129	3.092
401	0.001	0.0131	3.076
512	0.001	0.0133	3.066
427	0.001	0.0146	2.983
172	0.208	0.0148	2.967
394	0.001	0.015	2.956
236	0.097	0.0152	2.948
334	0.001	0.0154	2.933
438	0.001	0.0169	2.851
285	0.106	0.0171	2.841
396	0.001	0.0173	2.833
110	0.001	0.0177	2.813
116	0.001	0.019	2.749
276	0.233	0.0193	2.735
511	0.001	0.022	2.624
127	0.001	0.0223	2.610
209	0.206	0.0225	2.605
508	0.001	0.0228	2.591
434	99.000	0.0232	2.577
337	0.177	0.0243	2.538
477	0.001	0.0246	2.527
52	99.000	0.0251	2.508
521	0.001	0.0252	2.506
184	0.248	0.0252	2.504
139	0.001	0.0261	2.476
536	99.000	0.0263	2.467
541	0.001	0.0269	2.450
48	0.001	0.0293	2.376
81	0.001	0.0303	2.345
228	0.001	0.0305	2.341
554	0.001	0.032	2.299
471	0.001	0.0327	2.281
248	0.001	0.033	2.272
453	0.141	0.0337	2.256
112	0.001	0.0339	2.250
47	0.001	0.0348	2.227
239	0.001	0.0357	2.206
216	0.111	0.0377	2.160
343	0.001	0.0386	2.138
24	0.001	0.0392	2.126
501	0.129	0.0395	2.119
442	0.001	0.0398	2.113
354	0.001	0.0414	2.079
218	0.183	0.0424	2.060
455	0.001	0.0426	2.056
288	0.266	0.0426	2.055
278	0.271	0.0435	2.037
370	0.001	0.0437	2.034
168	0.280	0.0441	2.027
197	0.001	0.0455	2.000
310	0.001	0.0458	1.994
484	0.001	0.0472	1.969
565	0.001	0.0483	1.951
390	0.235	0.0503	1.916
519	0.001	0.0507	1.909
535	0.001	0.0509	1.907
424	0.001	0.0524	1.882
132	0.001	0.0545	1.848
543	0.185	0.0557	1.830
63	0.001	0.056	1.826
513	0.001	0.0573	1.807
271	0.001	0.0585	1.789
461	7.549	0.0597	1.772
463	0.001	0.06	1.768
322	0.001	0.0606	1.761
382	0.155	0.0608	1.758
405	0.001	0.061	1.755
498	0.001	0.0624	1.736
412	0.001	0.0631	1.727
5	5.691	0.0656	1.695
182	0.213	0.066	1.690
378	0.001	0.0692	1.651
416	0.001	0.0704	1.637
505	0.001	0.0711	1.629
454	0.001	0.0715	1.624
174	0.001	0.073	1.607
11	99.000	0.0734	1.603
409	0.001	0.0734	1.603
234	0.001	0.0737	1.600
241	0.001	0.0808	1.524
356	0.001	0.0814	1.518
212	0.125	0.0819	1.513
252	0.001	0.0858	1.475
60	4.983	0.0869	1.466
460	0.297	0.0873	1.461
540	0.001	0.0882	1.453
123	0.131	0.0884	1.451
289	0.334	0.089	1.447
313	0.001	0.0898	1.439
292	0.292	0.09	1.437
376	0.001	0.0902	1.435
279	0.001	0.0914	1.425
433	0.182	0.0919	1.420
147	0.001	0.0949	1.395
431	0.001	0.0969	1.378
395	0.001	0.0969	1.378
403	0.001	0.0975	1.373
94	0.001	0.0986	1.364
183	0.001	0.0989	1.362
452	0.001	0.0991	1.360
129	0.001	0.101	1.346
28	0.001	0.102	1.340
142	3.039	0.102	1.336
26	0.001	0.102	1.336
561	0.001	0.106	1.307
281	0.001	0.106	1.304
527	0.001	0.107	1.303
92	0.001	0.107	1.296
326	0.348	0.108	1.294
4	99.000	0.108	1.293
388	0.001	0.109	1.287
40	0.001	0.112	1.261
549	99.000	0.112	1.260
379	0.001	0.113	1.259
222	0.001	0.114	1.246
117	0.001	0.115	1.245
59	0.001	0.116	1.237
323	0.001	0.116	1.233
100	0.267	0.12	1.208
199	0.399	0.121	1.200
335	0.001	0.123	1.188
242	0.001	0.124	1.181
369	0.001	0.125	1.178
233	0.001	0.126	1.171
196	0.001	0.127	1.165
406	0.001	0.127	1.164
101	0.274	0.131	1.142
522	0.195	0.131	1.141
363	0.001	0.135	1.114
367	0.001	0.137	1.105
466	99.000	0.137	1.105
226	0.001	0.138	1.101
152	0.001	0.138	1.097
277	3.781	0.139	1.093
558	0.001	0.14	1.088
98	0.001	0.14	1.087
538	0.001	0.143	1.072
54	0.001	0.143	1.071
105	0.001	0.145	1.062
189	0.001	0.146	1.055
61	0.001	0.148	1.044
243	0.215	0.151	1.033
136	0.244	0.151	1.029
503	0.315	0.154	1.018
134	0.001	0.155	1.013
526	0.300	0.155	1.013
187	0.001	0.155	1.012
122	0.001	0.155	1.012
301	0.001	0.155	1.011
27	0.001	0.155	1.010
73	0.298	0.157	1.001
383	0.001	0.157	1.000
426	0.001	0.158	0.996
312	0.001	0.16	0.989
254	0.001	0.16	0.986
284	0.001	0.16	0.985
533	0.001	0.163	0.973
15	99.000	0.163	0.972
542	0.001	0.166	0.959
86	2.684	0.167	0.956
22	99.000	0.169	0.947
146	3.223	0.173	0.929
259	0.001	0.173	0.927
449	0.001	0.173	0.927
270	0.001	0.174	0.924
45	0.001	0.174	0.923
51	0.001	0.176	0.917
307	0.001	0.176	0.916
249	0.001	0.177	0.912
417	0.001	0.181	0.895
483	0.001	0.183	0.888
32	0.001	0.184	0.882
350	0.001	0.185	0.877
253	0.210	0.188	0.867
399	0.001	0.189	0.864
23	0.001	0.19	0.860
181	0.001	0.19	0.858
207	3.317	0.191	0.856
221	0.397	0.191	0.856
397	99.000	0.193	0.845
3	99.000	0.194	0.844
198	0.001	0.197	0.834
345	0.001	0.198	0.827
238	2.418	0.2	0.820
208	0.001	0.201	0.817
458	0.001	0.202	0.816
164	0.001	0.207	0.798
120	0.001	0.208	0.793
219	3.216	0.209	0.790
298	0.001	0.212	0.780
380	0.001	0.215	0.769
133	99.000	0.218	0.759
102	0.368	0.218	0.757
57	0.001	0.22	0.752
34	0.001	0.22	0.751
260	0.001	0.22	0.751
275	0.001	0.222	0.747
80	0.001	0.222	0.745
257	99.000	0.223	0.743
500	0.001	0.223	0.742
351	0.001	0.225	0.737
470	0.428	0.227	0.730
392	0.001	0.229	0.724
49	0.001	0.231	0.718
473	0.001	0.232	0.715
539	0.001	0.237	0.699
336	0.001	0.241	0.688
157	2.892	0.241	0.688
36	99.000	0.241	0.688
244	99.000	0.242	0.686
359	0.001	0.243	0.681
506	0.251	0.243	0.680
545	0.001	0.246	0.674
557	0.001	0.247	0.670
393	0.001	0.247	0.669
106	0.407	0.248	0.668
346	0.001	0.25	0.661
296	0.001	0.25	0.661
487	0.001	0.251	0.659
53	0.397	0.252	0.656
523	99.000	0.254	0.650
76	0.001	0.255	0.648
316	0.001	0.257	0.642
489	0.344	0.258	0.640
361	0.342	0.258	0.639
469	0.001	0.259	0.637
50	0.001	0.263	0.627
437	0.001	0.265	0.622
131	0.001	0.267	0.616
72	0.001	0.268	0.614
295	0.001	0.27	0.608
478	0.315	0.27	0.608
217	0.001	0.271	0.606
509	99.000	0.274	0.599
108	0.001	0.275	0.595
67	0.001	0.28	0.583
68	0.328	0.283	0.575
419	0.001	0.285	0.572
365	0.001	0.285	0.571
496	3.047	0.288	0.565
125	0.335	0.289	0.563
423	0.001	0.289	0.562
138	0.523	0.293	0.553
291	0.001	0.294	0.550
491	0.001	0.296	0.546
18	0.001	0.296	0.546
43	0.001	0.296	0.545
84	0.001	0.297	0.543
290	0.384	0.3	0.537
264	0.001	0.302	0.533
13	2.700	0.303	0.530
400	0.001	0.306	0.523
415	99.000	0.307	0.521
560	0.001	0.31	0.515
525	0.459	0.311	0.513
436	0.001	0.312	0.510
447	0.001	0.314	0.507
325	0.001	0.314	0.507
352	0.001	0.315	0.504
387	0.001	0.317	0.501
302	99.000	0.32	0.495
564	0.001	0.322	0.491
188	99.000	0.324	0.486
440	0.001	0.326	0.483
6	0.451	0.326	0.483
413	0.001	0.33	0.474
95	0.001	0.33	0.474
2	2.226	0.333	0.469
280	0.363	0.333	0.469
421	0.361	0.339	0.457
340	0.366	0.34	0.456
69	0.001	0.341	0.453
141	0.001	0.341	0.453
319	0.001	0.347	0.443
154	0.425	0.347	0.442
559	0.001	0.348	0.441
58	0.001	0.349	0.439
70	0.331	0.352	0.433
169	2.084	0.355	0.428
227	0.484	0.355	0.428
532	0.001	0.357	0.424
263	0.001	0.357	0.424
408	0.434	0.361	0.417
79	0.001	0.362	0.415
269	2.388	0.362	0.415
467	2.425	0.364	0.412
31	0.001	0.365	0.410
30	0.001	0.367	0.407
82	0.001	0.367	0.407
341	0.001	0.368	0.406
348	0.001	0.37	0.401
203	0.562	0.372	0.399
317	0.001	0.375	0.394
272	99.000	0.376	0.392
324	1.882	0.377	0.390
190	0.001	0.378	0.389
299	0.581	0.378	0.389
446	0.001	0.383	0.380
265	0.491	0.384	0.378
444	0.001	0.389	0.371
55	0.411	0.39	0.370
373	0.001	0.399	0.356
213	0.424	0.401	0.353
450	0.001	0.401	0.353
46	0.001	0.405	0.347
35	0.001	0.405	0.347
186	1.615	0.408	0.343
514	0.497	0.408	0.342
29	0.001	0.412	0.336
99	0.473	0.415	0.332
439	0.001	0.417	0.329
386	0.435	0.419	0.326
355	0.001	0.422	0.322
374	0.001	0.422	0.322
245	0.001	0.423	0.321
297	0.001	0.427	0.315
480	0.001	0.454	0.280
385	0.001	0.455	0.279
328	0.001	0.456	0.278
107	0.001	0.463	0.270
443	2.933	0.467	0.265
371	0.001	0.469	0.263
267	0.001	0.471	0.260
90	1.968	0.473	0.257
130	1.690	0.474	0.256
166	99.000	0.475	0.255
377	2.863	0.48	0.250
204	0.001	0.481	0.248
451	0.001	0.49	0.239
530	0.001	0.491	0.237
153	0.588	0.498	0.230
422	0.550	0.502	0.225
119	0.475	0.507	0.221
375	2.586	0.514	0.213
124	0.461	0.519	0.207
425	1.773	0.52	0.207
333	0.001	0.522	0.205
332	0.001	0.523	0.204
177	0.494	0.523	0.204
85	2.059	0.523	0.204
320	0.001	0.523	0.204
126	2.122	0.531	0.196
300	0.001	0.532	0.195
462	0.001	0.536	0.192
64	1.938	0.541	0.187
118	0.001	0.542	0.186
327	0.475	0.543	0.185
111	1.974	0.544	0.184
33	0.001	0.544	0.184
329	0.529	0.548	0.180
194	2.212	0.553	0.176
16	1.833	0.553	0.176
548	0.001	0.555	0.175
87	1.842	0.557	0.173
14	0.657	0.557	0.172
448	0.491	0.562	0.168
344	0.001	0.568	0.163
497	99.000	0.57	0.161
162	1.657	0.57	0.161
171	1.456	0.572	0.159
200	0.595	0.58	0.153
311	0.598	0.596	0.140
309	0.001	0.6	0.137
251	0.611	0.602	0.136
62	0.712	0.604	0.135
418	1.514	0.606	0.133
109	0.001	0.611	0.129
420	99.000	0.616	0.126
464	0.562	0.622	0.121
156	0.712	0.623	0.121
8	1.809	0.624	0.120
88	0.732	0.627	0.118
445	0.001	0.629	0.117
411	2.046	0.629	0.117
330	99.000	0.63	0.116
441	1.774	0.632	0.115
225	0.697	0.632	0.114
173	1.752	0.641	0.109
384	0.001	0.641	0.109
83	0.583	0.641	0.108
338	0.611	0.651	0.102
201	1.557	0.653	0.101
490	0.705	0.658	0.098
39	1.889	0.66	0.097
528	1.883	0.66	0.097
159	0.714	0.662	0.096
250	1.324	0.674	0.089
459	0.700	0.675	0.088
457	1.851	0.675	0.088
414	1.463	0.681	0.085
41	0.640	0.688	0.081
381	1.414	0.69	0.079
398	1.340	0.692	0.078
9	0.662	0.699	0.075
262	0.001	0.703	0.073
294	1.303	0.705	0.072
314	1.318	0.707	0.070
165	0.747	0.717	0.066
360	99.000	0.72	0.064
160	0.675	0.726	0.062
167	1.320	0.737	0.057
178	1.299	0.737	0.056
202	1.202	0.752	0.050
232	1.233	0.752	0.050
331	1.422	0.755	0.049
96	0.685	0.759	0.047
223	1.372	0.762	0.046
287	1.214	0.764	0.045
524	2.198	0.775	0.041
143	0.674	0.782	0.038
516	0.672	0.784	0.037
246	0.714	0.786	0.037
255	1.386	0.789	0.036
91	0.802	0.793	0.034
71	0.718	0.794	0.034
476	0.786	0.798	0.033
353	1.443	0.799	0.032
266	1.168	0.804	0.031
144	1.184	0.809	0.029
304	0.800	0.81	0.029
195	1.232	0.81	0.029
293	1.180	0.827	0.024
176	0.871	0.831	0.023
179	0.866	0.834	0.022
495	0.795	0.841	0.020
114	1.174	0.846	0.019
158	0.852	0.846	0.019
137	1.144	0.85	0.018
224	1.148	0.852	0.017
149	0.828	0.866	0.014
113	0.882	0.866	0.014
78	0.908	0.867	0.014
20	0.860	0.871	0.013
432	1.138	0.876	0.012
488	1.194	0.885	0.010
7	1.118	0.885	0.010
274	1.118	0.89	0.010
283	0.892	0.891	0.009
562	0.825	0.893	0.009
155	1.085	0.899	0.008
74	1.136	0.901	0.008
211	1.137	0.903	0.007
121	0.874	0.908	0.007
465	0.887	0.916	0.006
318	1.155	0.92	0.005
240	0.924	0.922	0.005
192	1.095	0.936	0.003
315	1.118	0.938	0.003
261	0.909	0.938	0.003
12	0.944	0.947	0.002
210	1.078	0.948	0.002
89	0.953	0.949	0.002
358	1.087	0.953	0.002
404	1.045	0.954	0.002
308	1.067	0.957	0.001
205	1.034	0.964	0.001
206	1.027	0.966	0.001
17	0.950	0.966	0.001
97	1.039	0.967	0.001
286	1.035	0.968	0.001
163	1.052	0.969	0.001
529	1.049	0.973	0.001
391	1.027	0.982	0.000
103	0.996	0.995	0.000
230	0.160	1	0.000
402	0.188	1	0.000
546	3.944	1	0.000
547	2.256	1	0.000
256	0.113	1	0.000
531	2.086	1	0.000
499	0.238	1	0.000
552	0.089	1	0.000
544	2.245	1	0.000
66	2.307	1	0.000
485	2.029	1	0.000
135	1.832	1	0.000
44	2.286	1	0.000
537	1.991	1	0.000
229	0.241	1	0.000
534	1.864	1	0.000
21	1.947	1	0.000
362	2.017	1	0.000
366	2.383	1	0.000
220	0.305	1	0.000
428	1.864	1	0.000
349	2.045	1	0.000
193	0.274	1	0.000
435	0.255	1	0.000
472	2.079	1	0.000
25	1.935	1	0.000
303	0.202	1	0.000
140	0.236	1	0.000
429	1.960	1	0.000
492	0.351	1	0.000
475	1.932	1	0.000
104	0.318	1	0.000
481	0.226	1	0.000
357	0.312	1	0.000
556	1.914	1	0.000
93	0.229	1	0.000
77	0.255	1	0.000
115	1.839	1	0.000
247	0.311	1	0.000
517	0.835	1	0.000
214	1.806	1	0.000
19	2.095	1	0.000
553	0.001	1	0.000
364	0.294	1	-0.000
563	8.417	1	-0.000