# Omega fit to each site after fixing tree and and all other parameters.
# Not using '--omegabysite_fixsyn', so we fit a synonymous rate for each site. This means we compare fitting omega and a synonymous rate to fitting just a synonymous rate.
# Fits compared to null model of omega = 1.000; P-values NOT corrected for multiple testing.
#
# site	omega	P	dLnL
148	0.001	1.4e-07	13.859
237	0.001	1.46e-05	9.397
268	0.084	6.29e-05	8.006
305	0.001	0.000103	7.539
474	0.001	0.000123	7.374
342	0.001	0.00017	7.070
502	0.001	0.000406	6.252
507	0.098	0.000678	5.775
42	0.001	0.000759	5.670
515	0.120	0.000966	5.446
372	0.130	0.00104	5.375
482	0.001	0.00111	5.315
479	0.001	0.00117	5.266
504	0.001	0.00119	5.253
128	0.033	0.00147	5.055
456	0.057	0.0016	4.981
231	0.048	0.00182	4.861
389	0.050	0.00195	4.796
368	0.001	0.00201	4.772
339	0.001	0.00201	4.772
56	0.001	0.00209	4.734
276	0.147	0.00211	4.725
407	0.001	0.00226	4.663
520	0.001	0.00239	4.610
518	0.001	0.00241	4.604
235	0.104	0.00283	4.458
321	0.001	0.0033	4.317
396	0.001	0.00333	4.308
172	0.148	0.00379	4.191
10	0.099	0.00395	4.154
306	0.001	0.00402	4.136
24	0.001	0.00408	4.125
161	99.000	0.00437	4.061
236	0.070	0.00482	3.972
510	0.082	0.00496	3.947
288	0.159	0.00519	3.906
410	0.001	0.0053	3.887
493	0.001	0.00536	3.876
145	0.278	0.00537	3.876
343	0.001	0.00555	3.845
38	0.001	0.00602	3.772
112	0.001	0.00621	3.744
168	0.184	0.00633	3.726
37	0.001	0.00658	3.692
501	0.071	0.00691	3.648
468	0.001	0.00702	3.634
170	0.181	0.00732	3.596
337	0.126	0.00742	3.585
486	0.001	0.00782	3.537
180	0.001	0.00808	3.508
75	0.001	0.00919	3.393
271	0.001	0.00941	3.372
175	0.001	0.00963	3.351
347	0.001	0.0106	3.262
116	0.001	0.0107	3.261
191	0.001	0.0107	3.254
329	0.114	0.013	3.085
512	0.001	0.0133	3.066
218	0.126	0.0134	3.057
431	0.001	0.0134	3.056
494	0.001	0.0136	3.046
215	0.001	0.0137	3.036
551	0.001	0.0142	3.008
323	0.001	0.0142	3.007
536	99.000	0.0155	2.928
535	0.001	0.0158	2.911
65	0.001	0.0158	2.911
401	0.001	0.0164	2.878
455	0.001	0.0169	2.853
550	0.112	0.0171	2.841
369	0.001	0.0172	2.837
281	0.001	0.0178	2.806
484	0.001	0.0181	2.793
11	99.000	0.0188	2.759
322	0.001	0.0193	2.737
139	0.001	0.0202	2.697
453	0.121	0.0207	2.678
460	0.198	0.0211	2.658
412	0.001	0.0214	2.647
197	0.001	0.0218	2.630
477	0.001	0.0221	2.619
388	0.001	0.0225	2.602
508	0.001	0.0229	2.590
132	0.001	0.0234	2.568
289	0.228	0.024	2.549
511	0.001	0.0243	2.536
471	0.001	0.0248	2.520
258	0.001	0.027	2.444
216	0.099	0.0284	2.403
146	6.050	0.0293	2.375
63	0.001	0.031	2.328
282	0.001	0.0311	2.324
209	0.227	0.032	2.300
430	0.001	0.0321	2.295
555	0.001	0.0322	2.295
275	0.001	0.0336	2.256
151	8.366	0.0357	2.206
228	0.001	0.0359	2.200
370	0.001	0.0367	2.182
394	0.001	0.0378	2.157
519	0.001	0.0389	2.133
424	0.001	0.039	2.130
273	0.208	0.0405	2.098
326	0.264	0.0423	2.062
185	0.213	0.0426	2.056
442	0.001	0.0431	2.046
376	0.001	0.0448	2.014
438	0.001	0.0448	2.013
395	0.001	0.0466	1.980
405	0.001	0.0479	1.957
233	0.001	0.0484	1.948
150	4.239	0.0497	1.926
434	99.000	0.0505	1.912
147	0.001	0.0512	1.901
221	0.247	0.0524	1.881
127	0.001	0.0527	1.877
541	0.001	0.0556	1.832
277	5.221	0.0572	1.809
234	0.001	0.0586	1.788
239	0.001	0.0623	1.738
52	99.000	0.0625	1.734
310	0.001	0.0645	1.709
212	0.111	0.0665	1.683
403	0.001	0.0667	1.681
179	3.302	0.067	1.678
222	0.001	0.0676	1.670
416	0.001	0.0677	1.669
81	0.001	0.0679	1.666
248	0.001	0.0682	1.663
378	0.001	0.0706	1.635
47	0.001	0.0713	1.626
554	0.001	0.0721	1.617
367	0.001	0.0736	1.601
182	0.222	0.0736	1.600
316	0.001	0.0752	1.583
199	0.349	0.0755	1.580
565	0.001	0.0774	1.559
427	0.001	0.0784	1.549
458	0.001	0.0802	1.531
110	0.001	0.081	1.522
423	0.001	0.0811	1.522
284	0.001	0.0814	1.519
5	5.121	0.0819	1.513
505	0.001	0.0829	1.503
98	0.001	0.083	1.503
198	0.001	0.0837	1.496
382	0.178	0.0844	1.489
26	0.001	0.0861	1.473
527	0.001	0.0871	1.463
183	0.001	0.0876	1.459
301	0.001	0.0888	1.448
60	4.972	0.0894	1.443
187	0.001	0.0903	1.434
105	0.001	0.0952	1.392
452	0.001	0.0961	1.384
243	0.165	0.0962	1.384
279	0.001	0.0973	1.374
335	0.001	0.0982	1.367
513	0.001	0.0983	1.367
48	0.001	0.0984	1.366
174	0.001	0.0991	1.360
4	99.000	0.0992	1.359
426	0.001	0.0998	1.354
312	0.001	0.101	1.344
409	0.001	0.101	1.343
226	0.001	0.104	1.325
292	0.309	0.104	1.319
558	0.001	0.105	1.314
454	0.001	0.106	1.306
61	0.001	0.106	1.304
463	0.001	0.107	1.301
350	0.001	0.109	1.282
354	0.001	0.11	1.275
92	0.001	0.11	1.274
59	0.001	0.113	1.254
254	0.001	0.114	1.248
379	0.001	0.114	1.247
340	0.206	0.116	1.238
123	0.157	0.12	1.211
540	0.001	0.121	1.201
543	0.244	0.122	1.196
397	99.000	0.123	1.190
538	0.001	0.125	1.178
278	0.376	0.126	1.173
138	0.391	0.126	1.171
196	0.001	0.127	1.167
461	4.560	0.129	1.153
136	0.228	0.13	1.146
28	0.001	0.13	1.145
363	0.001	0.131	1.140
241	0.001	0.131	1.139
542	0.001	0.132	1.136
521	0.001	0.133	1.130
417	0.001	0.133	1.129
399	0.001	0.136	1.113
184	0.397	0.136	1.112
40	0.001	0.137	1.103
386	0.209	0.139	1.094
356	0.001	0.14	1.089
522	0.202	0.141	1.086
498	0.001	0.143	1.075
129	0.001	0.144	1.069
503	0.307	0.145	1.064
15	99.000	0.145	1.062
134	0.001	0.145	1.062
415	99.000	0.146	1.059
346	0.001	0.146	1.055
549	99.000	0.147	1.054
249	0.001	0.148	1.044
102	0.312	0.149	1.043
32	0.001	0.15	1.035
94	0.001	0.152	1.026
208	0.001	0.152	1.025
257	99.000	0.153	1.022
392	0.001	0.155	1.013
117	0.001	0.155	1.010
466	99.000	0.156	1.007
299	0.415	0.157	1.001
252	0.001	0.158	0.997
73	0.300	0.159	0.994
120	0.001	0.16	0.985
390	0.361	0.162	0.980
421	0.239	0.162	0.978
285	0.277	0.164	0.969
45	0.001	0.165	0.966
422	0.305	0.169	0.945
152	0.001	0.171	0.937
464	0.226	0.173	0.928
533	0.001	0.174	0.922
495	0.256	0.179	0.904
270	0.001	0.179	0.901
58	0.001	0.18	0.898
22	99.000	0.182	0.893
465	0.253	0.182	0.890
13	3.466	0.187	0.872
23	0.001	0.188	0.867
242	0.001	0.192	0.850
72	0.001	0.193	0.849
406	0.001	0.194	0.845
449	0.001	0.194	0.845
131	0.001	0.196	0.836
76	0.001	0.196	0.835
334	0.001	0.2	0.822
383	0.001	0.201	0.818
36	99.000	0.204	0.807
478	0.274	0.205	0.802
413	0.001	0.208	0.791
561	0.001	0.209	0.791
3	99.000	0.209	0.789
296	0.001	0.21	0.785
352	0.001	0.212	0.780
313	0.001	0.214	0.771
34	0.001	0.216	0.766
557	0.001	0.216	0.765
545	0.001	0.217	0.761
373	0.001	0.22	0.753
336	0.001	0.222	0.746
560	0.001	0.227	0.729
317	0.001	0.229	0.724
188	99.000	0.231	0.719
181	0.001	0.231	0.718
506	0.244	0.234	0.709
500	0.001	0.235	0.704
483	0.001	0.235	0.704
359	0.001	0.236	0.703
51	0.001	0.237	0.701
95	0.001	0.238	0.696
259	0.001	0.239	0.692
246	0.248	0.24	0.692
154	0.336	0.24	0.691
491	0.001	0.242	0.685
437	0.001	0.242	0.684
351	0.001	0.243	0.683
122	0.001	0.243	0.681
408	0.345	0.244	0.679
217	0.001	0.246	0.672
419	0.001	0.25	0.663
121	0.302	0.25	0.660
290	0.351	0.257	0.643
265	0.389	0.257	0.641
125	0.312	0.258	0.640
189	0.001	0.26	0.635
469	0.001	0.26	0.635
447	0.001	0.261	0.633
380	0.001	0.262	0.630
30	0.001	0.263	0.627
54	0.001	0.264	0.624
108	0.001	0.268	0.614
476	0.341	0.269	0.611
433	0.313	0.271	0.607
18	0.001	0.273	0.601
345	0.001	0.274	0.598
86	2.191	0.278	0.589
84	0.001	0.281	0.582
440	0.001	0.281	0.581
2	2.450	0.282	0.579
444	0.001	0.287	0.567
467	2.775	0.289	0.562
298	0.001	0.29	0.560
207	2.622	0.29	0.560
55	0.343	0.291	0.556
27	0.001	0.295	0.548
539	0.001	0.296	0.547
307	0.001	0.297	0.545
141	0.001	0.297	0.544
523	99.000	0.297	0.543
219	2.596	0.3	0.538
473	0.001	0.301	0.535
101	0.417	0.302	0.533
238	2.058	0.302	0.533
106	0.452	0.304	0.528
50	0.001	0.305	0.526
213	0.350	0.306	0.524
436	0.001	0.312	0.511
80	0.001	0.312	0.510
211	0.332	0.313	0.508
439	0.001	0.313	0.508
79	0.001	0.314	0.508
31	0.001	0.315	0.506
365	0.001	0.317	0.501
418	2.205	0.319	0.497
295	0.001	0.32	0.495
41	0.355	0.321	0.492
85	3.055	0.322	0.491
156	0.507	0.322	0.491
400	0.001	0.324	0.486
57	0.001	0.324	0.486
325	0.001	0.325	0.484
190	0.001	0.327	0.481
355	0.001	0.329	0.476
393	0.001	0.334	0.467
263	0.001	0.341	0.454
99	0.418	0.341	0.454
164	0.001	0.341	0.454
361	0.410	0.341	0.453
487	0.001	0.345	0.446
264	0.001	0.346	0.445
203	0.546	0.35	0.437
514	0.460	0.353	0.431
260	0.001	0.354	0.429
324	1.916	0.361	0.417
29	0.001	0.362	0.415
450	0.001	0.366	0.409
67	0.001	0.369	0.404
90	2.363	0.37	0.402
133	99.000	0.371	0.400
244	99.000	0.377	0.390
526	0.481	0.379	0.387
43	0.001	0.38	0.386
53	0.497	0.381	0.383
446	0.001	0.384	0.380
348	0.001	0.386	0.376
291	0.001	0.39	0.369
532	0.001	0.391	0.368
33	0.001	0.391	0.367
186	1.641	0.392	0.367
272	99.000	0.397	0.358
68	0.420	0.4	0.354
69	0.001	0.401	0.352
35	0.001	0.405	0.347
62	0.580	0.411	0.339
46	0.001	0.411	0.338
559	0.001	0.413	0.335
391	0.403	0.414	0.333
178	1.847	0.417	0.329
251	0.460	0.418	0.328
564	0.001	0.42	0.325
462	0.001	0.421	0.324
82	0.001	0.421	0.323
387	0.001	0.424	0.320
470	0.574	0.425	0.318
385	0.001	0.427	0.316
328	0.001	0.431	0.310
341	0.001	0.433	0.307
302	99.000	0.433	0.307
166	99.000	0.437	0.302
319	0.001	0.441	0.296
297	0.001	0.444	0.293
509	99.000	0.447	0.289
126	2.463	0.453	0.282
375	2.998	0.454	0.280
245	0.001	0.456	0.278
130	1.704	0.457	0.277
107	0.001	0.458	0.275
530	0.001	0.464	0.268
204	0.001	0.465	0.267
525	0.576	0.467	0.265
253	0.420	0.468	0.263
71	0.385	0.47	0.262
344	0.001	0.471	0.260
377	2.948	0.472	0.259
441	2.477	0.472	0.258
480	0.001	0.479	0.251
294	1.623	0.489	0.240
119	0.464	0.493	0.235
49	0.001	0.495	0.233
266	0.654	0.499	0.229
267	0.001	0.503	0.224
142	1.558	0.505	0.222
451	0.001	0.521	0.206
374	0.001	0.528	0.200
91	0.578	0.528	0.199
333	0.001	0.528	0.199
331	1.988	0.535	0.193
371	0.001	0.535	0.192
320	0.001	0.535	0.192
262	0.001	0.54	0.188
548	0.001	0.54	0.188
445	0.001	0.542	0.186
497	99.000	0.551	0.178
280	0.524	0.555	0.174
457	2.415	0.556	0.173
96	2.283	0.56	0.170
304	0.588	0.562	0.168
332	0.001	0.565	0.165
411	2.311	0.573	0.159
118	0.001	0.581	0.153
109	0.001	0.586	0.148
157	0.604	0.588	0.146
169	1.522	0.601	0.137
143	0.471	0.602	0.136
194	2.002	0.602	0.136
70	0.536	0.604	0.134
516	0.473	0.605	0.134
432	1.553	0.608	0.131
309	0.001	0.609	0.131
327	0.534	0.611	0.130
202	0.740	0.616	0.126
200	0.627	0.618	0.124
287	1.379	0.619	0.124
16	1.665	0.622	0.122
330	99.000	0.622	0.121
381	1.522	0.629	0.117
210	0.556	0.632	0.115
314	1.417	0.635	0.113
338	0.607	0.645	0.106
83	0.597	0.655	0.100
20	0.668	0.661	0.096
300	0.001	0.661	0.096
177	0.613	0.662	0.095
87	1.554	0.663	0.095
524	3.454	0.664	0.094
114	0.699	0.676	0.087
167	1.413	0.679	0.086
64	1.508	0.695	0.077
308	0.636	0.696	0.076
529	1.755	0.698	0.075
149	0.668	0.704	0.072
420	99.000	0.71	0.069
459	0.726	0.713	0.068
360	99.000	0.729	0.060
225	0.770	0.73	0.060
384	0.001	0.732	0.059
448	0.654	0.734	0.058
14	0.789	0.741	0.055
124	0.668	0.741	0.055
414	1.348	0.748	0.052
8	1.450	0.752	0.050
88	0.820	0.756	0.048
159	0.794	0.764	0.045
165	0.786	0.767	0.044
111	1.399	0.769	0.043
274	1.252	0.778	0.040
163	0.715	0.782	0.038
283	1.252	0.784	0.038
153	0.817	0.794	0.034
89	0.826	0.799	0.032
443	1.431	0.802	0.031
311	0.786	0.802	0.031
173	1.354	0.803	0.031
6	0.811	0.805	0.031
201	0.780	0.808	0.030
160	0.761	0.812	0.028
562	1.394	0.818	0.027
425	1.217	0.825	0.024
398	0.849	0.826	0.024
358	1.369	0.827	0.024
97	0.818	0.827	0.024
206	0.871	0.827	0.024
404	0.860	0.841	0.020
261	1.267	0.846	0.019
223	1.225	0.848	0.018
137	1.145	0.849	0.018
39	1.299	0.854	0.017
162	0.850	0.855	0.017
9	1.224	0.861	0.015
192	1.222	0.863	0.015
250	1.112	0.871	0.013
293	0.889	0.875	0.012
113	1.120	0.878	0.012
269	0.876	0.888	0.010
171	1.098	0.89	0.009
78	1.082	0.891	0.009
353	1.209	0.895	0.009
176	0.921	0.898	0.008
12	0.899	0.904	0.007
227	0.911	0.905	0.007
224	1.086	0.911	0.006
318	0.857	0.914	0.006
232	0.931	0.916	0.006
100	0.926	0.926	0.004
74	1.090	0.933	0.004
144	1.058	0.938	0.003
240	1.061	0.942	0.003
158	1.059	0.944	0.003
7	1.053	0.947	0.002
489	0.946	0.95	0.002
490	1.048	0.952	0.002
488	1.071	0.956	0.002
286	0.953	0.957	0.001
17	0.939	0.958	0.001
496	0.946	0.962	0.001
195	1.042	0.962	0.001
315	1.067	0.964	0.001
155	1.029	0.964	0.001
255	1.051	0.968	0.001
103	0.978	0.976	0.000
528	1.039	0.978	0.000
205	1.012	0.987	0.000
214	0.001	1	0.000
402	0.162	1	0.000
517	0.173	1	0.000
546	3.495	1	0.000
220	0.249	1	0.000
499	0.089	1	0.000
531	2.166	1	0.000
547	2.226	1	0.000
104	0.247	1	0.000
362	2.079	1	0.000
553	0.154	1	0.000
544	2.017	1	0.000
230	0.263	1	0.000
44	2.532	1	0.000
256	0.001	1	0.000
366	2.409	1	0.000
66	2.340	1	0.000
135	1.775	1	0.000
21	1.926	1	0.000
429	1.841	1	0.000
537	1.971	1	0.000
472	2.132	1	0.000
534	1.831	1	0.000
193	0.278	1	0.000
428	1.895	1	0.000
552	0.226	1	0.000
492	0.348	1	0.000
19	1.873	1	0.000
115	1.797	1	0.000
485	2.064	1	0.000
357	0.301	1	0.000
93	0.147	1	0.000
303	1.952	1	0.000
481	1.946	1	0.000
247	0.298	1	0.000
556	2.958	1	0.000
25	2.053	1	0.000
140	0.238	1	0.000
349	1.895	1	0.000
475	0.298	1	0.000
364	0.338	1	0.000
77	0.246	1	0.000
435	0.297	1	0.000
563	2.773	1	0.000
229	0.677	1	-0.000