# Omega fit to each site after fixing tree and and all other parameters.
# Not using '--omegabysite_fixsyn', so we fit a synonymous rate for each site. This means we compare fitting omega and a synonymous rate to fitting just a synonymous rate.
# Fits compared to null model of omega = 1.000; P-values NOT corrected for multiple testing.
#
# site	omega	P	dLnL
305	0.001	3.66e-07	12.933
148	0.001	1.74e-06	11.433
474	0.001	1.33e-05	9.484
396	0.001	2.44e-05	8.905
484	0.001	8.89e-05	7.679
515	0.090	0.000196	6.935
342	0.001	0.000225	6.804
343	0.001	0.000254	6.693
363	0.001	0.000531	6.002
138	0.127	0.00114	5.290
75	0.001	0.00129	5.181
368	0.001	0.00139	5.112
520	0.001	0.00151	5.030
191	0.001	0.00153	5.019
347	0.001	0.00167	4.938
23	0.001	0.00173	4.906
502	0.001	0.00177	4.888
551	0.001	0.00179	4.878
456	0.059	0.00181	4.864
555	0.001	0.00209	4.732
170	0.144	0.00217	4.702
482	0.001	0.00217	4.700
323	0.001	0.00241	4.604
268	0.155	0.00282	4.459
24	0.001	0.00314	4.363
486	0.001	0.00334	4.307
504	0.001	0.00347	4.272
550	0.076	0.00361	4.234
150	8.177	0.00382	4.185
112	0.001	0.00427	4.084
237	0.001	0.00442	4.052
494	0.001	0.00474	3.988
510	0.084	0.00524	3.898
535	0.001	0.0058	3.805
430	0.001	0.00594	3.785
321	0.001	0.00601	3.774
454	0.001	0.00617	3.750
258	0.001	0.00639	3.718
28	0.001	0.00659	3.691
10	0.115	0.00704	3.631
424	0.001	0.00745	3.580
455	0.001	0.00762	3.561
543	0.109	0.00809	3.506
438	0.001	0.00818	3.497
55	0.093	0.00823	3.491
431	0.001	0.00828	3.486
339	0.001	0.00831	3.483
218	0.110	0.0088	3.431
209	0.167	0.00971	3.344
410	0.001	0.00982	3.334
215	0.001	0.0105	3.275
412	0.001	0.0105	3.272
507	0.175	0.0111	3.226
128	0.070	0.0114	3.198
276	0.207	0.0115	3.196
518	0.001	0.0118	3.172
367	0.001	0.012	3.157
453	0.105	0.0124	3.125
231	0.088	0.0128	3.100
407	0.001	0.0131	3.076
139	0.001	0.0132	3.071
468	0.001	0.0133	3.064
42	0.001	0.0133	3.064
282	0.001	0.0143	3.000
248	0.001	0.0144	2.997
216	0.075	0.0144	2.995
306	0.001	0.0146	2.981
180	0.001	0.0148	2.970
372	0.212	0.0148	2.968
322	0.001	0.015	2.956
449	0.001	0.0154	2.936
56	0.001	0.0159	2.905
37	0.001	0.016	2.903
65	0.001	0.0162	2.889
116	0.001	0.0175	2.823
389	0.099	0.0177	2.811
508	0.001	0.0178	2.810
185	0.170	0.0185	2.775
471	0.001	0.0202	2.699
493	0.001	0.0207	2.674
38	0.001	0.0208	2.674
354	0.001	0.0209	2.668
479	0.001	0.0217	2.636
512	0.001	0.0219	2.627
184	0.242	0.023	2.583
416	0.001	0.0238	2.555
337	0.174	0.0241	2.544
40	0.001	0.0249	2.516
536	99.000	0.0268	2.452
125	0.116	0.027	2.444
175	0.001	0.0274	2.432
514	0.170	0.0275	2.430
519	0.001	0.0276	2.428
281	0.001	0.028	2.415
376	0.001	0.0282	2.409
47	0.001	0.0283	2.405
273	0.187	0.0284	2.402
63	0.001	0.0292	2.378
426	0.001	0.0294	2.371
460	0.217	0.0297	2.363
501	0.117	0.0302	2.350
561	0.001	0.0305	2.340
212	0.073	0.0309	2.329
533	0.001	0.0311	2.322
174	0.001	0.0316	2.311
81	0.001	0.0322	2.295
34	0.001	0.0323	2.292
197	0.001	0.0327	2.282
513	0.001	0.0333	2.266
11	99.000	0.0335	2.260
239	0.001	0.0347	2.231
52	99.000	0.0356	2.208
228	0.001	0.0365	2.188
288	0.256	0.0369	2.177
378	0.001	0.0372	2.171
388	0.001	0.0372	2.170
565	0.001	0.0378	2.157
463	0.001	0.0384	2.144
477	0.001	0.0384	2.144
48	0.001	0.0392	2.126
469	0.001	0.0396	2.118
369	0.001	0.0402	2.104
383	0.001	0.0403	2.102
505	0.001	0.0405	2.098
541	0.001	0.0408	2.093
310	0.001	0.042	2.068
110	0.001	0.0434	2.040
403	0.001	0.0436	2.037
105	0.001	0.0438	2.032
417	0.001	0.044	2.027
199	0.303	0.0441	2.027
168	0.282	0.045	2.009
527	0.001	0.0451	2.008
394	0.001	0.0456	1.999
26	0.001	0.0479	1.958
405	0.001	0.0483	1.950
271	0.001	0.0495	1.929
234	0.001	0.0508	1.908
172	0.292	0.051	1.904
395	0.001	0.051	1.904
98	0.001	0.0537	1.861
117	0.001	0.0552	1.837
419	0.001	0.0562	1.824
312	0.001	0.0563	1.821
427	0.001	0.0571	1.810
285	0.172	0.058	1.797
296	0.001	0.0591	1.781
359	0.001	0.0595	1.775
278	0.298	0.0602	1.766
540	0.001	0.0608	1.757
478	0.164	0.0621	1.740
316	0.001	0.0627	1.733
554	0.001	0.0633	1.725
409	0.001	0.0642	1.712
335	0.001	0.0649	1.704
187	0.001	0.0651	1.701
61	0.001	0.0657	1.694
221	0.269	0.067	1.677
498	0.001	0.0671	1.676
152	0.001	0.0682	1.663
208	0.001	0.0683	1.662
401	0.001	0.0688	1.656
161	99.000	0.071	1.630
235	0.249	0.0714	1.625
147	0.001	0.0725	1.613
236	0.172	0.0725	1.612
5	5.420	0.0726	1.611
4	99.000	0.0761	1.573
370	0.001	0.0774	1.559
78	0.366	0.0776	1.557
132	0.001	0.0786	1.547
466	99.000	0.0787	1.546
207	5.117	0.0791	1.541
73	0.226	0.0798	1.535
279	0.001	0.0802	1.531
473	0.001	0.0811	1.521
392	0.001	0.083	1.502
542	0.001	0.0871	1.464
483	0.001	0.088	1.455
307	0.001	0.0885	1.451
134	0.001	0.0889	1.447
434	99.000	0.0897	1.440
458	0.001	0.0899	1.439
399	0.001	0.0901	1.436
60	5.120	0.0908	1.430
136	0.196	0.0909	1.429
422	0.237	0.0916	1.423
92	0.001	0.0936	1.405
326	0.334	0.0942	1.401
521	0.001	0.0943	1.400
222	0.001	0.0947	1.396
68	0.168	0.0954	1.391
452	0.001	0.096	1.386
350	0.001	0.0963	1.383
317	0.001	0.0966	1.380
72	0.001	0.0968	1.379
356	0.001	0.0969	1.378
243	0.167	0.0971	1.376
379	0.001	0.0977	1.371
336	0.001	0.101	1.345
345	0.001	0.104	1.322
103	0.276	0.106	1.307
459	0.258	0.107	1.298
257	99.000	0.109	1.281
284	0.001	0.11	1.278
241	0.001	0.11	1.277
30	0.001	0.11	1.274
32	0.001	0.111	1.268
442	0.001	0.112	1.265
79	0.001	0.112	1.264
413	0.001	0.112	1.260
131	0.001	0.115	1.245
156	0.339	0.116	1.236
50	0.001	0.118	1.223
511	0.001	0.12	1.212
480	0.001	0.121	1.200
539	0.001	0.125	1.174
275	0.001	0.126	1.172
58	0.001	0.127	1.167
301	0.001	0.127	1.162
226	0.001	0.132	1.137
295	0.001	0.132	1.132
252	0.001	0.134	1.123
203	0.372	0.136	1.114
76	0.001	0.136	1.113
59	0.001	0.136	1.112
217	0.001	0.138	1.101
249	0.001	0.138	1.101
3	99.000	0.139	1.095
45	0.001	0.14	1.092
183	0.001	0.142	1.080
94	0.001	0.143	1.075
18	0.001	0.143	1.075
433	0.223	0.143	1.071
127	0.001	0.144	1.067
334	0.001	0.145	1.061
447	0.001	0.145	1.060
182	0.293	0.146	1.059
299	0.404	0.146	1.057
254	0.001	0.146	1.057
196	0.001	0.147	1.051
437	0.001	0.148	1.048
355	0.001	0.149	1.043
120	0.001	0.149	1.042
380	0.001	0.151	1.031
29	0.001	0.153	1.022
27	0.001	0.154	1.016
352	0.001	0.155	1.013
491	0.001	0.155	1.010
436	0.001	0.157	1.002
559	0.001	0.157	1.000
86	2.734	0.159	0.990
233	0.001	0.16	0.986
503	0.320	0.16	0.986
291	0.001	0.165	0.963
382	0.244	0.166	0.959
549	99.000	0.169	0.946
397	99.000	0.17	0.943
145	0.523	0.17	0.940
144	2.658	0.174	0.923
328	0.001	0.175	0.921
440	0.001	0.175	0.918
423	0.001	0.176	0.917
558	0.001	0.178	0.905
500	0.001	0.179	0.901
415	99.000	0.18	0.899
43	0.001	0.18	0.897
421	0.254	0.182	0.892
129	0.001	0.184	0.882
123	0.210	0.189	0.863
351	0.001	0.192	0.853
298	0.001	0.193	0.849
69	0.001	0.193	0.848
108	0.001	0.193	0.848
57	0.001	0.193	0.847
259	0.001	0.198	0.830
408	0.308	0.198	0.827
277	3.234	0.2	0.823
341	0.001	0.201	0.818
487	0.001	0.202	0.815
496	3.696	0.204	0.806
523	99.000	0.209	0.791
90	3.196	0.21	0.786
83	0.257	0.21	0.785
189	0.001	0.211	0.781
290	0.318	0.214	0.774
15	99.000	0.214	0.771
242	0.001	0.215	0.768
54	0.001	0.216	0.767
122	0.001	0.216	0.765
319	0.001	0.216	0.765
340	0.282	0.217	0.764
181	0.001	0.217	0.761
506	0.232	0.218	0.760
538	0.001	0.218	0.759
36	99.000	0.22	0.751
95	0.001	0.223	0.742
49	0.001	0.225	0.737
33	0.001	0.229	0.724
102	0.377	0.231	0.717
557	0.001	0.232	0.714
6	0.384	0.234	0.709
270	0.001	0.234	0.707
444	0.001	0.237	0.698
465	0.296	0.241	0.688
126	4.055	0.242	0.684
107	0.001	0.242	0.683
121	0.300	0.248	0.669
82	0.001	0.248	0.668
467	3.003	0.248	0.667
51	0.001	0.249	0.664
164	0.001	0.25	0.661
67	0.001	0.25	0.660
361	0.336	0.252	0.657
289	0.483	0.253	0.654
165	0.399	0.26	0.635
325	0.001	0.26	0.634
418	2.424	0.261	0.631
146	2.617	0.263	0.627
522	0.294	0.266	0.618
213	0.319	0.268	0.614
464	0.294	0.268	0.614
346	0.001	0.27	0.609
530	0.001	0.27	0.608
35	0.001	0.272	0.604
186	1.882	0.272	0.604
446	0.001	0.273	0.600
171	2.032	0.275	0.596
84	0.001	0.276	0.594
526	0.403	0.279	0.587
462	0.001	0.279	0.585
9	0.340	0.28	0.584
564	0.001	0.283	0.576
385	0.001	0.283	0.576
151	3.026	0.284	0.574
329	0.344	0.286	0.570
331	3.165	0.286	0.569
489	0.370	0.289	0.563
400	0.001	0.289	0.562
445	0.001	0.291	0.558
439	0.001	0.293	0.554
167	2.570	0.293	0.552
390	0.470	0.295	0.549
548	0.001	0.299	0.539
387	0.001	0.301	0.534
398	2.130	0.304	0.529
450	0.001	0.304	0.528
451	0.001	0.306	0.524
80	0.001	0.307	0.521
406	0.001	0.309	0.517
348	0.001	0.31	0.515
313	0.001	0.312	0.511
365	0.001	0.314	0.506
373	0.001	0.315	0.505
101	0.429	0.317	0.501
99	0.404	0.322	0.490
219	2.492	0.323	0.488
490	0.462	0.334	0.466
31	0.001	0.336	0.463
264	0.001	0.347	0.442
141	0.001	0.348	0.441
344	0.001	0.349	0.438
260	0.001	0.35	0.437
374	0.001	0.35	0.437
560	0.001	0.356	0.426
188	99.000	0.365	0.411
532	0.001	0.365	0.410
320	0.001	0.373	0.396
263	0.001	0.377	0.391
190	0.001	0.38	0.386
324	1.868	0.383	0.381
178	1.925	0.384	0.379
244	99.000	0.384	0.378
495	0.401	0.385	0.377
393	0.001	0.387	0.374
227	0.509	0.39	0.370
509	99.000	0.393	0.365
272	99.000	0.398	0.358
304	0.465	0.401	0.353
246	0.369	0.404	0.349
333	0.001	0.406	0.345
516	0.296	0.408	0.343
53	0.518	0.41	0.339
297	0.001	0.411	0.338
118	0.001	0.412	0.337
292	0.554	0.412	0.336
386	0.432	0.415	0.332
70	0.384	0.422	0.323
130	0.586	0.423	0.322
300	0.001	0.431	0.310
545	0.001	0.435	0.304
100	0.525	0.438	0.300
211	0.424	0.44	0.299
160	0.441	0.44	0.298
198	0.001	0.444	0.293
176	0.607	0.446	0.291
371	0.001	0.448	0.288
441	0.469	0.45	0.286
280	0.444	0.45	0.286
267	0.001	0.45	0.285
39	3.036	0.452	0.283
205	1.753	0.454	0.280
309	0.001	0.469	0.262
109	0.001	0.472	0.258
137	1.655	0.473	0.257
245	0.001	0.484	0.245
204	0.001	0.489	0.239
46	0.001	0.49	0.239
497	99.000	0.49	0.239
377	2.799	0.495	0.233
153	0.593	0.505	0.222
302	99.000	0.505	0.222
22	99.000	0.509	0.218
133	99.000	0.51	0.217
149	0.514	0.515	0.212
287	1.513	0.52	0.207
375	2.535	0.524	0.203
314	1.594	0.525	0.202
119	0.492	0.528	0.200
448	0.469	0.536	0.191
158	1.609	0.547	0.181
166	99.000	0.547	0.181
384	0.001	0.548	0.180
265	0.607	0.549	0.179
155	0.683	0.556	0.173
253	0.501	0.567	0.164
332	0.001	0.568	0.163
177	0.534	0.571	0.160
106	0.654	0.574	0.158
14	0.677	0.585	0.149
261	1.924	0.587	0.148
308	0.537	0.587	0.147
173	1.911	0.59	0.145
89	0.667	0.593	0.143
262	0.001	0.6	0.137
20	0.624	0.607	0.132
311	0.613	0.611	0.129
223	1.681	0.612	0.129
201	1.652	0.615	0.127
330	99.000	0.617	0.125
283	1.501	0.617	0.125
528	2.052	0.618	0.124
461	1.540	0.623	0.121
85	1.666	0.654	0.101
327	0.583	0.664	0.095
114	0.698	0.674	0.089
62	0.761	0.676	0.087
17	0.627	0.683	0.083
240	1.368	0.689	0.080
2	1.403	0.69	0.080
124	0.620	0.694	0.078
238	1.333	0.696	0.076
274	1.362	0.697	0.076
470	0.772	0.71	0.069
12	0.720	0.713	0.068
194	1.606	0.715	0.067
269	1.405	0.716	0.066
7	0.756	0.719	0.065
113	1.296	0.724	0.062
41	0.677	0.728	0.061
381	1.350	0.73	0.059
562	0.611	0.731	0.059
411	1.641	0.735	0.057
425	1.348	0.737	0.056
525	1.280	0.737	0.056
154	0.748	0.739	0.055
169	1.303	0.746	0.053
443	0.636	0.751	0.050
338	0.703	0.751	0.050
142	1.232	0.751	0.050
432	1.294	0.758	0.048
88	0.822	0.758	0.047
255	1.439	0.765	0.045
286	0.775	0.775	0.041
360	99.000	0.776	0.041
420	99.000	0.776	0.040
200	0.773	0.782	0.038
353	1.449	0.796	0.033
457	1.439	0.802	0.031
13	1.295	0.804	0.031
391	0.743	0.805	0.030
529	0.704	0.805	0.030
111	1.315	0.811	0.029
206	1.161	0.811	0.029
251	0.802	0.814	0.028
64	1.257	0.822	0.025
294	1.171	0.822	0.025
232	1.155	0.829	0.023
202	1.113	0.856	0.017
143	0.771	0.856	0.016
159	0.872	0.858	0.016
16	1.208	0.859	0.016
318	0.790	0.869	0.014
488	0.822	0.876	0.012
524	1.409	0.879	0.012
96	0.835	0.886	0.010
225	1.108	0.891	0.009
97	0.888	0.898	0.008
192	1.158	0.899	0.008
266	1.079	0.904	0.007
8	0.876	0.905	0.007
293	0.918	0.909	0.007
210	0.878	0.912	0.006
179	0.928	0.913	0.006
87	1.115	0.913	0.006
195	1.098	0.915	0.006
91	0.920	0.92	0.005
162	1.093	0.92	0.005
157	0.911	0.921	0.005
74	1.093	0.93	0.004
358	0.889	0.934	0.003
404	1.062	0.936	0.003
476	1.076	0.937	0.003
163	1.103	0.938	0.003
414	1.046	0.961	0.001
250	1.024	0.971	0.001
224	1.025	0.974	0.001
71	1.028	0.982	0.000
315	1.023	0.987	0.000
303	0.001	1	0.000
492	0.051	1	0.000
553	0.086	1	0.000
428	0.040	1	0.000
402	0.222	1	0.000
485	0.001	1	0.000
230	0.181	1	0.000
546	2.193	1	0.000
19	0.118	1	0.000
556	0.001	1	0.000
547	2.078	1	0.000
256	0.205	1	0.000
544	2.098	1	0.000
499	0.205	1	0.000
563	0.146	1	0.000
349	1.998	1	0.000
25	0.090	1	0.000
44	2.095	1	0.000
481	0.001	1	0.000
366	2.097	1	0.000
531	1.880	1	0.000
93	0.137	1	0.000
135	1.805	1	0.000
537	1.922	1	0.000
66	1.937	1	0.000
21	2.088	1	0.000
552	0.221	1	0.000
534	1.896	1	0.000
104	0.208	1	0.000
475	1.847	1	0.000
472	1.961	1	0.000
77	0.292	1	0.000
357	0.269	1	0.000
435	0.277	1	0.000
193	0.227	1	0.000
214	1.771	1	0.000
362	1.794	1	0.000
517	0.406	1	0.000
115	1.826	1	0.000
364	0.251	1	0.000
429	1.837	1	0.000
220	1.865	1	0.000
140	0.292	1	-0.000
229	1.854	1	-0.000
247	0.293	1	-0.000