# Stringency fit to each site after fixing tree and and all other parameters.
# Fits compared to null model of stringency = 1.520 (the overall gene value).
# P-values NOT corrected for multiple testing.
# The stringency ratio is the ratio of the fitted value to the null (overall gene value).
#
# site	stringency_ratio	P	dLnL	LnL_fixed
342	0.066	6.65e-09	16.817	-42.633
415	0.066	1.12e-05	9.649	-42.641
223	0.066	0.000133	7.302	-49.375
75	0.066	0.000166	7.092	-32.065
128	0.066	0.000862	5.552	-30.671
175	0.066	0.00169	4.930	-20.880
153	0.066	0.00175	4.896	-43.815
150	0.066	0.00281	4.463	-63.795
368	6.580	0.00335	4.302	-22.669
390	0.066	0.00359	4.240	-56.489
36	0.402	0.00395	4.153	-36.999
218	0.066	0.00465	4.005	-41.328
64	0.066	0.00481	3.974	-48.964
186	0.066	0.00545	3.862	-75.785
418	0.066	0.00563	3.833	-45.866
489	0.433	0.00658	3.691	-36.877
502	6.580	0.00662	3.686	-29.922
273	0.359	0.00769	3.552	-51.388
178	0.066	0.00793	3.525	-67.335
100	0.231	0.00857	3.455	-37.728
347	6.580	0.0089	3.422	-29.886
479	6.580	0.00898	3.413	-42.073
526	0.066	0.0106	3.265	-42.365
482	6.580	0.0108	3.247	-20.116
292	0.066	0.0117	3.181	-51.502
166	2.151	0.0118	3.169	-12.962
499	0.066	0.0123	3.133	-12.126
402	6.580	0.0125	3.120	-3.493
430	6.580	0.0154	2.934	-51.623
158	0.066	0.0158	2.911	-57.501
305	6.580	0.0159	2.908	-25.893
497	0.066	0.0164	2.879	-14.984
239	6.580	0.0166	2.869	-19.326
78	0.066	0.0166	2.867	-76.961
396	6.580	0.0171	2.842	-28.369
354	6.580	0.0187	2.764	-33.070
52	0.066	0.019	2.752	-41.719
484	6.580	0.0194	2.732	-23.540
554	6.580	0.0213	2.651	-18.314
24	6.483	0.0219	2.629	-29.974
470	0.066	0.0221	2.619	-51.432
90	0.066	0.0227	2.597	-57.272
56	2.791	0.023	2.583	-43.560
209	0.066	0.0234	2.567	-50.152
116	6.580	0.0267	2.455	-27.438
202	0.066	0.0269	2.450	-92.574
220	0.066	0.0281	2.411	-10.920
142	1.883	0.0284	2.403	-52.417
477	6.580	0.0305	2.340	-23.275
257	0.084	0.0345	2.234	-31.734
5	0.066	0.035	2.224	-36.461
550	2.869	0.0351	2.220	-33.901
498	6.297	0.0385	2.141	-20.387
145	1.482	0.039	2.131	-146.039
130	0.265	0.0394	2.121	-59.689
306	5.644	0.0428	2.051	-40.760
394	6.580	0.0432	2.044	-19.495
454	5.768	0.0474	1.965	-24.526
378	6.580	0.0478	1.959	-21.557
372	2.924	0.0488	1.941	-50.973
271	6.580	0.0495	1.929	-26.891
525	0.352	0.0535	1.865	-46.279
15	0.302	0.0545	1.848	-25.247
538	6.580	0.0561	1.825	-10.006
110	6.580	0.0571	1.810	-30.870
486	6.580	0.0584	1.791	-19.592
424	6.580	0.0589	1.784	-25.140
63	6.580	0.0596	1.774	-29.629
157	0.066	0.0604	1.764	-58.078
331	0.467	0.0611	1.754	-29.103
182	0.066	0.0644	1.710	-41.771
176	0.066	0.0651	1.701	-71.345
42	0.066	0.0654	1.697	-25.784
535	6.580	0.0657	1.693	-27.890
132	6.580	0.0669	1.679	-17.744
282	6.580	0.0693	1.650	-27.351
206	0.066	0.07	1.642	-72.168
519	6.580	0.0716	1.622	-24.161
289	2.022	0.0726	1.611	-56.953
231	0.127	0.0734	1.603	-39.598
277	0.066	0.0737	1.600	-63.725
48	6.580	0.0743	1.593	-17.403
455	6.580	0.0759	1.575	-18.123
81	6.580	0.0763	1.571	-18.894
213	0.172	0.077	1.564	-30.868
287	2.851	0.0779	1.554	-57.876
310	6.580	0.0779	1.554	-23.522
463	6.580	0.0783	1.550	-17.704
376	6.580	0.08	1.532	-25.332
512	0.103	0.0805	1.527	-16.699
494	2.891	0.0813	1.520	-17.642
435	6.580	0.0821	1.512	-1.512
505	6.580	0.0835	1.497	-18.326
248	6.580	0.0844	1.489	-20.546
222	6.580	0.0851	1.483	-14.551
26	6.580	0.0856	1.478	-26.447
228	4.026	0.0857	1.477	-19.244
389	0.208	0.0883	1.452	-25.711
93	6.580	0.0886	1.450	-1.450
395	6.580	0.0908	1.430	-16.201
147	6.580	0.0919	1.421	-21.885
285	0.200	0.0926	1.414	-28.554
241	4.217	0.0933	1.409	-20.968
28	5.319	0.0934	1.408	-31.207
234	0.254	0.0939	1.403	-21.482
73	4.916	0.0942	1.401	-30.336
174	6.580	0.0979	1.370	-22.001
261	0.440	0.0981	1.368	-27.030
129	6.580	0.1	1.353	-12.356
492	6.343	0.103	1.327	-1.327
356	6.580	0.104	1.318	-30.438
367	5.203	0.107	1.298	-22.463
103	0.066	0.108	1.289	-45.331
140	6.580	0.109	1.285	-1.286
249	6.580	0.111	1.269	-23.970
168	2.087	0.111	1.268	-54.368
283	0.345	0.112	1.266	-45.072
452	2.313	0.112	1.261	-12.465
322	6.580	0.112	1.260	-19.514
141	6.580	0.115	1.244	-11.579
214	3.832	0.116	1.237	-5.538
279	6.580	0.117	1.231	-17.486
438	2.761	0.117	1.230	-20.544
323	6.580	0.118	1.225	-28.090
152	6.535	0.118	1.219	-18.516
59	5.527	0.119	1.216	-17.166
432	0.282	0.123	1.190	-46.648
343	6.580	0.123	1.188	-21.599
476	0.130	0.123	1.188	-36.450
167	0.459	0.126	1.171	-49.806
266	1.686	0.128	1.156	-50.238
193	6.580	0.134	1.123	-1.123
71	0.072	0.134	1.122	-24.233
369	3.410	0.134	1.121	-12.283
403	3.513	0.136	1.110	-10.558
138	1.835	0.137	1.105	-62.836
401	6.580	0.139	1.095	-20.661
471	3.109	0.141	1.081	-19.843
8	0.424	0.142	1.078	-31.666
301	6.580	0.142	1.076	-22.868
233	6.580	0.142	1.076	-13.561
431	6.580	0.142	1.076	-13.969
379	5.868	0.144	1.069	-42.472
330	2.582	0.147	1.054	-8.026
335	6.580	0.148	1.044	-31.666
416	6.580	0.148	1.044	-48.953
189	6.580	0.149	1.044	-13.992
77	6.580	0.149	1.039	-1.039
40	6.580	0.15	1.036	-15.886
154	0.341	0.15	1.035	-44.164
54	3.943	0.153	1.019	-11.502
162	0.397	0.155	1.013	-35.910
350	6.580	0.155	1.010	-18.693
43	2.189	0.156	1.005	-9.209
296	6.542	0.158	0.998	-21.482
86	0.066	0.158	0.998	-60.434
106	0.294	0.158	0.996	-49.399
508	2.565	0.16	0.988	-17.133
117	5.735	0.163	0.974	-22.630
364	6.580	0.164	0.968	-0.968
61	6.580	0.164	0.967	-31.181
363	5.550	0.165	0.965	-28.482
392	6.580	0.167	0.956	-12.783
518	0.105	0.168	0.951	-26.476
240	0.085	0.169	0.946	-62.119
134	5.666	0.171	0.938	-20.309
298	6.580	0.171	0.936	-21.625
549	0.535	0.172	0.932	-12.959
173	0.390	0.173	0.930	-25.030
172	0.591	0.173	0.927	-57.691
383	6.580	0.174	0.923	-15.968
208	4.847	0.179	0.903	-24.881
98	6.580	0.18	0.899	-15.799
242	6.580	0.18	0.897	-15.344
521	0.475	0.183	0.886	-30.986
270	6.580	0.184	0.884	-18.605
315	4.823	0.184	0.882	-14.852
122	6.580	0.185	0.879	-27.258
474	0.367	0.185	0.877	-38.029
459	1.686	0.186	0.874	-34.819
311	2.972	0.186	0.874	-29.116
264	6.580	0.187	0.872	-24.630
32	6.580	0.191	0.855	-19.837
252	6.580	0.192	0.849	-20.123
533	2.040	0.193	0.846	-11.172
151	2.284	0.195	0.838	-37.511
358	0.363	0.197	0.832	-19.798
183	6.580	0.197	0.832	-16.131
557	6.580	0.198	0.829	-16.115
453	1.529	0.199	0.826	-38.435
304	1.994	0.199	0.824	-30.219
515	2.242	0.2	0.822	-49.396
105	6.471	0.202	0.815	-22.393
307	6.580	0.205	0.803	-21.072
211	0.066	0.207	0.796	-45.250
345	6.580	0.207	0.795	-33.506
198	4.582	0.209	0.788	-14.965
517	3.157	0.214	0.774	-6.549
99	0.249	0.217	0.763	-35.959
254	2.917	0.218	0.760	-12.705
284	6.580	0.22	0.753	-24.228
341	6.580	0.224	0.740	-7.706
303	0.473	0.23	0.720	-8.008
256	3.520	0.233	0.711	-3.578
393	6.580	0.236	0.704	-10.149
196	5.574	0.243	0.680	-14.335
417	5.155	0.244	0.679	-17.817
187	6.580	0.244	0.678	-10.007
92	0.464	0.249	0.665	-16.831
439	6.580	0.251	0.659	-9.852
397	0.505	0.251	0.658	-15.267
551	2.920	0.252	0.656	-23.008
49	6.580	0.253	0.653	-24.766
94	2.801	0.254	0.651	-20.697
469	6.580	0.255	0.647	-32.664
225	0.536	0.255	0.647	-44.572
255	2.708	0.262	0.628	-21.802
409	3.351	0.264	0.624	-22.697
265	0.601	0.265	0.622	-36.605
346	1.998	0.267	0.616	-9.857
53	0.066	0.268	0.614	-41.697
161	0.667	0.268	0.613	-20.940
111	0.439	0.271	0.606	-30.864
23	5.188	0.271	0.605	-23.511
565	2.445	0.271	0.605	-20.207
404	0.209	0.273	0.601	-43.384
38	1.544	0.274	0.599	-29.609
299	2.072	0.275	0.596	-72.209
449	5.381	0.278	0.588	-17.238
165	0.468	0.279	0.586	-46.981
67	6.580	0.279	0.586	-30.000
275	6.142	0.28	0.584	-15.768
400	2.293	0.284	0.573	-8.118
351	6.580	0.284	0.573	-32.031
80	6.099	0.289	0.561	-15.945
426	6.140	0.291	0.558	-19.782
181	6.580	0.292	0.554	-11.462
11	0.627	0.294	0.551	-35.386
236	0.467	0.295	0.549	-36.315
357	4.710	0.296	0.546	-0.546
171	2.098	0.296	0.546	-70.423
481	2.032	0.3	0.538	-4.777
205	0.421	0.3	0.538	-50.413
281	1.907	0.302	0.534	-22.507
297	6.580	0.304	0.529	-8.859
458	6.580	0.308	0.521	-17.608
448	1.677	0.308	0.520	-17.634
423	6.570	0.308	0.519	-28.984
564	1.673	0.313	0.509	-7.231
259	1.742	0.315	0.506	-12.467
10	0.546	0.319	0.496	-42.171
247	5.991	0.322	0.491	-0.491
359	4.918	0.324	0.487	-19.498
388	1.846	0.324	0.486	-19.031
45	1.614	0.325	0.485	-14.274
74	2.325	0.328	0.479	-22.037
144	0.794	0.328	0.478	-124.519
473	3.815	0.33	0.474	-15.900
260	2.229	0.332	0.470	-12.263
50	6.531	0.334	0.467	-29.003
199	1.843	0.334	0.466	-60.692
456	0.208	0.335	0.465	-34.652
562	1.858	0.336	0.462	-17.835
286	0.409	0.339	0.458	-41.424
559	6.580	0.339	0.457	-25.938
216	0.381	0.34	0.456	-25.526
76	5.579	0.341	0.453	-19.527
87	0.671	0.342	0.452	-56.282
192	0.614	0.342	0.452	-33.382
280	1.610	0.342	0.451	-26.699
58	6.580	0.353	0.431	-31.639
336	4.624	0.355	0.427	-16.951
125	0.590	0.356	0.426	-30.538
461	0.637	0.357	0.424	-49.220
314	0.358	0.36	0.419	-43.939
79	6.580	0.361	0.417	-30.840
126	0.415	0.362	0.416	-25.451
243	1.337	0.362	0.415	-27.598
217	5.225	0.362	0.415	-19.546
483	1.505	0.363	0.414	-12.421
510	0.066	0.365	0.411	-34.969
212	0.523	0.365	0.411	-20.563
313	1.857	0.367	0.406	-15.147
272	0.485	0.369	0.404	-15.083
201	0.295	0.371	0.399	-54.844
238	0.833	0.372	0.399	-89.769
522	0.537	0.378	0.388	-24.966
352	4.509	0.379	0.386	-14.773
179	0.656	0.38	0.386	-83.081
69	6.019	0.381	0.384	-34.163
553	1.614	0.386	0.375	-2.761
190	6.217	0.388	0.372	-13.723
361	0.695	0.399	0.355	-38.127
13	0.536	0.4	0.354	-54.895
19	0.465	0.401	0.352	-8.013
325	6.346	0.402	0.351	-10.634
457	0.647	0.406	0.345	-17.535
419	5.265	0.412	0.337	-14.992
436	5.315	0.414	0.334	-20.263
291	4.495	0.414	0.333	-11.450
27	2.633	0.415	0.332	-10.637
197	0.671	0.415	0.332	-15.971
490	1.468	0.415	0.332	-36.716
385	6.580	0.416	0.330	-15.390
442	1.904	0.418	0.328	-30.280
72	4.328	0.421	0.324	-15.529
539	4.810	0.421	0.323	-18.434
137	0.566	0.427	0.316	-57.786
237	1.626	0.427	0.316	-27.713
545	0.550	0.429	0.313	-12.976
82	5.362	0.429	0.313	-15.321
460	1.696	0.432	0.309	-47.247
398	1.515	0.435	0.305	-45.832
475	6.580	0.439	0.300	-4.285
530	6.580	0.441	0.297	-31.123
360	1.715	0.441	0.296	-9.350
188	0.602	0.444	0.294	-12.158
317	4.122	0.447	0.290	-22.314
555	1.609	0.449	0.287	-29.165
380	4.799	0.449	0.287	-15.550
542	2.094	0.45	0.285	-25.313
349	0.539	0.452	0.282	-6.634
444	6.025	0.453	0.282	-28.045
250	1.789	0.457	0.277	-54.074
184	0.066	0.457	0.277	-67.465
113	0.376	0.458	0.276	-50.073
227	0.454	0.459	0.274	-42.075
131	1.330	0.459	0.274	-12.078
136	1.726	0.461	0.272	-31.324
4	0.547	0.461	0.272	-61.024
51	2.011	0.461	0.271	-10.480
2	0.513	0.463	0.270	-36.548
516	1.686	0.468	0.263	-13.481
440	5.162	0.471	0.260	-9.662
3	0.476	0.471	0.260	-21.188
506	0.351	0.472	0.258	-22.314
7	1.405	0.474	0.256	-37.453
408	1.541	0.476	0.255	-30.316
374	6.079	0.476	0.254	-10.637
156	0.759	0.48	0.249	-49.962
47	1.571	0.482	0.247	-21.317
35	6.580	0.483	0.246	-13.419
487	1.347	0.483	0.246	-9.917
89	1.832	0.486	0.243	-46.798
29	2.241	0.488	0.240	-16.617
210	0.493	0.489	0.239	-28.522
30	5.631	0.496	0.232	-17.200
328	6.036	0.496	0.232	-31.579
337	0.649	0.497	0.231	-40.504
268	0.487	0.497	0.231	-69.412
246	1.522	0.501	0.226	-18.474
215	0.719	0.503	0.224	-29.106
203	1.177	0.504	0.224	-79.591
501	1.465	0.51	0.217	-25.041
451	4.775	0.513	0.214	-25.210
293	0.734	0.516	0.211	-46.898
31	1.391	0.518	0.209	-9.245
309	0.723	0.521	0.206	-13.132
269	1.281	0.521	0.206	-32.891
500	1.517	0.521	0.206	-8.897
386	0.606	0.522	0.205	-25.762
290	1.442	0.523	0.204	-26.626
387	1.842	0.528	0.200	-17.387
543	1.619	0.533	0.195	-49.100
22	0.755	0.533	0.194	-10.111
348	5.487	0.535	0.192	-13.534
160	1.193	0.536	0.191	-27.260
170	0.588	0.536	0.191	-60.304
496	1.515	0.539	0.189	-24.502
204	6.580	0.544	0.185	-6.682
560	1.450	0.544	0.184	-13.333
450	4.939	0.544	0.184	-12.517
485	0.808	0.546	0.183	-4.924
230	0.706	0.549	0.179	-5.852
491	1.235	0.552	0.177	-11.633
124	0.614	0.552	0.177	-24.700
355	3.992	0.552	0.177	-23.504
149	1.337	0.555	0.175	-34.206
16	0.717	0.555	0.174	-48.836
120	1.458	0.558	0.172	-17.264
118	5.576	0.558	0.171	-26.917
446	1.611	0.56	0.170	-8.888
302	1.444	0.563	0.167	-9.350
288	1.438	0.563	0.167	-56.131
195	0.726	0.564	0.167	-34.930
547	0.795	0.569	0.163	-7.800
83	1.295	0.57	0.161	-23.219
25	1.299	0.57	0.161	-4.168
121	1.268	0.571	0.161	-20.600
514	0.663	0.573	0.159	-40.858
405	1.631	0.575	0.157	-13.712
232	0.587	0.58	0.153	-68.439
308	1.205	0.583	0.150	-22.563
413	1.331	0.593	0.143	-13.318
70	0.702	0.593	0.143	-25.292
434	1.669	0.594	0.142	-21.958
507	0.681	0.595	0.142	-53.638
123	0.657	0.596	0.140	-23.141
558	0.684	0.6	0.138	-19.600
300	6.486	0.601	0.137	-8.892
180	1.392	0.603	0.135	-27.811
68	0.550	0.603	0.135	-27.353
185	1.522	0.608	0.132	-45.168
164	0.756	0.614	0.127	-25.830
427	0.759	0.615	0.126	-17.692
169	1.255	0.617	0.125	-48.074
229	0.675	0.618	0.124	-7.090
146	0.796	0.62	0.123	-108.131
327	1.378	0.621	0.122	-16.012
34	1.267	0.622	0.122	-10.758
274	0.066	0.622	0.121	-58.854
18	1.262	0.622	0.121	-8.126
437	1.309	0.627	0.118	-10.531
108	1.449	0.628	0.117	-11.828
536	0.740	0.63	0.116	-29.587
340	0.760	0.632	0.114	-32.597
84	1.214	0.634	0.113	-8.464
267	4.192	0.634	0.113	-12.380
511	1.376	0.635	0.113	-32.302
320	4.216	0.637	0.111	-11.497
251	1.410	0.64	0.110	-29.959
133	0.809	0.64	0.109	-10.604
295	1.337	0.641	0.109	-10.664
540	1.457	0.641	0.109	-24.631
6	0.758	0.642	0.108	-34.700
96	1.411	0.644	0.106	-19.099
316	1.368	0.647	0.105	-11.590
433	1.238	0.653	0.101	-23.704
324	1.274	0.661	0.096	-43.962
381	1.289	0.664	0.094	-33.794
339	1.362	0.669	0.091	-28.762
552	1.305	0.674	0.088	-3.491
406	1.559	0.675	0.088	-13.234
478	1.178	0.679	0.085	-31.458
235	0.614	0.68	0.085	-40.359
244	0.703	0.68	0.085	-13.137
62	1.171	0.681	0.085	-48.000
412	1.271	0.681	0.084	-13.426
468	0.757	0.684	0.083	-20.495
546	0.729	0.684	0.083	-9.482
14	0.723	0.692	0.079	-46.497
219	1.280	0.693	0.078	-32.803
466	1.256	0.702	0.073	-15.523
95	1.350	0.703	0.073	-14.467
503	1.316	0.705	0.072	-42.726
333	4.676	0.709	0.070	-8.914
319	1.152	0.718	0.065	-11.408
365	1.224	0.726	0.062	-10.931
488	1.160	0.726	0.061	-17.862
104	0.765	0.729	0.060	-6.695
46	1.218	0.729	0.060	-10.398
447	1.283	0.732	0.059	-12.092
399	1.263	0.739	0.056	-11.858
332	1.589	0.744	0.053	-9.236
191	1.177	0.745	0.053	-37.209
561	1.235	0.749	0.051	-13.356
366	5.132	0.753	0.049	-5.984
528	1.199	0.754	0.049	-16.361
465	1.135	0.757	0.048	-31.061
294	0.753	0.757	0.048	-71.200
445	1.409	0.76	0.047	-14.831
420	1.213	0.762	0.046	-7.180
414	0.842	0.762	0.046	-29.009
428	1.130	0.762	0.046	-4.172
224	1.219	0.764	0.045	-44.292
563	1.353	0.764	0.045	-2.952
41	1.135	0.77	0.043	-24.511
318	0.815	0.771	0.042	-14.980
55	1.087	0.772	0.042	-29.139
429	1.165	0.775	0.041	-4.670
537	1.152	0.777	0.040	-6.398
443	0.883	0.777	0.040	-14.156
382	1.297	0.778	0.040	-23.103
329	1.117	0.778	0.040	-41.899
155	1.245	0.78	0.039	-67.500
37	0.849	0.781	0.039	-43.076
115	1.150	0.781	0.039	-4.704
321	0.813	0.785	0.037	-25.535
532	1.131	0.786	0.037	-11.237
258	0.855	0.787	0.036	-19.147
119	1.177	0.791	0.035	-20.699
353	0.827	0.801	0.032	-16.913
548	1.270	0.805	0.030	-8.854
375	1.188	0.806	0.030	-18.726
114	1.079	0.808	0.030	-41.765
534	1.133	0.811	0.029	-5.746
101	1.156	0.815	0.027	-36.492
21	0.924	0.818	0.026	-4.090
60	1.177	0.823	0.025	-44.969
57	0.815	0.824	0.025	-8.566
531	0.902	0.824	0.025	-7.984
163	0.920	0.824	0.025	-26.940
276	0.865	0.828	0.024	-60.161
344	1.141	0.829	0.023	-9.871
207	1.127	0.83	0.023	-32.859
112	1.221	0.83	0.023	-14.998
362	0.919	0.832	0.022	-4.167
441	0.895	0.842	0.020	-36.204
33	1.156	0.844	0.019	-10.670
177	0.875	0.847	0.019	-29.293
384	6.563	0.848	0.018	-7.224
504	0.878	0.848	0.018	-18.933
9	0.905	0.856	0.016	-36.983
263	1.153	0.86	0.016	-9.837
472	0.906	0.86	0.016	-4.347
462	0.925	0.861	0.015	-7.306
407	1.138	0.863	0.015	-29.798
410	0.888	0.873	0.013	-20.335
12	1.087	0.873	0.013	-35.595
421	0.919	0.873	0.013	-27.326
245	1.084	0.874	0.012	-7.836
97	1.063	0.884	0.011	-29.688
334	0.908	0.884	0.011	-31.368
109	1.097	0.892	0.009	-7.624
527	1.102	0.893	0.009	-11.447
370	1.132	0.894	0.009	-18.981
65	0.915	0.896	0.009	-28.554
464	0.938	0.898	0.008	-18.598
278	0.914	0.898	0.008	-53.453
88	0.937	0.905	0.007	-59.469
143	0.937	0.908	0.007	-12.977
91	1.052	0.912	0.006	-48.220
480	1.038	0.912	0.006	-6.704
523	1.102	0.913	0.006	-12.111
148	1.066	0.917	0.005	-49.738
371	0.941	0.92	0.005	-7.701
312	0.938	0.922	0.005	-13.186
85	1.036	0.924	0.005	-22.957
221	1.058	0.926	0.004	-51.518
377	1.124	0.926	0.004	-12.559
495	0.965	0.928	0.004	-24.178
425	1.049	0.934	0.003	-32.747
200	0.946	0.938	0.003	-29.294
262	1.056	0.944	0.002	-9.632
159	0.965	0.946	0.002	-45.883
493	1.048	0.948	0.002	-19.942
524	0.942	0.949	0.002	-17.968
107	0.975	0.949	0.002	-7.580
422	1.029	0.951	0.002	-34.216
509	1.051	0.952	0.002	-14.200
513	0.959	0.957	0.001	-16.003
411	1.034	0.957	0.001	-16.347
44	1.036	0.959	0.001	-4.872
139	0.971	0.959	0.001	-25.905
529	0.968	0.96	0.001	-17.985
467	1.042	0.96	0.001	-49.500
102	1.028	0.961	0.001	-43.476
544	0.966	0.962	0.001	-6.849
17	0.982	0.964	0.001	-25.665
391	1.023	0.964	0.001	-22.631
253	0.974	0.965	0.001	-20.853
66	0.976	0.966	0.001	-4.837
135	1.037	0.966	0.001	-8.347
373	0.980	0.968	0.001	-14.427
20	1.014	0.971	0.001	-24.979
520	0.978	0.977	0.000	-21.061
338	1.014	0.978	0.000	-30.558
556	1.017	0.979	0.000	-5.300
39	1.023	0.981	0.000	-15.998
541	1.016	0.982	0.000	-19.672
194	1.007	0.987	0.000	-22.306
226	1.023	0.989	0.000	-12.155
326	0.987	0.991	0.000	-60.367
127	1.009	0.993	0.000	-18.397