# Stringency fit to each site after fixing tree and and all other parameters.
# Fits compared to null model of stringency = 0.100 (the overall gene value).
# P-values NOT corrected for multiple testing.
# The stringency ratio is the ratio of the fitted value to the null (overall gene value).
#
# site	stringency_ratio	P	dLnL	LnL_fixed
238	15.415	7.51e-06	10.029	-99.394
144	17.841	0.0012	5.243	-136.000
258	100.000	0.00135	5.134	-19.469
23	100.000	0.00201	4.768	-27.909
355	100.000	0.00269	4.503	-27.620
317	100.000	0.00324	4.333	-26.982
336	83.895	0.00334	4.307	-20.935
300	100.000	0.00406	4.129	-12.797
301	100.000	0.00557	3.842	-26.830
412	63.512	0.0059	3.790	-14.063
471	100.000	0.00592	3.787	-21.296
542	100.000	0.00961	3.352	-26.871
540	100.000	0.01	3.315	-25.924
527	100.000	0.0102	3.297	-12.501
475	100.000	0.012	3.156	-7.111
481	100.000	0.0127	3.103	-7.635
19	100.000	0.0131	3.076	-8.034
345	100.000	0.0141	3.010	-35.929
206	32.429	0.0165	2.876	-73.194
325	38.561	0.0193	2.738	-14.080
434	23.646	0.02	2.706	-26.840
550	19.723	0.0226	2.600	-35.261
186	13.097	0.0248	2.519	-75.432
315	100.000	0.0258	2.486	-16.899
392	100.000	0.0306	2.338	-15.322
553	26.440	0.0332	2.268	-5.950
203	15.660	0.0354	2.213	-89.096
209	13.608	0.0419	2.069	-47.151
284	24.458	0.0465	1.982	-27.505
446	29.455	0.0498	1.925	-12.483
297	81.615	0.05	1.921	-11.709
223	13.217	0.0523	1.883	-43.799
354	51.262	0.056	1.826	-38.147
288	12.391	0.0636	1.720	-57.123
268	20.591	0.0647	1.706	-69.185
171	19.167	0.0707	1.634	-75.950
511	27.363	0.0711	1.628	-32.128
467	10.713	0.0747	1.589	-52.830
41	24.585	0.0761	1.573	-26.638
38	15.677	0.0769	1.564	-30.972
558	15.571	0.0778	1.556	-19.724
281	24.238	0.0831	1.502	-25.956
9	13.870	0.0879	1.456	-38.198
394	18.598	0.0889	1.447	-21.176
266	10.440	0.0892	1.444	-57.114
176	19.969	0.0897	1.440	-71.784
132	23.704	0.0899	1.439	-21.150
340	35.314	0.105	1.315	-32.541
416	16.849	0.109	1.286	-50.460
323	30.188	0.11	1.280	-31.482
34	17.700	0.122	1.196	-14.915
50	14.897	0.124	1.180	-31.935
154	17.044	0.127	1.165	-44.674
452	13.057	0.128	1.159	-15.571
296	47.982	0.131	1.139	-25.201
202	16.041	0.134	1.124	-95.031
548	11.793	0.138	1.098	-13.086
201	13.953	0.141	1.084	-56.325
564	18.964	0.145	1.061	-10.839
541	13.873	0.153	1.020	-20.316
115	14.832	0.164	0.970	-6.944
187	22.643	0.176	0.915	-11.952
184	11.053	0.182	0.891	-68.067
510	12.415	0.186	0.875	-33.301
24	23.477	0.201	0.818	-34.565
382	20.321	0.201	0.817	-23.435
400	17.376	0.201	0.816	-10.644
231	12.739	0.204	0.805	-37.158
488	10.724	0.206	0.800	-21.453
15	9.168	0.207	0.796	-24.895
274	9.954	0.21	0.785	-61.210
114	29.279	0.222	0.747	-47.937
482	28.444	0.229	0.725	-20.805
490	8.338	0.242	0.685	-39.464
395	31.108	0.242	0.684	-18.534
177	12.803	0.245	0.676	-31.223
208	13.856	0.248	0.669	-30.264
514	9.216	0.248	0.666	-40.351
254	21.412	0.251	0.658	-14.331
81	8.687	0.254	0.651	-21.744
272	10.925	0.261	0.632	-15.396
276	22.811	0.263	0.626	-60.547
73	18.890	0.266	0.620	-33.243
531	13.686	0.267	0.615	-11.826
538	11.895	0.276	0.595	-11.413
563	7.514	0.284	0.574	-5.790
270	8.220	0.288	0.563	-22.394
551	11.982	0.298	0.541	-23.042
420	5.724	0.304	0.529	-9.670
140	9.065	0.305	0.526	-5.390
30	17.344	0.311	0.514	-20.657
221	12.424	0.311	0.514	-53.712
226	11.892	0.324	0.486	-12.307
525	6.017	0.328	0.478	-46.004
222	6.989	0.331	0.473	-16.580
18	6.515	0.339	0.457	-11.654
308	13.288	0.348	0.441	-26.643
246	10.168	0.35	0.437	-21.563
142	13.373	0.351	0.435	-67.955
529	10.155	0.353	0.432	-19.129
29	8.933	0.363	0.413	-19.588
43	9.973	0.368	0.404	-11.955
275	12.467	0.373	0.397	-19.068
161	10.474	0.379	0.387	-23.439
451	15.095	0.379	0.387	-28.174
476	7.078	0.38	0.385	-35.804
516	7.460	0.383	0.380	-16.482
33	6.735	0.385	0.378	-14.356
167	5.787	0.388	0.372	-48.975
45	6.656	0.388	0.372	-18.530
512	6.373	0.39	0.370	-14.257
358	7.334	0.39	0.369	-19.524
35	11.074	0.393	0.364	-16.795
48	8.408	0.399	0.356	-19.386
69	6.774	0.399	0.355	-36.613
59	6.782	0.4	0.354	-22.068
7	8.556	0.403	0.349	-40.721
381	11.714	0.412	0.337	-37.284
170	8.202	0.415	0.332	-59.242
239	10.785	0.418	0.328	-21.397
250	7.884	0.42	0.325	-58.894
362	7.905	0.429	0.313	-7.779
305	15.319	0.43	0.312	-27.616
515	20.613	0.43	0.311	-50.868
477	7.439	0.438	0.301	-25.994
539	7.071	0.448	0.288	-21.437
42	8.415	0.451	0.284	-23.522
225	31.558	0.453	0.282	-45.761
500	7.109	0.46	0.273	-12.252
419	9.847	0.46	0.272	-18.581
126	9.280	0.467	0.264	-26.049
455	6.913	0.475	0.255	-21.571
20	12.337	0.477	0.253	-28.678
552	9.963	0.478	0.251	-5.462
407	8.973	0.482	0.247	-29.981
185	8.593	0.484	0.244	-45.248
6	9.270	0.497	0.231	-36.025
118	5.505	0.501	0.226	-30.240
465	10.515	0.501	0.226	-33.481
294	8.878	0.505	0.222	-73.890
97	7.245	0.506	0.221	-33.685
458	5.780	0.506	0.221	-21.003
328	15.971	0.508	0.220	-34.516
524	7.090	0.51	0.217	-18.750
157	12.760	0.512	0.215	-60.321
522	7.703	0.516	0.211	-24.249
212	13.195	0.517	0.210	-19.698
58	6.319	0.535	0.193	-34.731
89	7.635	0.539	0.189	-50.061
326	15.080	0.546	0.182	-61.068
162	5.265	0.548	0.181	-36.249
456	11.583	0.55	0.179	-33.348
220	10.261	0.567	0.164	-8.470
293	6.831	0.579	0.154	-48.727
508	5.125	0.583	0.150	-18.573
216	5.431	0.598	0.139	-24.085
493	3.854	0.604	0.135	-19.704
75	4.196	0.61	0.130	-23.285
521	4.034	0.611	0.130	-29.516
13	4.239	0.614	0.127	-58.312
85	4.816	0.62	0.123	-27.809
311	10.361	0.621	0.122	-33.587
183	5.232	0.628	0.118	-19.766
506	14.063	0.631	0.115	-22.107
236	4.682	0.64	0.110	-35.227
544	5.487	0.652	0.102	-10.375
444	5.597	0.654	0.100	-31.363
286	5.511	0.655	0.100	-42.422
102	5.661	0.671	0.090	-45.225
230	5.611	0.671	0.090	-5.942
77	3.838	0.671	0.090	-5.455
27	3.901	0.691	0.079	-13.837
504	5.057	0.693	0.078	-18.551
205	4.369	0.695	0.077	-51.995
454	3.979	0.703	0.073	-29.597
310	4.556	0.704	0.072	-27.767
441	4.163	0.706	0.071	-37.768
143	4.739	0.706	0.071	-15.230
545	6.152	0.715	0.067	-13.564
303	4.209	0.718	0.065	-7.893
424	4.312	0.719	0.065	-28.991
292	7.649	0.72	0.064	-48.352
166	3.691	0.721	0.064	-17.217
483	4.162	0.725	0.062	-16.276
360	6.424	0.725	0.062	-13.826
463	3.597	0.731	0.059	-19.972
435	3.063	0.738	0.056	-5.463
363	3.602	0.738	0.056	-33.002
549	3.293	0.744	0.053	-13.928
207	3.514	0.745	0.053	-36.770
492	2.573	0.754	0.049	-6.182
2	4.749	0.755	0.049	-37.585
445	3.199	0.756	0.048	-18.372
440	3.325	0.757	0.048	-13.761
415	4.880	0.761	0.046	-34.855
507	3.196	0.761	0.046	-52.705
46	3.107	0.762	0.046	-12.896
459	4.387	0.775	0.041	-38.142
51	3.403	0.787	0.037	-11.554
74	3.142	0.79	0.035	-25.451
329	5.303	0.812	0.028	-43.775
57	2.884	0.814	0.028	-9.454
213	3.767	0.823	0.025	-29.516
468	2.592	0.824	0.025	-20.153
40	2.552	0.828	0.024	-19.039
219	2.283	0.837	0.021	-36.304
54	2.593	0.851	0.018	-14.749
426	2.193	0.857	0.016	-22.928
180	2.412	0.861	0.015	-27.853
197	2.568	0.866	0.014	-15.990
259	3.088	0.875	0.012	-15.606
285	3.866	0.881	0.011	-26.789
87	2.255	0.885	0.010	-56.510
350	2.119	0.892	0.009	-22.682
257	2.000	0.893	0.009	-31.310
3	2.261	0.895	0.009	-21.883
98	2.760	0.899	0.008	-19.868
534	2.157	0.903	0.007	-8.500
263	2.344	0.909	0.007	-13.320
546	1.846	0.91	0.006	-13.603
409	1.863	0.911	0.006	-23.896
438	1.740	0.913	0.006	-22.990
210	2.348	0.914	0.006	-29.625
339	2.346	0.918	0.005	-28.814
260	1.920	0.92	0.005	-14.596
450	2.092	0.92	0.005	-15.678
253	1.905	0.928	0.004	-21.822
307	1.594	0.935	0.003	-25.314
439	1.901	0.935	0.003	-13.799
327	1.648	0.937	0.003	-18.052
290	1.722	0.94	0.003	-28.350
64	1.380	0.943	0.003	-46.953
523	1.574	0.944	0.002	-14.082
150	1.395	0.949	0.002	-62.061
371	1.689	0.95	0.002	-10.644
174	1.395	0.96	0.001	-26.249
437	1.541	0.962	0.001	-13.933
95	1.192	0.976	0.000	-18.683
509	1.435	0.977	0.000	-16.053
479	1.245	0.991	0.000	-44.254
528	1.039	0.996	0.000	-18.590
217	1.032	0.997	0.000	-23.531
4	1.000	1	0.000	-65.671
5	1.000	1	0.000	-36.219
8	1.000	1	0.000	-31.945
10	1.000	1	0.000	-41.056
11	1.000	1	0.000	-38.868
12	1.000	1	0.000	-38.700
14	1.000	1	0.000	-47.389
16	1.000	1	0.000	-52.050
17	1.000	1	0.000	-28.388
21	1.000	1	0.000	-8.219
22	1.000	1	0.000	-12.334
25	1.000	1	0.000	-7.868
26	1.000	1	0.000	-30.599
28	1.000	1	0.000	-36.957
31	1.000	1	0.000	-13.188
32	1.000	1	0.000	-23.056
36	1.000	1	0.000	-36.646
37	1.000	1	0.000	-42.001
39	1.000	1	0.000	-18.415
44	1.000	1	0.000	-8.360
47	1.000	1	0.000	-22.692
49	1.000	1	0.000	-27.753
52	1.000	1	0.000	-41.804
53	1.000	1	0.000	-41.989
55	1.000	1	0.000	-32.376
56	1.000	1	0.000	-45.958
60	1.000	1	0.000	-49.881
61	1.000	1	0.000	-33.770
62	1.000	1	0.000	-53.499
63	1.000	1	0.000	-33.823
65	1.000	1	0.000	-28.340
66	1.000	1	0.000	-9.274
67	1.000	1	0.000	-32.945
68	1.000	1	0.000	-27.628
70	1.000	1	0.000	-25.580
71	1.000	1	0.000	-23.868
72	1.000	1	0.000	-20.939
76	1.000	1	0.000	-24.313
78	1.000	1	0.000	-75.790
79	1.000	1	0.000	-33.771
80	1.000	1	0.000	-20.372
82	1.000	1	0.000	-20.110
83	1.000	1	0.000	-25.789
84	1.000	1	0.000	-13.266
86	1.000	1	0.000	-63.362
88	1.000	1	0.000	-63.000
90	1.000	1	0.000	-58.338
91	1.000	1	0.000	-52.357
92	1.000	1	0.000	-16.388
93	1.000	1	0.000	-5.620
94	1.000	1	0.000	-23.568
96	1.000	1	0.000	-21.785
99	1.000	1	0.000	-35.424
100	1.000	1	0.000	-35.233
101	1.000	1	0.000	-38.267
103	1.000	1	0.000	-45.527
104	1.000	1	0.000	-6.958
105	1.000	1	0.000	-26.785
106	1.000	1	0.000	-50.121
107	1.000	1	0.000	-12.254
108	1.000	1	0.000	-16.010
109	1.000	1	0.000	-12.266
110	1.000	1	0.000	-34.683
111	1.000	1	0.000	-31.309
112	1.000	1	0.000	-16.039
113	1.000	1	0.000	-51.489
116	1.000	1	0.000	-30.953
117	1.000	1	0.000	-26.962
119	1.000	1	0.000	-22.877
120	1.000	1	0.000	-21.231
121	1.000	1	0.000	-24.081
122	1.000	1	0.000	-29.681
123	1.000	1	0.000	-23.040
124	1.000	1	0.000	-25.569
125	1.000	1	0.000	-30.865
127	1.000	1	0.000	-18.350
128	1.000	1	0.000	-23.863
129	1.000	1	0.000	-15.220
130	1.000	1	0.000	-58.311
131	1.000	1	0.000	-16.352
133	1.000	1	0.000	-12.855
134	1.000	1	0.000	-25.032
135	1.000	1	0.000	-11.147
136	1.000	1	0.000	-31.985
137	1.000	1	0.000	-60.512
138	1.000	1	0.000	-67.962
139	1.000	1	0.000	-26.653
141	1.000	1	0.000	-15.211
145	1.000	1	0.000	-165.871
146	1.000	1	0.000	-116.493
147	1.000	1	0.000	-25.807
148	1.000	1	0.000	-47.688
149	1.000	1	0.000	-37.588
151	1.000	1	0.000	-43.747
152	1.000	1	0.000	-23.464
153	1.000	1	0.000	-39.965
155	1.000	1	0.000	-70.936
156	1.000	1	0.000	-51.569
158	1.000	1	0.000	-57.306
159	1.000	1	0.000	-48.694
160	1.000	1	0.000	-30.308
163	1.000	1	0.000	-29.653
164	1.000	1	0.000	-26.908
165	1.000	1	0.000	-47.914
168	1.000	1	0.000	-56.856
169	1.000	1	0.000	-53.062
172	1.000	1	0.000	-59.761
173	1.000	1	0.000	-25.251
175	1.000	1	0.000	-15.646
178	1.000	1	0.000	-67.712
179	1.000	1	0.000	-88.316
181	1.000	1	0.000	-14.694
182	1.000	1	0.000	-39.635
188	1.000	1	0.000	-12.759
189	1.000	1	0.000	-17.018
190	1.000	1	0.000	-17.335
191	1.000	1	0.000	-38.188
192	1.000	1	0.000	-34.457
193	1.000	1	0.000	-5.545
194	1.000	1	0.000	-26.683
195	1.000	1	0.000	-37.194
196	1.000	1	0.000	-18.713
198	1.000	1	0.000	-18.521
199	1.000	1	0.000	-62.287
200	1.000	1	0.000	-31.334
204	1.000	1	0.000	-9.958
211	1.000	1	0.000	-46.571
214	1.000	1	0.000	-7.290
215	1.000	1	0.000	-28.983
218	1.000	1	0.000	-37.285
224	1.000	1	0.000	-47.581
227	1.000	1	0.000	-43.247
228	1.000	1	0.000	-21.707
229	1.000	1	0.000	-7.729
232	1.000	1	0.000	-72.640
233	1.000	1	0.000	-16.498
234	1.000	1	0.000	-20.226
235	1.000	1	0.000	-39.609
237	1.000	1	0.000	-27.704
240	1.000	1	0.000	-65.015
241	1.000	1	0.000	-24.604
242	1.000	1	0.000	-18.818
243	1.000	1	0.000	-30.331
244	1.000	1	0.000	-14.277
245	1.000	1	0.000	-11.114
247	1.000	1	0.000	-5.583
248	1.000	1	0.000	-22.082
249	1.000	1	0.000	-26.164
251	1.000	1	0.000	-32.242
252	1.000	1	0.000	-22.705
255	1.000	1	0.000	-24.233
256	1.000	1	0.000	-6.023
261	1.000	1	0.000	-27.348
262	1.000	1	0.000	-14.529
264	1.000	1	0.000	-27.431
265	1.000	1	0.000	-38.001
267	1.000	1	0.000	-17.152
269	1.000	1	0.000	-37.702
271	1.000	1	0.000	-31.850
273	1.000	1	0.000	-48.821
277	1.000	1	0.000	-66.225
278	1.000	1	0.000	-55.568
279	1.000	1	0.000	-19.964
280	1.000	1	0.000	-29.584
282	1.000	1	0.000	-29.158
283	1.000	1	0.000	-46.531
287	1.000	1	0.000	-63.027
289	1.000	1	0.000	-61.402
291	1.000	1	0.000	-16.719
295	1.000	1	0.000	-15.507
298	1.000	1	0.000	-25.760
299	1.000	1	0.000	-75.356
302	1.000	1	0.000	-12.723
304	1.000	1	0.000	-34.619
306	1.000	1	0.000	-41.470
309	1.000	1	0.000	-16.123
312	1.000	1	0.000	-14.908
313	1.000	1	0.000	-17.153
314	1.000	1	0.000	-44.894
316	1.000	1	0.000	-14.900
318	1.000	1	0.000	-16.205
319	1.000	1	0.000	-16.275
320	1.000	1	0.000	-16.672
321	1.000	1	0.000	-25.315
322	1.000	1	0.000	-23.800
324	1.000	1	0.000	-48.691
330	1.000	1	0.000	-12.645
331	1.000	1	0.000	-29.208
332	1.000	1	0.000	-12.751
333	1.000	1	0.000	-13.410
334	1.000	1	0.000	-32.127
335	1.000	1	0.000	-36.167
337	1.000	1	0.000	-39.561
338	1.000	1	0.000	-32.469
341	1.000	1	0.000	-10.750
342	1.000	1	0.000	-24.423
343	1.000	1	0.000	-25.019
344	1.000	1	0.000	-14.528
346	1.000	1	0.000	-13.189
347	1.000	1	0.000	-31.401
348	1.000	1	0.000	-17.863
349	1.000	1	0.000	-8.048
351	1.000	1	0.000	-36.807
352	1.000	1	0.000	-20.231
353	1.000	1	0.000	-19.051
356	1.000	1	0.000	-35.059
357	1.000	1	0.000	-5.524
359	1.000	1	0.000	-24.105
361	1.000	1	0.000	-39.944
364	1.000	1	0.000	-5.569
365	1.000	1	0.000	-14.543
366	1.000	1	0.000	-10.163
367	1.000	1	0.000	-28.085
368	1.000	1	0.000	-24.515
369	1.000	1	0.000	-14.880
370	1.000	1	0.000	-19.091
372	1.000	1	0.000	-54.395
373	1.000	1	0.000	-17.237
374	1.000	1	0.000	-15.256
375	1.000	1	0.000	-21.318
376	1.000	1	0.000	-29.355
377	1.000	1	0.000	-16.360
378	1.000	1	0.000	-24.609
379	1.000	1	0.000	-47.564
380	1.000	1	0.000	-20.640
383	1.000	1	0.000	-19.260
384	1.000	1	0.000	-10.859
385	1.000	1	0.000	-18.919
386	1.000	1	0.000	-26.032
387	1.000	1	0.000	-22.143
388	1.000	1	0.000	-22.075
389	1.000	1	0.000	-23.365
390	1.000	1	0.000	-52.632
391	1.000	1	0.000	-25.137
393	1.000	1	0.000	-12.345
396	1.000	1	0.000	-31.996
397	1.000	1	0.000	-15.841
398	1.000	1	0.000	-50.976
399	1.000	1	0.000	-14.334
401	1.000	1	0.000	-21.645
402	1.000	1	0.000	-6.310
403	1.000	1	0.000	-12.783
404	1.000	1	0.000	-44.291
405	1.000	1	0.000	-15.330
406	1.000	1	0.000	-14.228
408	1.000	1	0.000	-32.090
410	1.000	1	0.000	-20.010
411	1.000	1	0.000	-18.531
413	1.000	1	0.000	-17.974
414	1.000	1	0.000	-31.180
417	1.000	1	0.000	-22.168
418	1.000	1	0.000	-44.674
421	1.000	1	0.000	-28.112
422	1.000	1	0.000	-35.475
423	1.000	1	0.000	-31.732
425	1.000	1	0.000	-35.794
427	1.000	1	0.000	-18.239
428	1.000	1	0.000	-7.890
429	1.000	1	0.000	-8.088
430	1.000	1	0.000	-55.559
431	1.000	1	0.000	-18.106
432	1.000	1	0.000	-45.900
433	1.000	1	0.000	-25.293
436	1.000	1	0.000	-23.816
442	1.000	1	0.000	-31.660
443	1.000	1	0.000	-16.924
447	1.000	1	0.000	-15.578
448	1.000	1	0.000	-20.959
449	1.000	1	0.000	-20.824
453	1.000	1	0.000	-40.892
457	1.000	1	0.000	-18.525
460	1.000	1	0.000	-49.003
461	1.000	1	0.000	-50.836
462	1.000	1	0.000	-10.853
464	1.000	1	0.000	-20.009
466	1.000	1	0.000	-19.562
469	1.000	1	0.000	-35.372
470	1.000	1	0.000	-50.316
472	1.000	1	0.000	-7.087
473	1.000	1	0.000	-20.256
474	1.000	1	0.000	-35.301
478	1.000	1	0.000	-33.384
480	1.000	1	0.000	-11.389
484	1.000	1	0.000	-26.386
485	1.000	1	0.000	-8.844
486	1.000	1	0.000	-20.137
487	1.000	1	0.000	-14.675
489	1.000	1	0.000	-35.353
491	1.000	1	0.000	-16.589
494	1.000	1	0.000	-19.531
495	1.000	1	0.000	-27.106
496	1.000	1	0.000	-29.589
497	1.000	1	0.000	-12.045
498	1.000	1	0.000	-22.749
499	1.000	1	0.000	-8.938
501	1.000	1	0.000	-25.829
502	1.000	1	0.000	-30.695
503	1.000	1	0.000	-43.808
505	1.000	1	0.000	-21.742
513	1.000	1	0.000	-16.593
517	1.000	1	0.000	-7.986
518	1.000	1	0.000	-24.171
519	1.000	1	0.000	-27.009
520	1.000	1	0.000	-20.426
526	1.000	1	0.000	-39.531
530	1.000	1	0.000	-34.039
532	1.000	1	0.000	-14.010
533	1.000	1	0.000	-14.222
535	1.000	1	0.000	-30.745
536	1.000	1	0.000	-33.078
537	1.000	1	0.000	-10.896
543	1.000	1	0.000	-49.739
547	1.000	1	0.000	-12.170
554	1.000	1	0.000	-20.622
555	1.000	1	0.000	-29.252
556	1.000	1	0.000	-6.962
557	1.000	1	0.000	-19.684
559	1.000	1	0.000	-28.810
560	1.000	1	0.000	-16.017
561	1.000	1	0.000	-15.184
562	1.000	1	0.000	-20.034
565	1.000	1	0.000	-22.253