# Omega fit to each site after fixing tree and and all other parameters.
# Not using '--omegabysite_fixsyn', so we fit a synonymous rate for each site. This means we compare fitting omega and a synonymous rate to fitting just a synonymous rate.
# Fits compared to null model of omega = 1.000; P-values NOT corrected for multiple testing.
#
# site	omega	P	dLnL
148	0.001	1.77e-06	11.416
474	0.001	4.03e-06	10.626
305	0.001	2.5e-05	8.884
342	0.001	6.29e-05	8.007
343	0.001	0.000396	6.276
520	0.001	0.000474	6.107
237	0.001	0.000713	5.727
75	0.001	0.000921	5.490
515	0.125	0.00122	5.233
161	99.000	0.00138	5.116
518	0.001	0.00178	4.883
268	0.146	0.00194	4.804
482	0.001	0.00248	4.577
502	0.001	0.00249	4.575
231	0.053	0.0025	4.569
42	0.001	0.00264	4.522
138	0.159	0.00342	4.283
389	0.059	0.00363	4.231
494	0.001	0.00427	4.083
10	0.102	0.00439	4.059
456	0.074	0.00441	4.052
128	0.050	0.0046	4.016
507	0.144	0.00473	3.990
368	0.001	0.0049	3.957
150	7.823	0.005	3.939
321	0.001	0.00515	3.913
410	0.001	0.00521	3.902
396	0.001	0.00545	3.863
191	0.001	0.00553	3.849
504	0.001	0.00595	3.783
550	0.087	0.00642	3.715
551	0.001	0.00681	3.661
168	0.190	0.00732	3.596
501	0.073	0.00735	3.593
337	0.129	0.00774	3.546
510	0.092	0.00776	3.544
145	0.298	0.00781	3.539
276	0.194	0.00835	3.478
112	0.001	0.00859	3.453
339	0.001	0.00879	3.432
323	0.001	0.00895	3.416
372	0.195	0.00938	3.375
37	0.001	0.0094	3.373
170	0.194	0.0103	3.288
536	99.000	0.0106	3.262
175	0.001	0.0108	3.251
180	0.001	0.0122	3.141
493	0.001	0.0125	3.122
412	0.001	0.0126	3.114
555	0.001	0.0128	3.101
172	0.203	0.0135	3.053
306	0.001	0.0144	2.993
235	0.159	0.0157	2.916
484	0.001	0.0164	2.882
347	0.001	0.0166	2.870
258	0.001	0.0177	2.815
56	0.001	0.0177	2.813
52	99.000	0.0179	2.805
184	0.228	0.0182	2.791
486	0.001	0.0185	2.773
139	0.001	0.0202	2.696
236	0.109	0.0218	2.632
65	0.001	0.0225	2.604
512	0.001	0.0226	2.598
218	0.151	0.0237	2.557
239	0.001	0.024	2.549
288	0.229	0.0242	2.540
468	0.001	0.0248	2.519
508	0.001	0.0253	2.503
5	8.590	0.0266	2.457
407	0.001	0.0281	2.411
197	0.001	0.0305	2.340
273	0.193	0.0317	2.306
431	0.001	0.0321	2.295
207	7.534	0.0328	2.278
248	0.001	0.0339	2.249
215	0.001	0.0346	2.231
285	0.140	0.0354	2.212
212	0.081	0.0377	2.160
11	99.000	0.0383	2.146
535	0.001	0.0389	2.132
434	99.000	0.0392	2.127
479	0.001	0.0398	2.114
511	0.001	0.0425	2.057
541	0.001	0.0428	2.053
228	0.001	0.0436	2.035
453	0.157	0.0471	1.971
521	0.001	0.0472	1.969
455	0.001	0.0479	1.956
543	0.180	0.051	1.904
394	0.001	0.0518	1.891
471	0.001	0.055	1.841
151	6.864	0.0556	1.832
38	0.001	0.0561	1.825
460	0.259	0.0562	1.823
409	0.001	0.0626	1.733
461	6.926	0.063	1.729
395	0.001	0.064	1.715
388	0.001	0.0646	1.708
416	0.001	0.0654	1.697
519	0.001	0.0655	1.696
4	99.000	0.0665	1.684
370	0.001	0.0669	1.679
26	0.001	0.0673	1.674
234	0.001	0.0675	1.672
405	0.001	0.0676	1.670
60	5.519	0.0676	1.670
216	0.148	0.0713	1.626
369	0.001	0.0714	1.626
199	0.345	0.0722	1.616
513	0.001	0.0751	1.584
401	0.001	0.077	1.564
127	0.001	0.0783	1.550
47	0.001	0.0806	1.526
322	0.001	0.083	1.503
221	0.289	0.0832	1.501
116	0.001	0.0878	1.457
187	0.001	0.0892	1.445
281	0.001	0.0893	1.444
427	0.001	0.0897	1.440
23	0.001	0.0916	1.423
219	4.845	0.0925	1.415
463	0.001	0.0932	1.410
378	0.001	0.094	1.402
92	0.001	0.0946	1.397
182	0.249	0.0988	1.362
565	0.001	0.0995	1.357
271	0.001	0.102	1.340
382	0.193	0.102	1.335
390	0.304	0.103	1.326
282	0.001	0.105	1.317
549	99.000	0.105	1.311
424	0.001	0.106	1.310
146	3.915	0.108	1.292
527	0.001	0.109	1.287
403	0.001	0.109	1.282
540	0.001	0.111	1.269
222	0.001	0.111	1.267
363	0.001	0.113	1.259
209	0.332	0.113	1.254
376	0.001	0.115	1.240
24	0.001	0.117	1.232
408	0.238	0.117	1.226
185	0.294	0.12	1.210
277	3.972	0.123	1.190
132	0.001	0.123	1.190
438	0.001	0.125	1.176
316	0.001	0.125	1.176
278	0.378	0.127	1.162
340	0.217	0.129	1.154
254	0.001	0.133	1.129
279	0.001	0.133	1.127
81	0.001	0.134	1.120
48	0.001	0.136	1.112
442	0.001	0.137	1.107
561	0.001	0.138	1.100
28	0.001	0.14	1.089
397	99.000	0.141	1.082
68	0.211	0.142	1.079
430	0.001	0.144	1.066
123	0.177	0.145	1.060
233	0.001	0.152	1.025
257	99.000	0.152	1.025
3	99.000	0.153	1.019
226	0.001	0.157	1.001
86	2.723	0.16	0.989
392	0.001	0.16	0.987
367	0.001	0.163	0.975
466	99.000	0.163	0.974
130	2.978	0.163	0.972
275	0.001	0.164	0.970
418	2.951	0.169	0.946
498	0.001	0.17	0.943
61	0.001	0.172	0.934
558	0.001	0.172	0.933
63	0.001	0.173	0.930
73	0.312	0.175	0.920
477	0.001	0.177	0.909
458	0.001	0.178	0.909
22	99.000	0.178	0.906
377	8.579	0.18	0.899
290	0.294	0.184	0.881
15	99.000	0.185	0.878
533	0.001	0.186	0.874
110	0.001	0.186	0.873
59	0.001	0.188	0.867
505	0.001	0.189	0.863
554	0.001	0.189	0.862
249	0.001	0.191	0.853
312	0.001	0.195	0.841
189	0.001	0.195	0.838
345	0.001	0.196	0.838
503	0.348	0.196	0.836
147	0.001	0.197	0.831
125	0.271	0.198	0.828
542	0.001	0.2	0.819
152	0.001	0.203	0.812
54	0.001	0.206	0.799
106	0.374	0.209	0.791
186	2.057	0.209	0.790
334	0.001	0.212	0.778
452	0.001	0.213	0.774
238	2.345	0.217	0.763
244	99.000	0.218	0.759
406	0.001	0.222	0.744
188	99.000	0.225	0.738
203	0.452	0.225	0.737
383	0.001	0.225	0.735
335	0.001	0.226	0.734
386	0.282	0.226	0.734
40	0.001	0.228	0.727
178	2.448	0.228	0.725
326	0.455	0.232	0.714
449	0.001	0.232	0.713
457	6.780	0.236	0.704
415	99.000	0.239	0.694
522	0.274	0.239	0.692
426	0.001	0.241	0.687
284	0.001	0.242	0.684
359	0.001	0.247	0.671
310	0.001	0.248	0.666
399	0.001	0.248	0.666
87	3.449	0.249	0.665
417	0.001	0.249	0.665
523	99.000	0.25	0.663
506	0.257	0.252	0.656
361	0.338	0.253	0.654
496	3.289	0.257	0.643
313	0.001	0.26	0.635
90	2.873	0.261	0.631
469	0.001	0.262	0.629
299	0.500	0.262	0.628
36	99.000	0.263	0.626
252	0.001	0.265	0.621
421	0.313	0.269	0.611
120	0.001	0.27	0.610
129	0.001	0.27	0.609
174	0.001	0.27	0.607
102	0.410	0.275	0.597
454	0.001	0.276	0.593
136	0.331	0.277	0.592
324	2.170	0.277	0.590
13	2.828	0.278	0.588
53	0.419	0.28	0.584
301	0.001	0.282	0.580
539	0.001	0.282	0.578
483	0.001	0.285	0.572
354	0.001	0.287	0.567
51	0.001	0.292	0.556
171	1.992	0.292	0.556
117	0.001	0.293	0.554
45	0.001	0.293	0.553
85	3.231	0.295	0.549
166	99.000	0.295	0.548
375	4.811	0.296	0.547
101	0.413	0.296	0.545
419	0.001	0.299	0.539
98	0.001	0.302	0.534
331	3.057	0.302	0.533
467	2.700	0.304	0.529
538	0.001	0.309	0.518
194	4.177	0.313	0.509
489	0.391	0.315	0.505
433	0.344	0.316	0.502
105	0.001	0.316	0.502
34	0.001	0.317	0.501
156	0.504	0.318	0.499
464	0.330	0.323	0.488
133	99.000	0.325	0.485
134	0.001	0.33	0.475
350	0.001	0.333	0.468
99	0.413	0.335	0.464
270	0.001	0.336	0.463
432	2.354	0.339	0.456
346	0.001	0.34	0.456
302	99.000	0.342	0.451
473	0.001	0.343	0.450
398	2.018	0.343	0.449
57	0.001	0.344	0.449
253	0.324	0.344	0.448
292	0.513	0.35	0.437
289	0.552	0.352	0.433
298	0.001	0.352	0.432
514	0.459	0.352	0.432
55	0.383	0.354	0.430
32	0.001	0.355	0.428
18	0.001	0.363	0.413
241	0.001	0.364	0.412
259	0.001	0.367	0.407
30	0.001	0.371	0.401
183	0.001	0.372	0.399
400	0.001	0.372	0.398
243	0.391	0.373	0.397
208	0.001	0.374	0.395
131	0.001	0.376	0.391
480	0.001	0.381	0.384
509	99.000	0.382	0.383
2	2.066	0.382	0.383
43	0.001	0.385	0.377
181	0.001	0.386	0.375
196	0.001	0.391	0.368
213	0.419	0.394	0.363
242	0.001	0.395	0.362
341	0.001	0.395	0.362
487	0.001	0.396	0.360
500	0.001	0.401	0.353
413	0.001	0.401	0.353
437	0.001	0.403	0.350
100	0.498	0.403	0.350
296	0.001	0.405	0.347
217	0.001	0.405	0.346
356	0.001	0.406	0.346
423	0.001	0.406	0.346
94	0.001	0.408	0.342
33	0.001	0.411	0.338
163	3.388	0.412	0.336
380	0.001	0.412	0.336
379	0.001	0.414	0.334
439	0.001	0.415	0.332
141	0.001	0.416	0.330
307	0.001	0.418	0.327
76	0.001	0.42	0.326
491	0.001	0.421	0.323
330	99.000	0.422	0.322
411	3.337	0.425	0.318
164	0.001	0.429	0.313
29	0.001	0.432	0.309
447	0.001	0.434	0.306
545	0.001	0.435	0.304
27	0.001	0.436	0.304
49	0.001	0.437	0.302
336	0.001	0.437	0.302
31	0.001	0.438	0.301
560	0.001	0.439	0.299
58	0.001	0.439	0.299
532	0.001	0.443	0.294
198	0.001	0.444	0.293
425	1.975	0.446	0.291
6	0.535	0.446	0.291
272	99.000	0.448	0.288
557	0.001	0.45	0.285
559	0.001	0.454	0.280
79	0.001	0.455	0.279
304	0.505	0.456	0.278
373	0.001	0.458	0.275
72	0.001	0.459	0.274
122	0.001	0.462	0.270
67	0.001	0.467	0.265
165	0.556	0.468	0.263
137	1.658	0.472	0.258
269	1.965	0.474	0.257
352	0.001	0.475	0.256
393	0.001	0.477	0.252
445	0.001	0.485	0.244
308	2.586	0.486	0.243
142	1.577	0.487	0.241
162	1.844	0.49	0.238
297	0.001	0.498	0.229
436	0.001	0.502	0.225
250	1.554	0.508	0.219
260	0.001	0.509	0.218
564	0.001	0.512	0.215
69	0.001	0.515	0.212
351	0.001	0.517	0.210
422	0.561	0.517	0.210
88	0.659	0.517	0.210
108	0.001	0.518	0.209
497	99.000	0.519	0.208
317	0.001	0.524	0.203
441	2.193	0.524	0.203
84	0.001	0.527	0.201
325	0.001	0.529	0.198
446	0.001	0.53	0.197
89	0.620	0.53	0.197
195	1.716	0.53	0.197
264	0.001	0.531	0.196
444	0.001	0.533	0.195
355	0.001	0.533	0.194
295	0.001	0.534	0.194
462	0.001	0.535	0.193
50	0.001	0.536	0.192
95	0.001	0.536	0.192
169	1.644	0.537	0.191
167	1.684	0.537	0.190
440	0.001	0.541	0.187
291	0.001	0.545	0.183
526	0.609	0.55	0.178
365	0.001	0.552	0.177
319	0.001	0.554	0.175
91	0.601	0.557	0.173
328	0.001	0.557	0.173
261	2.015	0.559	0.171
385	0.001	0.562	0.168
478	0.526	0.565	0.166
179	1.466	0.565	0.165
35	0.001	0.566	0.164
83	0.519	0.568	0.163
46	0.001	0.568	0.163
476	0.584	0.572	0.160
154	0.607	0.572	0.160
245	0.001	0.573	0.159
80	0.001	0.574	0.158
333	0.001	0.575	0.157
64	1.747	0.578	0.155
62	0.696	0.581	0.153
387	0.001	0.593	0.143
450	0.001	0.594	0.142
173	1.892	0.595	0.141
246	0.530	0.599	0.138
451	0.001	0.6	0.137
314	1.467	0.601	0.137
8	1.888	0.602	0.136
82	0.001	0.604	0.134
320	0.001	0.608	0.131
548	0.001	0.616	0.126
348	0.001	0.617	0.125
190	0.001	0.617	0.125
263	0.001	0.625	0.119
107	0.001	0.625	0.119
414	1.575	0.625	0.119
267	0.001	0.639	0.110
265	0.682	0.644	0.107
530	0.001	0.644	0.107
353	1.943	0.648	0.104
70	0.577	0.649	0.104
78	0.775	0.653	0.101
371	0.001	0.658	0.098
201	1.542	0.66	0.097
149	0.634	0.662	0.095
39	1.859	0.667	0.093
200	0.670	0.668	0.092
490	0.716	0.672	0.090
381	1.435	0.678	0.086
224	1.358	0.678	0.086
420	99.000	0.681	0.085
344	0.001	0.684	0.083
332	0.001	0.689	0.080
17	1.645	0.694	0.078
177	0.643	0.694	0.077
143	0.569	0.694	0.077
495	0.647	0.695	0.077
374	0.001	0.696	0.076
118	0.001	0.7	0.074
251	0.696	0.7	0.074
227	0.742	0.701	0.074
204	0.001	0.709	0.070
255	1.563	0.713	0.067
329	0.663	0.715	0.067
262	0.001	0.716	0.066
300	0.001	0.723	0.063
96	1.602	0.725	0.062
111	1.486	0.728	0.060
126	1.522	0.729	0.060
121	0.674	0.729	0.060
153	0.767	0.733	0.058
360	99.000	0.733	0.058
160	1.558	0.734	0.058
109	0.001	0.735	0.057
158	0.766	0.749	0.051
315	1.586	0.749	0.051
192	1.452	0.753	0.049
524	2.440	0.755	0.049
528	1.561	0.755	0.049
448	1.504	0.763	0.045
465	0.713	0.765	0.045
529	1.531	0.767	0.044
114	1.269	0.772	0.042
309	0.001	0.775	0.041
384	0.001	0.778	0.040
525	0.812	0.78	0.039
71	0.711	0.789	0.036
459	0.793	0.791	0.035
103	0.820	0.793	0.034
20	0.785	0.793	0.034
516	0.686	0.794	0.034
293	1.217	0.796	0.033
12	0.798	0.8	0.032
338	1.339	0.803	0.031
391	0.752	0.81	0.029
225	1.190	0.815	0.027
155	0.861	0.816	0.027
311	0.807	0.823	0.025
470	0.859	0.827	0.024
283	1.194	0.829	0.023
287	1.148	0.832	0.023
358	1.344	0.836	0.021
274	1.178	0.838	0.021
159	0.865	0.848	0.018
562	1.317	0.849	0.018
144	0.871	0.853	0.017
327	0.801	0.862	0.015
266	1.111	0.866	0.014
210	0.820	0.867	0.014
443	1.266	0.869	0.014
74	1.175	0.874	0.012
113	1.120	0.878	0.012
404	0.892	0.879	0.012
202	0.922	0.891	0.009
206	1.087	0.895	0.009
16	1.142	0.901	0.008
223	1.137	0.904	0.007
488	1.152	0.908	0.007
211	1.115	0.917	0.005
232	1.072	0.917	0.005
41	0.893	0.922	0.005
119	0.894	0.925	0.004
294	0.941	0.932	0.004
157	1.059	0.949	0.002
124	0.929	0.953	0.002
318	1.076	0.959	0.001
14	0.970	0.966	0.001
286	1.036	0.968	0.001
205	0.973	0.971	0.001
240	1.030	0.971	0.001
97	1.034	0.971	0.001
280	1.032	0.978	0.000
7	0.980	0.979	0.000
176	0.984	0.98	0.000
9	1.001	0.999	0.000
546	6.767	1	0.000
402	0.215	1	0.000
230	0.187	1	0.000
547	2.642	1	0.000
256	0.076	1	0.000
220	0.217	1	0.000
531	2.210	1	0.000
492	0.295	1	0.000
44	3.990	1	0.000
366	4.040	1	0.000
21	2.487	1	0.000
66	3.725	1	0.000
544	2.550	1	0.000
537	2.265	1	0.000
534	2.024	1	0.000
553	0.203	1	0.000
135	1.817	1	0.000
115	1.900	1	0.000
499	0.271	1	0.000
475	2.010	1	0.000
428	2.019	1	0.000
472	2.512	1	0.000
93	0.182	1	0.000
25	2.053	1	0.000
349	1.943	1	0.000
429	1.982	1	0.000
485	1.932	1	0.000
362	2.445	1	0.000
481	0.440	1	0.000
435	0.328	1	0.000
229	2.189	1	0.000
19	2.066	1	0.000
247	0.353	1	0.000
556	1.872	1	0.000
303	0.436	1	0.000
364	0.277	1	0.000
552	0.282	1	0.000
563	0.655	1	0.000
77	0.283	1	0.000
193	0.210	1	0.000
517	1.859	1	0.000
357	0.370	1	0.000
214	1.843	1	0.000
140	0.125	1	0.000
104	0.423	1	-0.000