# Stringency fit to each site after fixing tree and and all other parameters.
# Fits compared to null model of stringency = 0.503 (the overall gene value).
# P-values NOT corrected for multiple testing.
# The stringency ratio is the ratio of the fitted value to the null (overall gene value).
#
# site	stringency_ratio	P	dLnL	LnL_fixed
190	19.878	0.0149	2.963	-16.924
546	19.878	0.0163	2.888	-13.346
445	19.878	0.0197	2.721	-18.242
49	19.878	0.02	2.707	-27.421
542	19.878	0.0201	2.703	-26.995
306	19.878	0.0214	2.645	-41.018
118	19.878	0.0218	2.631	-30.070
50	19.878	0.0225	2.605	-31.867
530	19.878	0.0231	2.582	-33.868
451	19.878	0.0234	2.570	-28.099
540	19.878	0.0237	2.560	-25.956
521	19.878	0.0242	2.539	-29.409
122	19.878	0.025	2.513	-29.429
264	19.878	0.0252	2.505	-27.021
444	19.878	0.0257	2.487	-31.076
249	19.878	0.0259	2.482	-25.805
37	19.878	0.026	2.478	-41.641
345	19.878	0.0262	2.473	-35.980
67	19.878	0.027	2.447	-32.630
559	19.878	0.0272	2.440	-28.487
58	19.878	0.0282	2.409	-34.504
79	19.878	0.0284	2.401	-33.393
69	19.878	0.0288	2.391	-36.599
442	19.878	0.0288	2.388	-31.361
61	19.878	0.0289	2.388	-33.378
164	19.878	0.0291	2.382	-26.695
334	19.878	0.0302	2.350	-31.935
511	19.878	0.0305	2.339	-32.119
328	19.878	0.031	2.326	-34.335
469	19.878	0.0317	2.307	-35.008
423	19.878	0.0332	2.268	-31.347
416	19.878	0.0377	2.160	-50.401
177	19.878	0.0467	1.977	-31.052
8	19.878	0.0562	1.824	-31.606
207	18.462	0.0609	1.756	-36.494
192	19.878	0.0682	1.663	-34.166
203	13.353	0.0704	1.637	-88.939
302	19.878	0.0771	1.563	-12.486
9	19.878	0.0782	1.550	-38.221
543	19.878	0.0888	1.448	-49.489
6	19.878	0.0915	1.424	-35.870
265	19.878	0.0923	1.417	-37.695
218	18.737	0.093	1.410	-36.879
353	19.878	0.0931	1.410	-18.933
273	13.086	0.104	1.320	-48.394
106	17.951	0.117	1.230	-49.711
409	19.440	0.126	1.169	-23.826
531	19.878	0.131	1.142	-11.852
250	16.513	0.136	1.113	-58.733
537	19.522	0.136	1.109	-10.686
11	16.406	0.143	1.070	-38.600
458	18.812	0.144	1.069	-21.034
173	13.669	0.148	1.044	-25.042
439	18.652	0.152	1.024	-13.631
230	17.240	0.154	1.018	-5.853
256	17.240	0.154	1.018	-5.853
563	17.240	0.154	1.018	-5.853
22	17.124	0.154	1.015	-12.158
348	18.149	0.155	1.012	-17.699
387	18.143	0.155	1.011	-21.813
473	18.131	0.156	1.007	-20.018
43	19.046	0.156	1.007	-11.983
544	19.434	0.159	0.991	-10.297
548	18.549	0.16	0.989	-13.207
260	18.542	0.16	0.989	-14.490
547	15.361	0.161	0.984	-11.957
97	17.509	0.165	0.964	-33.704
75	17.222	0.169	0.947	-23.258
270	17.191	0.17	0.943	-22.410
516	16.754	0.17	0.942	-16.490
461	19.265	0.172	0.933	-50.544
549	18.605	0.173	0.930	-13.825
36	17.951	0.173	0.927	-36.229
395	17.771	0.174	0.922	-18.567
65	16.821	0.175	0.920	-28.104
519	17.329	0.176	0.916	-26.860
142	12.550	0.176	0.914	-67.696
557	14.482	0.178	0.907	-19.285
378	17.111	0.178	0.906	-24.425
350	16.619	0.178	0.906	-22.577
349	18.313	0.179	0.902	-7.971
301	16.450	0.181	0.894	-26.815
33	18.059	0.182	0.892	-14.455
189	17.883	0.182	0.889	-16.876
532	18.042	0.183	0.886	-13.756
87	12.040	0.185	0.880	-56.324
541	17.400	0.185	0.878	-20.394
311	15.687	0.186	0.875	-33.476
217	17.015	0.188	0.867	-23.451
316	16.497	0.189	0.864	-14.785
529	17.479	0.191	0.855	-19.176
194	14.203	0.194	0.844	-26.349
20	13.598	0.195	0.839	-28.578
498	13.799	0.196	0.838	-22.641
443	16.964	0.199	0.824	-16.836
427	16.847	0.199	0.823	-18.022
399	17.101	0.199	0.823	-14.151
96	16.750	0.201	0.817	-21.689
167	15.015	0.201	0.817	-48.818
47	16.816	0.201	0.816	-22.529
331	15.889	0.202	0.814	-28.950
262	13.746	0.203	0.809	-14.196
333	13.732	0.203	0.809	-13.239
355	13.348	0.204	0.805	-28.027
26	15.730	0.205	0.804	-30.337
191	15.426	0.206	0.799	-38.096
236	15.305	0.208	0.794	-35.194
241	13.185	0.21	0.786	-24.351
138	11.029	0.21	0.785	-67.706
374	13.435	0.21	0.785	-14.907
391	16.275	0.211	0.782	-25.012
323	16.339	0.211	0.782	-31.449
476	14.625	0.212	0.780	-35.806
282	15.783	0.212	0.778	-28.935
41	15.808	0.213	0.776	-26.763
80	13.244	0.216	0.767	-20.106
165	11.643	0.216	0.767	-47.638
518	13.035	0.218	0.759	-23.790
105	12.943	0.218	0.758	-26.623
379	14.826	0.219	0.754	-47.343
477	12.980	0.22	0.754	-25.938
215	15.711	0.22	0.754	-28.841
565	15.779	0.223	0.742	-22.059
388	15.661	0.225	0.736	-21.963
76	12.918	0.225	0.735	-24.036
74	15.651	0.227	0.731	-25.428
359	12.769	0.228	0.728	-23.956
495	15.372	0.229	0.723	-26.866
317	12.696	0.23	0.720	-27.023
536	15.225	0.231	0.718	-32.844
340	15.320	0.231	0.716	-32.540
300	12.948	0.232	0.715	-13.208
441	10.392	0.235	0.706	-37.695
281	15.247	0.235	0.705	-26.027
337	14.948	0.237	0.698	-39.297
366	12.895	0.238	0.697	-9.874
182	14.562	0.238	0.697	-39.457
526	14.878	0.24	0.691	-39.388
110	12.227	0.243	0.683	-34.474
347	12.221	0.243	0.682	-31.154
63	12.135	0.243	0.681	-33.526
344	12.585	0.246	0.672	-14.251
434	14.760	0.248	0.668	-26.993
363	12.087	0.249	0.666	-32.937
376	12.245	0.249	0.665	-28.919
147	12.270	0.251	0.660	-25.526
356	11.899	0.253	0.652	-34.741
195	14.270	0.256	0.644	-37.093
14	12.719	0.263	0.628	-47.176
7	13.872	0.264	0.623	-40.680
56	11.450	0.266	0.620	-45.634
161	10.756	0.267	0.617	-23.341
410	11.872	0.268	0.614	-19.520
361	11.326	0.272	0.603	-39.802
23	11.597	0.277	0.591	-28.007
479	11.302	0.278	0.588	-44.056
148	12.939	0.279	0.585	-47.518
3	12.705	0.288	0.566	-21.784
293	11.946	0.293	0.552	-48.663
272	12.516	0.294	0.550	-15.438
231	12.309	0.296	0.547	-37.167
280	10.988	0.298	0.543	-29.351
351	10.962	0.3	0.537	-36.698
408	11.959	0.302	0.533	-31.969
465	13.359	0.303	0.532	-33.463
430	10.431	0.317	0.502	-55.385
545	9.778	0.321	0.492	-13.459
228	0.199	0.325	0.484	-21.920
307	0.199	0.326	0.483	-25.907
82	0.199	0.327	0.481	-20.314
298	0.199	0.327	0.480	-26.152
46	9.623	0.328	0.479	-12.879
206	10.979	0.328	0.479	-73.109
320	0.199	0.328	0.479	-16.680
313	0.199	0.328	0.478	-17.705
175	0.199	0.328	0.478	-15.793
267	0.199	0.328	0.478	-17.374
252	0.199	0.329	0.477	-23.000
109	0.199	0.33	0.475	-12.637
198	0.199	0.33	0.475	-18.985
234	0.199	0.331	0.472	-20.701
66	0.199	0.331	0.472	-9.785
398	11.796	0.332	0.470	-50.728
141	0.199	0.333	0.469	-15.223
253	9.916	0.333	0.468	-21.727
135	0.199	0.335	0.465	-11.308
506	8.805	0.336	0.463	-21.994
17	11.175	0.336	0.463	-28.183
88	7.237	0.341	0.454	-62.818
397	9.212	0.345	0.445	-15.651
558	9.179	0.347	0.443	-19.991
381	8.190	0.354	0.430	-37.169
94	8.952	0.358	0.422	-23.227
180	8.815	0.365	0.410	-27.823
432	7.065	0.366	0.409	-45.661
179	7.766	0.368	0.405	-87.952
126	8.165	0.369	0.403	-26.023
339	8.661	0.373	0.396	-28.690
342	8.608	0.375	0.394	-24.110
289	7.929	0.377	0.391	-61.274
277	0.199	0.381	0.384	-66.302
456	7.929	0.386	0.376	-33.231
555	8.339	0.391	0.368	-29.004
100	0.199	0.407	0.344	-35.628
91	7.709	0.425	0.318	-52.175
133	8.421	0.426	0.317	-12.768
240	0.199	0.431	0.309	-65.233
338	0.199	0.435	0.305	-32.732
514	8.517	0.435	0.304	-40.410
171	7.078	0.44	0.298	-75.859
279	7.340	0.441	0.297	-19.610
266	9.302	0.442	0.296	-57.127
158	0.199	0.451	0.284	-57.403
213	8.221	0.451	0.284	-29.442
199	0.199	0.454	0.281	-62.570
414	8.517	0.456	0.278	-30.967
509	7.165	0.458	0.275	-15.962
303	8.319	0.459	0.274	-7.796
288	7.361	0.466	0.265	-57.285
104	8.146	0.469	0.262	-6.850
472	8.146	0.469	0.262	-6.850
556	8.146	0.469	0.262	-6.850
457	8.165	0.471	0.260	-18.436
386	8.171	0.474	0.256	-25.898
62	0.199	0.475	0.255	-53.622
393	8.027	0.476	0.254	-12.139
15	7.781	0.477	0.253	-25.013
125	7.874	0.48	0.250	-30.680
371	7.892	0.484	0.245	-10.600
403	7.798	0.49	0.239	-12.583
512	7.798	0.49	0.239	-14.271
538	7.896	0.495	0.233	-11.511
27	7.681	0.497	0.230	-13.797
4	5.509	0.498	0.230	-65.418
263	7.649	0.499	0.228	-13.272
447	7.646	0.5	0.228	-15.441
383	7.801	0.501	0.227	-19.023
73	7.688	0.506	0.221	-33.222
325	7.713	0.506	0.221	-14.330
48	7.541	0.506	0.221	-19.379
59	0.199	0.507	0.220	-22.526
152	0.199	0.508	0.219	-23.632
291	0.199	0.51	0.217	-16.922
72	0.199	0.51	0.217	-21.080
471	7.478	0.511	0.216	-21.487
554	0.199	0.511	0.216	-20.937
295	0.199	0.513	0.214	-15.661
487	0.199	0.513	0.214	-14.853
60	5.667	0.513	0.214	-49.623
319	0.199	0.514	0.213	-16.489
86	0.199	0.514	0.213	-63.262
84	0.199	0.514	0.213	-13.459
561	0.199	0.515	0.212	-15.455
491	0.199	0.515	0.212	-16.506
40	7.413	0.515	0.212	-19.027
107	0.199	0.516	0.211	-12.301
564	0.199	0.517	0.210	-11.297
480	0.199	0.518	0.209	-11.644
21	0.199	0.52	0.207	-8.551
183	7.320	0.522	0.205	-19.723
81	7.297	0.523	0.204	-21.853
336	7.245	0.527	0.200	-21.315
292	0.199	0.532	0.196	-48.568
438	7.182	0.532	0.196	-22.929
238	0.199	0.535	0.193	-100.454
404	7.019	0.535	0.192	-44.197
494	7.210	0.539	0.188	-19.341
503	0.199	0.542	0.186	-43.758
115	6.661	0.545	0.184	-7.103
214	6.661	0.545	0.184	-7.103
10	0.199	0.546	0.182	-41.160
424	6.984	0.546	0.182	-28.966
310	6.959	0.548	0.180	-27.717
380	0.199	0.549	0.179	-20.798
123	6.972	0.55	0.179	-22.896
455	0.199	0.55	0.179	-21.853
452	0.199	0.552	0.177	-16.028
550	7.098	0.553	0.176	-35.502
34	0.199	0.554	0.175	-15.297
305	6.964	0.557	0.172	-27.619
254	0.199	0.558	0.172	-14.601
31	0.199	0.558	0.171	-13.292
18	0.199	0.558	0.171	-12.014
245	6.470	0.559	0.171	-11.041
362	0.199	0.56	0.170	-8.174
428	0.199	0.56	0.170	-8.174
429	0.199	0.56	0.170	-8.174
517	0.199	0.56	0.170	-8.174
462	6.446	0.561	0.169	-10.727
396	6.780	0.562	0.168	-31.838
114	0.199	0.568	0.163	-48.158
527	6.315	0.571	0.160	-12.692
437	6.305	0.572	0.159	-13.917
533	6.292	0.573	0.159	-14.077
365	6.288	0.574	0.158	-14.429
184	0.199	0.574	0.158	-68.305
222	6.280	0.574	0.158	-16.712
460	6.701	0.577	0.156	-48.814
500	6.249	0.577	0.156	-12.320
418	0.199	0.578	0.155	-44.692
181	6.225	0.579	0.154	-14.669
324	0.199	0.581	0.152	-48.751
329	0.199	0.582	0.151	-43.921
28	6.529	0.583	0.151	-36.867
108	6.161	0.584	0.150	-15.918
488	0.199	0.585	0.149	-21.830
95	6.141	0.586	0.148	-18.635
335	0.199	0.586	0.148	-35.937
290	0.199	0.587	0.148	-28.544
375	5.155	0.587	0.147	-21.221
237	0.199	0.588	0.147	-27.687
202	0.199	0.588	0.147	-95.230
343	0.199	0.59	0.145	-24.980
474	0.199	0.591	0.145	-35.316
178	0.199	0.592	0.143	-67.652
510	0.199	0.593	0.143	-33.471
459	0.199	0.594	0.142	-38.275
496	0.199	0.595	0.141	-29.601
449	0.199	0.597	0.139	-20.895
119	0.199	0.598	0.139	-22.920
466	0.199	0.599	0.138	-19.506
275	0.199	0.601	0.137	-19.333
242	0.199	0.601	0.137	-18.667
233	0.199	0.602	0.136	-16.565
464	0.199	0.602	0.136	-20.133
321	0.199	0.602	0.136	-25.353
419	0.199	0.602	0.136	-18.828
504	0.199	0.603	0.136	-18.736
394	0.199	0.603	0.135	-21.560
520	0.199	0.603	0.135	-20.512
433	0.199	0.604	0.135	-25.449
136	0.199	0.604	0.134	-32.056
415	0.199	0.605	0.134	-34.935
382	0.199	0.605	0.134	-23.674
327	0.199	0.605	0.134	-18.199
52	4.758	0.606	0.133	-41.460
505	5.902	0.606	0.133	-21.650
486	0.199	0.606	0.133	-20.282
268	0.199	0.606	0.133	-69.420
501	0.199	0.607	0.133	-25.931
426	0.199	0.607	0.132	-23.116
513	0.199	0.607	0.132	-16.549
467	6.195	0.609	0.131	-52.966
401	0.199	0.609	0.131	-21.651
422	6.059	0.61	0.130	-35.367
507	0.199	0.612	0.129	-52.824
130	0.199	0.613	0.128	-58.337
57	0.199	0.614	0.127	-9.639
283	6.103	0.614	0.127	-46.392
187	0.199	0.618	0.124	-12.220
220	4.660	0.62	0.123	-8.456
534	4.660	0.62	0.123	-8.456
162	0.199	0.621	0.122	-36.398
174	5.708	0.624	0.120	-26.258
470	0.199	0.625	0.120	-50.386
484	5.683	0.626	0.119	-26.303
39	0.199	0.626	0.119	-18.594
185	0.199	0.627	0.118	-45.358
322	5.668	0.627	0.118	-23.818
102	0.199	0.631	0.115	-45.390
454	0.199	0.631	0.115	-29.806
151	5.373	0.632	0.115	-43.576
515	0.199	0.632	0.115	-50.945
172	0.199	0.635	0.113	-59.716
89	0.199	0.636	0.112	-50.176
368	0.199	0.636	0.112	-24.636
227	5.039	0.638	0.111	-43.102
478	5.643	0.638	0.110	-33.178
367	5.540	0.639	0.110	-27.603
251	0.199	0.641	0.108	-32.202
219	4.631	0.643	0.107	-36.263
208	5.483	0.644	0.107	-30.369
502	5.478	0.645	0.106	-30.618
92	4.430	0.647	0.105	-16.199
235	0.199	0.647	0.105	-39.642
196	0.199	0.647	0.105	-18.654
377	5.204	0.648	0.104	-16.301
358	5.229	0.648	0.104	-19.596
45	0.199	0.649	0.104	-18.782
539	4.441	0.649	0.103	-21.483
176	0.199	0.65	0.103	-71.962
369	0.199	0.651	0.102	-14.960
312	0.199	0.652	0.102	-14.952
197	0.199	0.652	0.102	-16.125
54	0.199	0.653	0.101	-14.878
149	5.253	0.655	0.100	-37.373
221	0.199	0.657	0.098	-53.780
127	4.322	0.658	0.098	-18.258
77	0.199	0.658	0.098	-5.683
93	0.199	0.658	0.098	-5.683
140	0.199	0.658	0.098	-5.683
193	0.199	0.658	0.098	-5.683
247	0.199	0.658	0.098	-5.683
357	0.199	0.658	0.098	-5.683
364	0.199	0.658	0.098	-5.683
435	0.199	0.658	0.098	-5.683
552	0.199	0.658	0.098	-5.683
103	0.199	0.66	0.097	-45.536
25	0.199	0.662	0.096	-7.961
78	4.051	0.663	0.095	-75.240
24	5.275	0.664	0.095	-34.634
448	5.046	0.664	0.094	-20.721
255	0.199	0.664	0.094	-24.296
29	4.260	0.665	0.094	-19.647
485	0.199	0.666	0.093	-8.908
186	0.199	0.667	0.093	-75.692
232	0.199	0.667	0.093	-72.518
145	0.199	0.668	0.092	-165.442
139	4.222	0.673	0.089	-26.560
124	4.134	0.677	0.087	-25.305
389	0.199	0.679	0.086	-23.277
68	0.199	0.68	0.085	-27.659
70	4.196	0.681	0.085	-25.499
425	0.199	0.682	0.084	-35.779
150	4.970	0.682	0.084	-62.052
111	0.199	0.683	0.083	-31.400
271	0.199	0.684	0.083	-32.004
390	0.199	0.685	0.082	-52.762
402	0.199	0.685	0.082	-6.408
492	0.199	0.685	0.082	-6.408
553	0.199	0.685	0.082	-6.408
287	0.199	0.686	0.082	-62.883
212	0.199	0.686	0.082	-19.880
169	0.199	0.687	0.081	-53.029
209	0.199	0.688	0.081	-47.518
284	4.066	0.688	0.080	-27.662
299	4.224	0.692	0.078	-75.183
64	0.199	0.693	0.078	-46.993
562	0.199	0.693	0.078	-20.011
523	0.199	0.693	0.078	-14.197
352	0.199	0.695	0.077	-20.349
258	0.199	0.695	0.077	-20.194
134	0.199	0.696	0.076	-25.159
551	0.199	0.697	0.076	-23.306
294	0.199	0.698	0.075	-73.965
157	0.199	0.698	0.075	-60.292
144	0.199	0.698	0.075	-136.278
225	0.199	0.699	0.075	-45.800
411	0.199	0.699	0.075	-18.556
431	0.199	0.7	0.074	-18.251
413	0.199	0.704	0.072	-17.970
146	0.199	0.706	0.071	-116.185
525	3.981	0.706	0.071	-46.130
166	0.199	0.707	0.071	-17.388
314	4.713	0.707	0.070	-44.771
131	0.199	0.709	0.070	-16.366
483	0.199	0.709	0.070	-16.474
168	4.968	0.709	0.070	-56.708
308	0.199	0.71	0.069	-26.893
112	0.199	0.71	0.069	-16.022
223	4.564	0.712	0.068	-44.024
346	0.199	0.713	0.068	-13.232
226	0.199	0.718	0.065	-12.543
406	0.199	0.718	0.065	-14.054
16	0.199	0.72	0.064	-51.929
481	0.199	0.72	0.064	-8.009
143	0.199	0.723	0.063	-15.364
53	0.199	0.724	0.062	-41.938
224	0.199	0.735	0.057	-47.582
13	4.017	0.735	0.057	-58.255
205	0.199	0.735	0.057	-52.020
154	0.199	0.741	0.055	-44.867
200	4.109	0.747	0.052	-31.164
19	3.761	0.747	0.052	-8.250
44	3.761	0.747	0.052	-8.250
269	3.861	0.747	0.052	-37.627
304	4.103	0.75	0.051	-34.315
420	3.651	0.753	0.049	-9.884
286	3.713	0.756	0.048	-42.380
101	0.199	0.757	0.048	-38.171
153	0.199	0.761	0.046	-39.893
453	0.199	0.762	0.046	-40.961
384	3.619	0.762	0.046	-10.646
159	0.199	0.763	0.046	-48.547
297	3.581	0.766	0.044	-11.765
276	0.199	0.768	0.044	-60.547
332	3.541	0.769	0.043	-12.663
315	3.568	0.769	0.043	-17.196
278	0.199	0.77	0.043	-55.378
85	0.199	0.773	0.042	-27.906
489	0.199	0.78	0.039	-35.267
229	3.349	0.784	0.037	-7.548
475	3.349	0.784	0.037	-7.548
400	3.330	0.786	0.037	-10.767
35	3.374	0.787	0.037	-16.822
285	0.199	0.787	0.037	-26.854
121	0.199	0.788	0.036	-23.982
261	3.486	0.788	0.036	-27.312
155	0.199	0.792	0.035	-70.754
2	3.181	0.795	0.034	-37.589
51	3.211	0.798	0.033	-11.570
326	0.199	0.799	0.032	-61.013
201	0.199	0.801	0.032	-56.480
259	3.162	0.803	0.031	-15.620
446	3.135	0.806	0.030	-12.744
528	0.199	0.809	0.029	-18.667
129	3.037	0.816	0.027	-15.139
463	3.030	0.817	0.027	-20.016
412	2.979	0.822	0.025	-14.606
5	0.199	0.824	0.025	-36.115
42	2.976	0.824	0.025	-23.523
440	2.936	0.826	0.024	-13.782
421	0.199	0.828	0.024	-28.109
120	2.912	0.829	0.023	-21.102
407	2.934	0.831	0.023	-30.050
493	2.877	0.832	0.022	-19.783
156	2.576	0.833	0.022	-51.424
83	0.199	0.834	0.022	-25.685
170	0.199	0.841	0.020	-59.209
522	0.199	0.842	0.020	-24.338
210	0.199	0.846	0.019	-29.629
436	2.701	0.849	0.018	-23.809
248	2.700	0.849	0.018	-21.991
98	2.704	0.849	0.018	-19.843
499	2.604	0.85	0.018	-8.847
508	2.688	0.851	0.018	-18.631
392	2.609	0.854	0.017	-15.414
417	2.649	0.855	0.017	-22.112
318	0.199	0.858	0.016	-16.202
360	0.199	0.861	0.015	-13.923
482	2.575	0.862	0.015	-20.835
71	0.199	0.869	0.014	-23.794
132	2.496	0.87	0.013	-21.252
188	0.199	0.871	0.013	-12.772
117	2.461	0.873	0.013	-26.836
99	0.199	0.877	0.012	-35.415
239	0.199	0.878	0.012	-21.438
372	0.199	0.879	0.012	-54.230
296	0.199	0.882	0.011	-25.257
160	0.199	0.883	0.011	-30.295
274	0.199	0.89	0.010	-61.336
113	2.327	0.891	0.009	-51.423
244	2.090	0.892	0.009	-14.138
330	0.199	0.898	0.008	-12.669
468	0.199	0.901	0.008	-20.177
128	0.199	0.904	0.007	-23.897
116	2.124	0.905	0.007	-30.798
450	2.020	0.908	0.007	-15.700
30	1.990	0.911	0.006	-20.713
55	0.199	0.914	0.006	-32.316
405	0.199	0.916	0.006	-15.206
246	1.891	0.916	0.006	-21.649
497	1.796	0.921	0.005	-12.041
32	1.876	0.922	0.005	-22.855
38	1.917	0.924	0.005	-31.168
385	0.199	0.925	0.004	-18.876
524	0.281	0.931	0.004	-18.817
370	0.282	0.932	0.004	-19.067
137	0.234	0.935	0.003	-60.289
341	0.429	0.946	0.002	-10.716
90	1.588	0.95	0.002	-58.255
373	0.492	0.951	0.002	-17.181
163	0.523	0.955	0.002	-29.626
204	0.565	0.958	0.001	-9.940
535	1.472	0.96	0.001	-30.499
354	0.647	0.974	0.001	-38.090
309	0.770	0.978	0.000	-16.078
490	0.794	0.982	0.000	-39.622
216	0.833	0.983	0.000	-24.235
560	0.846	0.985	0.000	-16.017
243	1.138	0.987	0.000	-30.349
257	1.125	0.988	0.000	-31.308
211	1.128	0.988	0.000	-46.473
12	0.932	0.991	0.000	-38.591