# Omega fit to each site after fixing tree and and all other parameters.
# Not using '--omegabysite_fixsyn', so we fit a synonymous rate for each site. This means we compare fitting omega and a synonymous rate to fitting just a synonymous rate.
# Fits compared to null model of omega = 1.000; P-values NOT corrected for multiple testing.
#
# site	omega	P	dLnL
148	0.001	1.46e-05	9.392
474	0.001	2.8e-05	8.774
305	0.001	3.81e-05	8.481
515	0.071	4.99e-05	8.225
520	0.001	0.000214	6.852
550	0.041	0.000228	6.791
342	0.001	0.000239	6.750
26	0.001	0.000254	6.693
343	0.001	0.000382	6.308
237	0.001	0.000623	5.852
191	0.001	0.000663	5.794
502	0.001	0.000794	5.627
75	0.001	0.0008	5.621
368	0.001	0.00107	5.348
288	0.116	0.00119	5.254
518	0.001	0.00172	4.914
323	0.001	0.00185	4.846
321	0.001	0.00207	4.744
268	0.147	0.0021	4.729
430	0.001	0.00295	4.418
396	0.001	0.00301	4.402
424	0.001	0.0031	4.375
335	0.001	0.00312	4.368
551	0.001	0.0032	4.346
59	0.001	0.00329	4.319
339	0.001	0.0033	4.318
410	0.001	0.00333	4.310
504	0.001	0.00335	4.304
258	0.001	0.00344	4.280
37	0.001	0.00344	4.280
168	0.169	0.00392	4.161
484	0.001	0.00394	4.155
128	0.049	0.00447	4.041
501	0.065	0.00501	3.938
116	0.001	0.0051	3.923
494	0.001	0.00519	3.905
10	0.107	0.00532	3.883
389	0.067	0.00534	3.880
231	0.067	0.00542	3.867
199	0.190	0.00554	3.848
180	0.001	0.00604	3.769
347	0.001	0.00647	3.708
482	0.001	0.00658	3.693
511	0.001	0.00692	3.647
63	0.001	0.00692	3.646
453	0.091	0.00728	3.601
24	0.001	0.00753	3.571
460	0.156	0.008	3.516
486	0.001	0.00808	3.508
56	0.001	0.00828	3.486
209	0.163	0.00869	3.443
456	0.091	0.00927	3.385
394	0.001	0.0102	3.303
184	0.201	0.0108	3.246
276	0.208	0.0116	3.185
354	0.001	0.0117	3.175
416	0.001	0.0121	3.145
42	0.001	0.0122	3.140
493	0.001	0.0124	3.128
38	0.001	0.0126	3.109
372	0.206	0.0127	3.108
367	0.001	0.0128	3.101
521	0.001	0.0145	2.989
54	0.001	0.0147	2.974
239	0.001	0.015	2.959
541	0.001	0.0154	2.937
407	0.001	0.0158	2.914
112	0.001	0.0161	2.897
427	0.001	0.0163	2.886
152	0.001	0.0165	2.876
236	0.100	0.0169	2.856
388	0.001	0.0169	2.852
248	0.001	0.0173	2.833
271	0.001	0.0175	2.821
401	0.001	0.0178	2.810
28	0.001	0.0188	2.761
47	0.001	0.0188	2.758
150	5.503	0.0194	2.733
138	0.237	0.0199	2.709
555	0.001	0.0203	2.692
139	0.001	0.0206	2.679
235	0.170	0.0209	2.667
507	0.205	0.0214	2.648
449	0.001	0.022	2.621
471	0.001	0.0222	2.613
359	0.001	0.0223	2.610
120	0.001	0.0227	2.597
65	0.001	0.0227	2.597
508	0.001	0.0235	2.565
565	0.001	0.0236	2.561
110	0.001	0.0239	2.552
52	99.000	0.0243	2.535
285	0.122	0.0247	2.524
322	0.001	0.0255	2.495
11	99.000	0.0261	2.476
412	0.001	0.0266	2.460
510	0.131	0.0267	2.457
536	99.000	0.0276	2.427
370	0.001	0.0277	2.422
417	0.001	0.0279	2.417
455	0.001	0.0286	2.395
197	0.001	0.0289	2.385
238	4.241	0.029	2.384
421	0.118	0.0294	2.371
161	99.000	0.0302	2.349
419	0.001	0.0313	2.319
478	0.128	0.0313	2.318
6	0.185	0.0325	2.286
337	0.189	0.0327	2.282
187	0.001	0.0345	2.235
228	0.001	0.0348	2.227
306	0.001	0.035	2.223
434	99.000	0.0352	2.218
356	0.001	0.0354	2.213
117	0.001	0.0358	2.204
4	99.000	0.0362	2.193
505	0.001	0.0364	2.190
81	0.001	0.0405	2.099
535	0.001	0.0411	2.087
454	0.001	0.0412	2.084
170	0.264	0.0413	2.082
452	0.001	0.0416	2.075
185	0.214	0.0437	2.033
340	0.142	0.0454	2.001
275	0.001	0.0464	1.983
498	0.001	0.0467	1.978
279	0.001	0.0492	1.935
189	0.001	0.0493	1.932
438	0.001	0.0494	1.932
45	0.001	0.0495	1.929
316	0.001	0.0507	1.909
479	0.001	0.0507	1.908
458	0.001	0.0509	1.905
512	0.001	0.0517	1.892
542	0.001	0.052	1.887
172	0.295	0.0527	1.876
382	0.147	0.0529	1.873
92	0.001	0.0536	1.862
48	0.001	0.0543	1.851
378	0.001	0.0547	1.845
405	0.001	0.0561	1.825
233	0.001	0.0563	1.822
409	0.001	0.0564	1.821
426	0.001	0.0577	1.801
175	0.001	0.058	1.797
376	0.001	0.0585	1.789
519	0.001	0.0586	1.789
463	0.001	0.0592	1.780
132	0.001	0.0593	1.779
222	0.001	0.0594	1.777
527	0.001	0.0615	1.748
215	0.001	0.0616	1.747
310	0.001	0.063	1.728
336	0.001	0.0635	1.721
146	4.729	0.0656	1.695
145	0.432	0.0656	1.695
395	0.001	0.0666	1.683
392	0.001	0.0666	1.682
212	0.112	0.0678	1.668
134	0.001	0.0685	1.659
123	0.113	0.0686	1.659
221	0.272	0.0694	1.648
355	0.001	0.0734	1.603
23	0.001	0.0798	1.535
554	0.001	0.0804	1.529
351	0.001	0.0822	1.511
284	0.001	0.0832	1.500
182	0.233	0.0832	1.500
218	0.236	0.0839	1.494
73	0.234	0.0875	1.460
234	0.001	0.0887	1.449
174	0.001	0.0891	1.445
5	4.856	0.0917	1.422
290	0.211	0.0923	1.417
281	0.001	0.0924	1.416
243	0.162	0.0924	1.416
61	0.001	0.0924	1.416
468	0.001	0.0937	1.405
464	0.166	0.0954	1.391
561	0.001	0.0957	1.388
208	0.001	0.0966	1.380
277	4.348	0.097	1.377
72	0.001	0.0986	1.364
469	0.001	0.0987	1.363
40	0.001	0.101	1.341
254	0.001	0.103	1.332
249	0.001	0.103	1.327
503	0.270	0.104	1.323
329	0.217	0.104	1.322
301	0.001	0.105	1.318
345	0.001	0.108	1.290
363	0.001	0.111	1.267
101	0.255	0.112	1.266
217	0.001	0.112	1.265
334	0.001	0.112	1.265
105	0.001	0.114	1.252
473	0.001	0.115	1.243
413	0.001	0.117	1.230
403	0.001	0.119	1.213
543	0.243	0.12	1.212
216	0.190	0.12	1.211
477	0.001	0.12	1.208
58	0.001	0.121	1.203
317	0.001	0.121	1.202
540	0.001	0.121	1.200
55	0.227	0.123	1.187
408	0.244	0.124	1.182
431	0.001	0.125	1.178
147	0.001	0.126	1.173
151	4.718	0.126	1.173
539	0.001	0.127	1.166
350	0.001	0.128	1.160
398	3.087	0.13	1.149
461	4.523	0.131	1.141
68	0.202	0.131	1.139
252	0.001	0.131	1.139
487	0.001	0.132	1.137
270	0.001	0.132	1.134
483	0.001	0.134	1.125
379	0.001	0.137	1.106
219	4.028	0.137	1.103
86	2.860	0.139	1.093
558	0.001	0.14	1.091
312	0.001	0.142	1.079
241	0.001	0.143	1.074
361	0.241	0.143	1.072
352	0.001	0.146	1.055
307	0.001	0.146	1.054
106	0.318	0.146	1.054
380	0.001	0.147	1.053
533	0.001	0.148	1.046
242	0.001	0.15	1.036
18	0.001	0.151	1.032
69	0.001	0.152	1.025
136	0.246	0.154	1.015
259	0.001	0.155	1.010
253	0.186	0.156	1.007
98	0.001	0.157	0.999
84	0.001	0.158	0.998
522	0.217	0.159	0.992
207	3.643	0.159	0.992
331	4.469	0.16	0.988
296	0.001	0.165	0.963
439	0.001	0.166	0.961
203	0.401	0.166	0.960
422	0.303	0.166	0.958
304	0.285	0.169	0.945
369	0.001	0.17	0.939
257	99.000	0.171	0.939
513	0.001	0.171	0.939
34	0.001	0.171	0.937
491	0.001	0.172	0.931
49	0.001	0.172	0.931
298	0.001	0.174	0.926
433	0.246	0.175	0.921
76	0.001	0.175	0.921
325	0.001	0.175	0.918
27	0.001	0.177	0.909
15	99.000	0.179	0.902
500	0.001	0.182	0.891
406	0.001	0.182	0.890
127	0.001	0.184	0.882
67	0.001	0.184	0.881
397	99.000	0.185	0.877
90	3.381	0.187	0.872
299	0.443	0.189	0.861
266	0.435	0.19	0.860
100	0.332	0.19	0.857
447	0.001	0.194	0.843
386	0.257	0.195	0.839
423	0.001	0.195	0.839
50	0.001	0.197	0.831
183	0.001	0.198	0.829
383	0.001	0.199	0.825
480	0.001	0.199	0.825
328	0.001	0.2	0.822
436	0.001	0.2	0.820
451	0.001	0.205	0.803
437	0.001	0.206	0.798
60	3.450	0.207	0.797
196	0.001	0.21	0.784
131	0.001	0.211	0.782
78	0.492	0.211	0.781
31	0.001	0.211	0.781
346	0.001	0.212	0.780
385	0.001	0.217	0.763
33	0.001	0.22	0.751
319	0.001	0.224	0.738
57	0.001	0.228	0.727
400	0.001	0.228	0.726
171	2.160	0.232	0.714
125	0.296	0.232	0.713
560	0.001	0.235	0.706
226	0.001	0.235	0.706
282	0.001	0.237	0.699
32	0.001	0.237	0.699
267	0.001	0.238	0.695
514	0.380	0.239	0.694
459	0.369	0.239	0.693
509	99.000	0.239	0.693
450	0.001	0.24	0.692
3	99.000	0.24	0.690
141	0.001	0.242	0.685
440	0.001	0.242	0.684
442	0.001	0.242	0.683
348	0.001	0.244	0.678
121	0.298	0.245	0.676
29	0.001	0.251	0.659
549	99.000	0.252	0.657
30	0.001	0.253	0.653
418	2.456	0.255	0.649
399	0.001	0.261	0.632
103	0.419	0.261	0.631
181	0.001	0.263	0.627
341	0.001	0.263	0.627
51	0.001	0.264	0.623
313	0.001	0.264	0.623
188	99.000	0.265	0.621
102	0.404	0.267	0.617
371	0.001	0.271	0.607
244	99.000	0.271	0.606
263	0.001	0.273	0.601
446	0.001	0.274	0.599
495	0.323	0.274	0.598
564	0.001	0.275	0.595
178	2.256	0.275	0.595
393	0.001	0.276	0.593
129	0.001	0.277	0.590
36	99.000	0.283	0.576
94	0.001	0.289	0.563
297	0.001	0.29	0.560
79	0.001	0.291	0.557
432	2.642	0.293	0.554
295	0.001	0.294	0.550
83	0.316	0.294	0.549
291	0.001	0.296	0.546
273	0.450	0.297	0.543
532	0.001	0.302	0.534
466	99.000	0.303	0.531
43	0.001	0.304	0.529
523	99.000	0.305	0.525
465	0.344	0.306	0.524
280	0.346	0.309	0.518
53	0.444	0.311	0.513
415	99.000	0.314	0.507
365	0.001	0.315	0.504
108	0.001	0.316	0.502
462	0.001	0.32	0.495
190	0.001	0.323	0.488
559	0.001	0.33	0.474
391	0.342	0.332	0.471
489	0.405	0.332	0.471
95	0.001	0.332	0.470
122	0.001	0.335	0.465
373	0.001	0.336	0.463
46	0.001	0.341	0.453
82	0.001	0.349	0.439
324	1.955	0.349	0.439
149	0.396	0.35	0.436
144	1.997	0.351	0.435
538	0.001	0.353	0.431
326	0.544	0.356	0.426
35	0.001	0.357	0.425
7	0.489	0.366	0.409
156	0.543	0.373	0.396
22	99.000	0.375	0.393
80	0.001	0.377	0.390
227	0.522	0.377	0.390
445	0.001	0.378	0.389
198	0.001	0.381	0.384
162	2.129	0.383	0.381
245	0.001	0.396	0.360
2	2.020	0.4	0.354
302	99.000	0.401	0.352
467	2.266	0.405	0.347
41	0.416	0.407	0.344
557	0.001	0.409	0.341
300	0.001	0.41	0.339
374	0.001	0.411	0.338
118	0.001	0.413	0.336
164	0.001	0.417	0.330
444	0.001	0.424	0.320
251	0.467	0.426	0.317
344	0.001	0.43	0.312
497	99.000	0.438	0.300
130	1.743	0.443	0.295
13	2.126	0.444	0.293
260	0.001	0.444	0.293
448	0.397	0.446	0.291
530	0.001	0.448	0.288
443	0.336	0.453	0.282
264	0.001	0.457	0.277
272	99.000	0.457	0.276
289	0.625	0.462	0.271
292	0.589	0.462	0.270
332	0.001	0.462	0.270
107	0.001	0.466	0.266
545	0.001	0.472	0.258
384	0.001	0.478	0.252
99	0.524	0.483	0.246
377	2.812	0.483	0.246
133	99.000	0.499	0.229
159	0.597	0.505	0.223
309	0.001	0.509	0.218
201	1.901	0.512	0.215
85	2.100	0.512	0.215
96	0.456	0.515	0.212
548	0.001	0.521	0.206
387	0.001	0.523	0.204
160	0.506	0.526	0.201
490	0.606	0.527	0.200
12	0.565	0.53	0.198
97	0.565	0.531	0.196
200	0.563	0.543	0.185
496	1.924	0.544	0.184
333	0.001	0.547	0.181
526	0.610	0.552	0.177
70	0.494	0.557	0.173
163	0.505	0.56	0.170
143	0.432	0.561	0.169
223	1.811	0.562	0.168
516	0.433	0.564	0.166
320	0.001	0.571	0.161
318	0.452	0.581	0.152
173	1.932	0.583	0.151
278	0.709	0.585	0.149
211	0.593	0.593	0.143
308	1.987	0.597	0.140
375	2.141	0.598	0.139
311	0.611	0.612	0.128
262	0.001	0.616	0.126
330	99.000	0.617	0.125
113	0.695	0.627	0.118
204	0.001	0.631	0.115
240	0.671	0.634	0.113
167	1.479	0.64	0.109
250	1.358	0.645	0.106
88	0.749	0.652	0.102
109	0.001	0.659	0.098
177	0.620	0.671	0.090
390	0.745	0.681	0.085
420	99.000	0.687	0.081
89	0.741	0.692	0.078
169	1.367	0.7	0.074
158	0.729	0.705	0.071
9	0.670	0.707	0.070
293	0.765	0.717	0.066
153	0.757	0.721	0.064
39	1.655	0.726	0.062
91	0.748	0.732	0.058
269	0.727	0.735	0.057
8	0.700	0.744	0.053
17	0.691	0.749	0.051
283	1.295	0.751	0.050
195	1.300	0.762	0.046
528	1.538	0.763	0.045
114	1.280	0.764	0.045
476	0.756	0.767	0.044
179	0.818	0.771	0.042
338	0.725	0.773	0.042
562	1.514	0.774	0.041
186	1.183	0.775	0.041
157	1.279	0.792	0.035
286	1.257	0.793	0.034
327	0.720	0.794	0.034
225	1.216	0.794	0.034
194	1.386	0.799	0.032
525	1.206	0.799	0.032
414	1.265	0.8	0.032
202	0.862	0.803	0.031
287	0.852	0.805	0.030
360	99.000	0.805	0.030
166	99.000	0.811	0.028
381	1.229	0.814	0.028
404	0.848	0.826	0.024
315	1.366	0.828	0.024
213	0.809	0.834	0.022
488	0.771	0.836	0.021
274	0.845	0.838	0.021
154	0.841	0.842	0.020
294	1.150	0.842	0.020
62	1.127	0.853	0.017
411	1.295	0.858	0.016
87	1.203	0.86	0.015
314	1.137	0.861	0.015
457	1.271	0.868	0.014
210	1.209	0.869	0.014
529	1.256	0.873	0.013
524	1.506	0.874	0.013
224	1.124	0.875	0.012
261	1.210	0.876	0.012
64	1.169	0.881	0.011
142	1.096	0.889	0.010
192	0.865	0.897	0.008
265	0.904	0.902	0.008
165	1.105	0.903	0.007
71	1.157	0.906	0.007
74	0.891	0.909	0.006
16	0.885	0.913	0.006
126	1.140	0.915	0.006
441	0.889	0.915	0.006
20	0.910	0.92	0.005
137	1.071	0.923	0.005
205	0.934	0.928	0.004
506	0.901	0.933	0.004
176	1.051	0.938	0.003
111	0.918	0.942	0.003
232	0.957	0.948	0.002
470	0.957	0.949	0.002
358	1.093	0.95	0.002
124	1.080	0.951	0.002
425	0.950	0.954	0.002
155	1.024	0.97	0.001
206	1.020	0.976	0.000
14	0.981	0.979	0.000
246	1.030	0.981	0.000
119	1.006	0.996	0.000
353	0.995	0.997	0.000
256	0.062	1	0.000
230	0.162	1	0.000
402	0.155	1	0.000
93	0.069	1	0.000
546	2.581	1	0.000
553	0.236	1	0.000
19	0.001	1	0.000
193	0.018	1	0.000
481	0.052	1	0.000
492	0.293	1	0.000
214	0.180	1	0.000
531	1.864	1	0.000
366	2.069	1	0.000
547	2.008	1	0.000
66	2.078	1	0.000
44	2.224	1	0.000
544	1.894	1	0.000
135	1.851	1	0.000
21	1.850	1	0.000
534	1.921	1	0.000
552	0.222	1	0.000
362	1.799	1	0.000
537	1.985	1	0.000
485	1.857	1	0.000
563	0.227	1	0.000
364	0.229	1	0.000
475	1.842	1	0.000
349	1.813	1	0.000
303	0.271	1	0.000
429	0.329	1	0.000
115	1.918	1	0.000
220	1.851	1	0.000
499	2.051	1	0.000
472	2.033	1	0.000
140	0.177	1	0.000
104	0.258	1	0.000
77	0.281	1	0.000
25	1.870	1	0.000
428	1.840	1	0.000
357	0.281	1	0.000
435	0.301	1	0.000
247	0.288	1	0.000
229	2.990	1	0.000
255	1.000	1	-0.000
517	0.741	1	-0.000
556	2.035	1	-0.000