# Omega fit to each site after fixing tree and and all other parameters.
# Not using '--omegabysite_fixsyn', so we fit a synonymous rate for each site. This means we compare fitting omega and a synonymous rate to fitting just a synonymous rate.
# Fits compared to null model of omega = 1.000; P-values NOT corrected for multiple testing.
#
# site	omega	P	dLnL
305	0.001	3.7e-06	10.706
515	0.053	7.88e-06	9.983
474	0.001	1.35e-05	9.472
148	0.001	1.6e-05	9.308
343	0.001	7.97e-05	7.783
520	0.001	0.000205	6.891
342	0.001	0.000232	6.778
75	0.001	0.000461	6.133
396	0.001	0.000634	5.836
138	0.119	0.000865	5.548
456	0.053	0.00122	5.234
209	0.108	0.00139	5.109
494	0.001	0.00149	5.047
150	9.319	0.00207	4.743
518	0.001	0.00212	4.721
550	0.068	0.00222	4.678
368	0.001	0.00224	4.669
484	0.001	0.00247	4.583
323	0.001	0.00284	4.455
237	0.001	0.00344	4.279
482	0.001	0.00406	4.128
168	0.172	0.00433	4.070
268	0.171	0.00456	4.023
389	0.064	0.00458	4.020
231	0.064	0.00477	3.982
410	0.001	0.00483	3.971
191	0.001	0.00528	3.890
551	0.001	0.00619	3.747
321	0.001	0.00653	3.699
504	0.001	0.00685	3.655
42	0.001	0.00686	3.655
10	0.116	0.00725	3.605
184	0.186	0.00765	3.557
555	0.001	0.00768	3.553
239	0.001	0.0085	3.463
412	0.001	0.00851	3.461
112	0.001	0.00858	3.454
372	0.192	0.00869	3.443
502	0.001	0.00924	3.388
161	99.000	0.00942	3.371
26	0.001	0.0101	3.307
510	0.104	0.0119	3.162
276	0.210	0.012	3.155
339	0.001	0.0122	3.142
128	0.075	0.0137	3.041
258	0.001	0.0144	2.996
337	0.151	0.0145	2.985
56	0.001	0.0147	2.977
536	99.000	0.0151	2.954
363	0.001	0.0153	2.941
486	0.001	0.0154	2.936
28	0.001	0.0165	2.875
37	0.001	0.0166	2.869
170	0.215	0.0173	2.830
180	0.001	0.0176	2.819
501	0.097	0.0176	2.817
431	0.001	0.0179	2.803
248	0.001	0.0184	2.777
288	0.214	0.0186	2.771
52	99.000	0.0196	2.723
139	0.001	0.0197	2.718
347	0.001	0.0198	2.716
175	0.001	0.0206	2.681
23	0.001	0.0214	2.646
493	0.001	0.0222	2.616
306	0.001	0.023	2.586
394	0.001	0.023	2.585
535	0.001	0.0236	2.563
285	0.122	0.025	2.513
471	0.001	0.0251	2.508
507	0.215	0.0264	2.465
508	0.001	0.0267	2.455
172	0.245	0.0274	2.431
543	0.151	0.0285	2.398
228	0.001	0.0287	2.392
65	0.001	0.0293	2.374
212	0.071	0.0294	2.372
512	0.001	0.03	2.356
455	0.001	0.0313	2.318
511	0.001	0.0327	2.280
453	0.141	0.0334	2.263
197	0.001	0.0335	2.259
4	99.000	0.034	2.247
521	0.001	0.0344	2.238
207	7.348	0.0347	2.229
541	0.001	0.0349	2.225
5	7.585	0.0349	2.224
407	0.001	0.0357	2.205
11	99.000	0.038	2.152
424	0.001	0.0388	2.135
236	0.136	0.04	2.109
367	0.001	0.042	2.067
519	0.001	0.0423	2.061
460	0.240	0.0428	2.051
388	0.001	0.0438	2.031
409	0.001	0.0442	2.025
416	0.001	0.0446	2.017
47	0.001	0.0457	1.997
434	99.000	0.046	1.991
468	0.001	0.0475	1.963
395	0.001	0.0505	1.913
145	0.409	0.0525	1.880
430	0.001	0.0535	1.864
281	0.001	0.0546	1.846
565	0.001	0.0568	1.814
152	0.001	0.0577	1.801
322	0.001	0.0591	1.782
405	0.001	0.0592	1.780
187	0.001	0.0611	1.754
378	0.001	0.0637	1.719
449	0.001	0.0641	1.714
59	0.001	0.0646	1.708
408	0.185	0.067	1.677
463	0.001	0.0681	1.664
68	0.141	0.0695	1.647
370	0.001	0.0708	1.632
234	0.001	0.0724	1.614
146	4.521	0.073	1.607
116	0.001	0.0736	1.601
340	0.172	0.0743	1.593
235	0.250	0.0743	1.592
401	0.001	0.077	1.564
561	0.001	0.0778	1.555
103	0.242	0.0779	1.554
92	0.001	0.0784	1.549
316	0.001	0.0787	1.546
218	0.232	0.0798	1.534
24	0.001	0.0801	1.531
382	0.174	0.0804	1.528
527	0.001	0.0814	1.518
359	0.001	0.0824	1.508
273	0.267	0.0834	1.499
376	0.001	0.0836	1.497
222	0.001	0.084	1.493
438	0.001	0.0841	1.492
299	0.339	0.0846	1.487
335	0.001	0.0857	1.477
38	0.001	0.0861	1.473
60	5.064	0.0874	1.461
427	0.001	0.0892	1.445
48	0.001	0.0898	1.439
63	0.001	0.0903	1.435
469	0.001	0.0915	1.424
540	0.001	0.0919	1.421
55	0.196	0.0928	1.413
6	0.265	0.0939	1.403
398	3.490	0.0939	1.403
54	0.001	0.0963	1.382
513	0.001	0.0972	1.376
81	0.001	0.0988	1.363
125	0.194	0.0988	1.362
392	0.001	0.1	1.349
403	0.001	0.102	1.338
417	0.001	0.103	1.328
219	4.599	0.103	1.327
505	0.001	0.104	1.324
221	0.314	0.104	1.318
61	0.001	0.105	1.315
199	0.384	0.106	1.305
426	0.001	0.107	1.296
279	0.001	0.108	1.295
185	0.283	0.108	1.293
498	0.001	0.108	1.290
290	0.230	0.111	1.268
151	4.989	0.112	1.260
215	0.001	0.113	1.259
533	0.001	0.116	1.235
271	0.001	0.118	1.219
345	0.001	0.12	1.207
419	0.001	0.122	1.196
479	0.001	0.122	1.194
369	0.001	0.123	1.191
40	0.001	0.125	1.180
282	0.001	0.125	1.178
461	4.491	0.126	1.168
466	99.000	0.129	1.154
503	0.295	0.131	1.143
458	0.001	0.131	1.142
254	0.001	0.132	1.137
216	0.200	0.132	1.136
73	0.277	0.133	1.126
182	0.282	0.134	1.126
275	0.001	0.137	1.104
117	0.001	0.139	1.096
542	0.001	0.139	1.093
238	2.733	0.14	1.087
171	2.559	0.141	1.082
454	0.001	0.141	1.081
549	99.000	0.145	1.060
452	0.001	0.149	1.043
539	0.001	0.15	1.038
277	3.624	0.154	1.017
312	0.001	0.154	1.015
3	99.000	0.155	1.009
78	0.447	0.156	1.009
120	0.001	0.157	1.004
554	0.001	0.158	0.994
383	0.001	0.16	0.986
421	0.239	0.162	0.980
397	99.000	0.163	0.974
249	0.001	0.165	0.965
132	0.001	0.165	0.965
86	2.685	0.165	0.964
226	0.001	0.167	0.954
514	0.322	0.168	0.951
34	0.001	0.17	0.943
418	2.909	0.172	0.931
123	0.198	0.173	0.928
331	4.263	0.174	0.924
284	0.001	0.175	0.921
257	99.000	0.176	0.915
433	0.247	0.178	0.908
15	99.000	0.178	0.907
189	0.001	0.181	0.895
354	0.001	0.182	0.892
110	0.001	0.184	0.882
310	0.001	0.185	0.879
442	0.001	0.186	0.875
100	0.331	0.189	0.861
489	0.288	0.193	0.846
390	0.391	0.195	0.841
174	0.001	0.195	0.841
45	0.001	0.197	0.834
522	0.245	0.199	0.827
147	0.001	0.202	0.815
203	0.435	0.204	0.806
252	0.001	0.205	0.803
399	0.001	0.206	0.798
464	0.250	0.207	0.797
523	99.000	0.214	0.773
361	0.305	0.214	0.772
208	0.001	0.214	0.772
377	7.080	0.217	0.763
233	0.001	0.218	0.760
278	0.459	0.219	0.756
217	0.001	0.223	0.744
90	3.086	0.226	0.732
106	0.392	0.229	0.724
156	0.438	0.229	0.724
134	0.001	0.231	0.717
85	3.836	0.232	0.715
98	0.001	0.235	0.705
105	0.001	0.236	0.702
480	0.001	0.238	0.695
413	0.001	0.238	0.695
352	0.001	0.241	0.687
53	0.389	0.242	0.685
188	99.000	0.242	0.684
406	0.001	0.243	0.681
33	0.001	0.247	0.670
334	0.001	0.247	0.669
127	0.001	0.248	0.668
30	0.001	0.249	0.663
415	99.000	0.251	0.660
558	0.001	0.254	0.650
496	3.312	0.254	0.650
18	0.001	0.255	0.648
244	99.000	0.256	0.646
478	0.307	0.257	0.643
341	0.001	0.257	0.642
336	0.001	0.263	0.627
386	0.312	0.263	0.627
296	0.001	0.263	0.626
483	0.001	0.269	0.611
241	0.001	0.269	0.610
313	0.001	0.27	0.607
477	0.001	0.272	0.603
350	0.001	0.273	0.602
473	0.001	0.273	0.602
439	0.001	0.274	0.598
243	0.317	0.277	0.590
131	0.001	0.277	0.590
355	0.001	0.279	0.586
467	2.823	0.279	0.585
487	0.001	0.28	0.584
298	0.001	0.282	0.578
29	0.001	0.283	0.577
178	2.222	0.285	0.572
58	0.001	0.286	0.569
380	0.001	0.289	0.562
437	0.001	0.293	0.554
101	0.412	0.295	0.548
301	0.001	0.296	0.547
57	0.001	0.299	0.539
253	0.293	0.302	0.533
51	0.001	0.304	0.528
356	0.001	0.305	0.527
43	0.001	0.307	0.522
32	0.001	0.307	0.521
196	0.001	0.307	0.521
324	2.074	0.308	0.521
72	0.001	0.308	0.520
491	0.001	0.308	0.520
304	0.396	0.309	0.517
186	1.795	0.309	0.516
83	0.328	0.311	0.513
459	0.427	0.312	0.510
136	0.355	0.313	0.510
559	0.001	0.313	0.509
79	0.001	0.314	0.508
400	0.001	0.316	0.502
31	0.001	0.317	0.501
422	0.418	0.317	0.500
102	0.443	0.32	0.493
445	0.001	0.323	0.489
500	0.001	0.323	0.489
375	4.387	0.324	0.487
270	0.001	0.326	0.483
259	0.001	0.328	0.478
506	0.314	0.329	0.477
317	0.001	0.33	0.475
291	0.001	0.333	0.469
36	99.000	0.335	0.465
49	0.001	0.336	0.463
27	0.001	0.343	0.449
447	0.001	0.344	0.447
509	99.000	0.348	0.440
181	0.001	0.35	0.437
307	0.001	0.351	0.434
76	0.001	0.353	0.431
164	0.001	0.355	0.428
432	2.286	0.356	0.426
67	0.001	0.359	0.421
557	0.001	0.359	0.420
379	0.001	0.363	0.414
328	0.001	0.365	0.410
302	99.000	0.365	0.410
22	99.000	0.368	0.405
326	0.554	0.369	0.403
141	0.001	0.371	0.400
351	0.001	0.371	0.400
129	0.001	0.372	0.399
87	2.624	0.373	0.397
423	0.001	0.378	0.389
346	0.001	0.379	0.387
242	0.001	0.381	0.384
532	0.001	0.383	0.381
295	0.001	0.386	0.376
89	0.518	0.392	0.366
319	0.001	0.393	0.365
69	0.001	0.393	0.364
457	3.657	0.394	0.363
183	0.001	0.396	0.359
133	99.000	0.402	0.352
436	0.001	0.403	0.350
440	0.001	0.409	0.340
333	0.001	0.41	0.340
451	0.001	0.411	0.338
462	0.001	0.412	0.336
167	2.023	0.415	0.333
538	0.001	0.417	0.329
292	0.560	0.418	0.328
411	3.355	0.422	0.323
137	1.756	0.422	0.322
465	0.424	0.424	0.319
194	2.970	0.426	0.316
94	0.001	0.427	0.315
99	0.483	0.428	0.314
325	0.001	0.429	0.313
50	0.001	0.429	0.312
130	1.754	0.431	0.310
385	0.001	0.432	0.309
564	0.001	0.432	0.309
84	0.001	0.434	0.306
446	0.001	0.441	0.297
272	99.000	0.449	0.287
393	0.001	0.449	0.286
155	0.612	0.452	0.283
2	1.861	0.457	0.276
497	99.000	0.457	0.276
297	0.001	0.46	0.273
560	0.001	0.461	0.271
330	99.000	0.462	0.271
35	0.001	0.462	0.270
245	0.001	0.466	0.266
88	0.627	0.468	0.263
213	0.480	0.471	0.260
264	0.001	0.471	0.260
108	0.001	0.478	0.252
308	2.661	0.478	0.252
450	0.001	0.481	0.248
165	0.561	0.482	0.247
91	0.543	0.484	0.245
46	0.001	0.489	0.240
444	0.001	0.489	0.239
373	0.001	0.493	0.235
261	2.271	0.493	0.235
82	0.001	0.494	0.233
526	0.569	0.498	0.230
122	0.001	0.503	0.225
195	1.772	0.506	0.221
425	1.805	0.508	0.220
227	0.599	0.51	0.217
260	0.001	0.513	0.214
163	2.524	0.518	0.209
246	0.461	0.519	0.208
348	0.001	0.519	0.208
530	0.001	0.52	0.207
166	99.000	0.522	0.205
107	0.001	0.53	0.197
12	0.567	0.533	0.195
320	0.001	0.534	0.193
267	0.001	0.535	0.192
70	0.477	0.537	0.191
387	0.001	0.54	0.188
545	0.001	0.54	0.188
371	0.001	0.541	0.187
149	0.536	0.542	0.186
95	0.001	0.549	0.180
162	1.686	0.557	0.173
365	0.001	0.56	0.169
289	0.690	0.561	0.169
262	0.001	0.561	0.169
173	2.003	0.562	0.168
263	0.001	0.564	0.166
548	0.001	0.569	0.162
190	0.001	0.57	0.161
495	0.544	0.576	0.157
201	1.740	0.577	0.156
121	0.543	0.582	0.151
13	1.726	0.588	0.146
118	0.001	0.591	0.144
300	0.001	0.594	0.142
476	0.605	0.596	0.140
41	0.570	0.606	0.133
80	0.001	0.613	0.128
374	0.001	0.615	0.127
344	0.001	0.615	0.126
169	1.496	0.619	0.124
64	1.642	0.624	0.120
198	0.001	0.624	0.120
109	0.001	0.635	0.113
414	1.554	0.636	0.112
111	1.709	0.636	0.112
224	1.409	0.643	0.108
528	1.945	0.644	0.107
338	1.755	0.644	0.106
283	1.446	0.649	0.103
490	0.700	0.651	0.102
311	0.648	0.651	0.102
250	1.349	0.652	0.102
332	0.001	0.66	0.096
269	1.499	0.665	0.094
384	0.001	0.67	0.091
114	1.415	0.671	0.090
204	0.001	0.674	0.088
314	1.359	0.676	0.087
353	1.828	0.678	0.086
255	1.635	0.686	0.082
176	0.771	0.687	0.081
225	1.342	0.694	0.078
62	0.775	0.696	0.076
223	1.495	0.7	0.074
211	1.480	0.703	0.073
309	0.001	0.705	0.072
144	0.760	0.706	0.071
516	0.602	0.726	0.062
391	0.665	0.728	0.060
420	99.000	0.729	0.060
179	0.789	0.731	0.059
143	0.614	0.733	0.058
97	0.733	0.735	0.057
274	1.302	0.741	0.055
9	0.703	0.744	0.053
16	0.692	0.747	0.052
157	1.340	0.748	0.052
251	0.742	0.751	0.050
113	1.255	0.756	0.048
39	1.544	0.762	0.046
360	99.000	0.773	0.041
315	1.504	0.777	0.040
200	0.773	0.782	0.038
404	0.818	0.789	0.036
329	0.741	0.794	0.034
381	1.253	0.796	0.033
124	1.383	0.799	0.033
142	1.170	0.811	0.029
177	0.762	0.811	0.029
7	0.832	0.813	0.028
448	1.365	0.815	0.027
232	1.166	0.818	0.027
119	0.773	0.826	0.024
240	1.189	0.827	0.024
17	1.304	0.829	0.023
266	1.145	0.829	0.023
443	0.737	0.83	0.023
205	1.174	0.831	0.023
525	0.854	0.832	0.023
524	1.740	0.832	0.023
20	0.823	0.833	0.022
8	1.274	0.835	0.022
529	1.345	0.835	0.022
126	1.280	0.84	0.020
154	0.840	0.84	0.020
265	0.846	0.84	0.020
202	0.914	0.879	0.012
294	0.903	0.884	0.011
159	0.899	0.888	0.010
192	1.172	0.89	0.009
280	0.857	0.894	0.009
318	0.832	0.898	0.008
158	0.905	0.903	0.007
153	0.913	0.906	0.007
358	1.167	0.914	0.006
327	0.873	0.915	0.006
286	1.084	0.927	0.004
206	1.055	0.933	0.004
293	1.052	0.946	0.002
160	1.078	0.95	0.002
488	1.054	0.966	0.001
441	1.046	0.967	0.001
14	0.972	0.968	0.001
470	1.025	0.971	0.001
74	1.036	0.972	0.001
96	1.044	0.973	0.001
210	0.982	0.988	0.000
562	0.984	0.991	0.000
71	1.012	0.992	0.000
287	1.006	0.993	0.000
402	0.195	1	0.000
481	0.001	1	0.000
546	3.644	1	0.000
230	0.192	1	0.000
256	0.096	1	0.000
553	0.178	1	0.000
492	0.205	1	0.000
499	0.191	1	0.000
547	2.200	1	0.000
366	2.985	1	0.000
544	2.280	1	0.000
531	1.947	1	0.000
44	2.911	1	0.000
66	2.603	1	0.000
556	0.180	1	0.000
563	0.122	1	0.000
303	0.224	1	0.000
135	1.836	1	0.000
21	2.167	1	0.000
19	0.111	1	0.000
534	2.008	1	0.000
93	0.114	1	0.000
472	2.291	1	0.000
537	2.132	1	0.000
362	1.975	1	0.000
429	1.870	1	0.000
115	1.914	1	0.000
357	0.309	1	0.000
214	1.887	1	0.000
475	1.931	1	0.000
229	1.876	1	0.000
349	1.858	1	0.000
140	0.150	1	0.000
104	0.297	1	0.000
25	2.108	1	0.000
364	0.241	1	0.000
247	0.324	1	0.000
77	0.312	1	0.000
485	1.901	1	0.000
435	0.306	1	0.000
552	0.281	1	0.000
428	2.127	1	0.000
220	0.301	1	0.000
193	0.074	1	-0.000
517	0.402	1	-0.000