# Stringency fit to each site after fixing tree and and all other parameters.
# Fits compared to null model of stringency = 1.405 (the overall gene value).
# P-values NOT corrected for multiple testing.
# The stringency ratio is the ratio of the fitted value to the null (overall gene value).
#
# site	stringency_ratio	P	dLnL	LnL_fixed
78	0.071	3.13e-08	15.311	-89.698
36	0.206	9.53e-06	9.802	-43.134
75	0.071	7.42e-05	7.850	-33.062
103	0.071	9.2e-05	7.647	-51.772
342	0.071	0.000119	7.401	-33.113
150	0.071	0.000344	6.406	-65.646
223	0.071	0.000408	6.248	-48.315
467	0.071	0.000452	6.151	-56.389
68	0.071	0.000494	6.070	-33.766
209	0.071	0.00134	5.140	-52.730
502	7.118	0.00174	4.904	-29.007
13	0.071	0.00176	4.892	-59.511
489	0.291	0.0025	4.572	-38.510
390	0.071	0.00274	4.485	-56.654
515	0.211	0.00275	4.485	-55.469
16	0.163	0.00314	4.362	-53.749
145	1.787	0.00437	4.061	-147.721
202	0.071	0.00599	3.777	-93.380
368	7.118	0.0066	3.689	-22.340
166	2.342	0.00819	3.496	-12.608
343	0.327	0.0083	3.483	-29.390
337	0.071	0.00848	3.465	-44.190
494	7.118	0.0108	3.251	-19.001
305	0.071	0.011	3.229	-33.584
415	0.071	0.011	3.229	-35.747
553	7.118	0.0121	3.148	-3.555
347	7.118	0.0135	3.053	-28.877
492	7.118	0.0138	3.034	-3.139
24	7.118	0.0145	2.987	-30.370
258	7.118	0.0169	2.853	-17.396
56	2.900	0.0169	2.853	-42.041
180	7.118	0.0172	2.839	-27.169
228	7.118	0.0173	2.834	-19.376
456	0.071	0.019	2.753	-37.174
28	7.118	0.0198	2.717	-32.431
112	0.204	0.0234	2.568	-19.489
431	7.118	0.0284	2.400	-15.778
511	7.118	0.0307	2.336	-31.582
471	7.118	0.0317	2.306	-19.793
47	7.118	0.0324	2.289	-20.483
148	4.886	0.0333	2.264	-48.211
23	7.118	0.0347	2.229	-25.343
299	0.071	0.0352	2.217	-75.252
552	7.118	0.0355	2.211	-2.213
221	0.071	0.0357	2.206	-54.699
212	0.071	0.0367	2.183	-22.981
15	0.155	0.0375	2.164	-25.746
191	7.118	0.0385	2.142	-36.118
231	0.086	0.0387	2.137	-40.198
363	7.118	0.0389	2.132	-29.622
26	7.118	0.0402	2.105	-27.860
519	7.118	0.0425	2.057	-24.645
158	0.320	0.0426	2.056	-55.868
455	7.118	0.0447	2.015	-18.952
424	7.118	0.0449	2.010	-25.366
459	2.989	0.0454	2.002	-35.385
99	0.071	0.0455	2.001	-37.204
271	7.118	0.0471	1.971	-26.928
430	4.303	0.048	1.955	-50.547
405	7.118	0.0484	1.948	-13.326
151	4.074	0.0487	1.943	-37.388
38	7.118	0.0488	1.941	-26.825
93	7.118	0.0513	1.899	-2.022
201	0.071	0.052	1.888	-55.979
407	7.118	0.0527	1.876	-28.461
402	7.118	0.0528	1.875	-5.226
218	0.188	0.0539	1.858	-39.267
91	0.121	0.0539	1.858	-51.957
73	7.118	0.0549	1.842	-30.508
520	0.126	0.0555	1.834	-23.756
63	7.118	0.0561	1.825	-29.682
479	7.118	0.0561	1.824	-39.350
514	0.134	0.0564	1.820	-43.284
398	0.283	0.0565	1.819	-51.004
33	7.118	0.0566	1.817	-12.544
378	7.118	0.0569	1.813	-21.362
412	0.071	0.0572	1.808	-17.702
106	0.274	0.0592	1.780	-50.001
59	7.118	0.0609	1.756	-17.656
394	7.118	0.0614	1.750	-19.495
454	6.749	0.0625	1.735	-25.485
367	5.419	0.0628	1.731	-22.954
535	4.975	0.0634	1.723	-29.038
185	2.946	0.0657	1.693	-43.469
116	7.118	0.0662	1.688	-26.667
478	2.093	0.0672	1.676	-29.856
499	0.162	0.0687	1.656	-10.606
488	5.534	0.0692	1.651	-18.367
561	3.751	0.0697	1.645	-12.298
416	6.701	0.0709	1.631	-49.696
186	3.684	0.0733	1.603	-68.809
527	7.118	0.0754	1.580	-11.213
392	7.118	0.0757	1.578	-13.458
505	6.432	0.0757	1.577	-18.450
152	7.118	0.0776	1.557	-18.897
219	0.337	0.0787	1.545	-36.138
70	3.658	0.079	1.543	-22.823
257	0.125	0.0792	1.541	-30.829
376	7.118	0.0794	1.538	-25.320
427	6.588	0.081	1.522	-15.379
155	0.071	0.0833	1.499	-69.780
354	4.690	0.0853	1.481	-31.662
42	0.221	0.0879	1.456	-25.314
226	4.784	0.0884	1.451	-11.027
449	7.118	0.0893	1.443	-18.095
497	0.071	0.0908	1.430	-13.450
6	0.380	0.0922	1.417	-36.842
401	7.118	0.0934	1.408	-19.285
323	0.454	0.0938	1.404	-32.781
290	0.270	0.0946	1.397	-30.033
65	3.086	0.096	1.385	-26.855
438	7.118	0.0972	1.376	-19.370
175	0.071	0.0985	1.365	-17.248
458	4.605	0.099	1.361	-18.493
445	7.118	0.0991	1.360	-16.459
314	0.090	0.101	1.343	-44.859
276	2.991	0.102	1.338	-59.290
359	7.118	0.108	1.293	-20.361
220	0.183	0.11	1.274	-9.630
507	0.071	0.112	1.260	-55.206
114	2.061	0.116	1.237	-41.642
252	7.118	0.116	1.236	-19.071
54	3.635	0.116	1.234	-11.800
4	0.071	0.117	1.229	-61.926
418	7.118	0.12	1.210	-37.190
453	1.670	0.121	1.200	-38.519
420	0.413	0.122	1.195	-11.182
442	7.118	0.124	1.180	-29.555
364	7.118	0.127	1.162	-1.162
473	7.118	0.129	1.151	-16.792
132	7.118	0.13	1.144	-17.252
89	0.071	0.131	1.139	-49.114
469	7.118	0.134	1.120	-33.152
480	4.961	0.137	1.105	-8.293
256	6.217	0.137	1.103	-4.037
345	7.118	0.139	1.093	-34.107
435	6.427	0.14	1.091	-1.091
138	0.490	0.141	1.086	-67.528
460	3.050	0.141	1.082	-46.447
335	6.548	0.143	1.074	-31.712
417	6.732	0.143	1.071	-18.214
498	7.118	0.144	1.067	-19.377
193	4.727	0.145	1.061	-1.069
322	7.118	0.146	1.056	-19.536
310	6.213	0.15	1.036	-22.939
452	7.118	0.15	1.035	-12.339
525	0.392	0.15	1.035	-45.535
173	0.191	0.151	1.031	-25.379
2	0.071	0.152	1.027	-37.169
358	0.364	0.152	1.025	-19.840
14	0.384	0.152	1.024	-47.684
388	3.581	0.154	1.015	-19.579
266	1.536	0.155	1.010	-48.773
554	2.888	0.159	0.992	-17.496
215	6.684	0.166	0.960	-25.202
275	7.118	0.167	0.954	-16.118
5	0.375	0.169	0.947	-34.650
403	3.317	0.169	0.947	-10.422
281	3.538	0.169	0.944	-22.951
147	7.118	0.173	0.927	-21.302
81	7.118	0.174	0.924	-18.255
140	5.494	0.174	0.922	-0.925
357	6.540	0.175	0.922	-0.922
341	7.118	0.175	0.921	-7.914
370	3.563	0.176	0.916	-18.278
284	7.118	0.177	0.912	-24.374
419	7.118	0.18	0.898	-15.544
533	3.084	0.182	0.889	-11.374
550	2.389	0.183	0.888	-33.806
141	7.118	0.184	0.882	-11.272
408	0.256	0.184	0.881	-33.140
207	0.586	0.187	0.871	-33.918
234	4.017	0.187	0.870	-18.643
161	0.598	0.188	0.866	-21.433
404	0.071	0.189	0.862	-43.667
45	6.905	0.189	0.862	-14.696
117	5.682	0.19	0.857	-22.541
142	1.333	0.191	0.855	-52.084
61	7.118	0.192	0.851	-31.585
461	0.530	0.192	0.850	-50.007
98	7.118	0.197	0.833	-15.657
30	7.118	0.198	0.828	-17.819
74	3.776	0.199	0.823	-22.196
426	7.118	0.201	0.817	-20.031
43	2.491	0.202	0.815	-9.159
350	7.118	0.202	0.813	-18.565
356	6.664	0.204	0.807	-29.977
40	7.118	0.204	0.806	-15.683
48	3.190	0.205	0.802	-16.353
316	7.118	0.207	0.795	-12.395
25	2.706	0.208	0.793	-5.073
174	5.561	0.209	0.790	-21.448
134	5.842	0.209	0.790	-20.183
71	0.331	0.209	0.788	-23.498
559	7.118	0.21	0.786	-26.333
326	2.565	0.212	0.779	-59.059
294	1.664	0.213	0.776	-66.762
301	7.118	0.215	0.769	-22.615
250	0.585	0.215	0.767	-56.846
486	2.358	0.217	0.763	-19.426
270	7.118	0.217	0.762	-18.525
189	7.118	0.218	0.757	-13.790
208	5.369	0.22	0.754	-24.700
477	6.408	0.22	0.752	-21.706
105	6.568	0.22	0.751	-22.330
164	7.118	0.221	0.750	-24.627
144	0.780	0.221	0.750	-121.852
268	1.718	0.222	0.746	-67.781
536	0.500	0.226	0.732	-30.796
110	5.027	0.226	0.731	-29.738
113	2.383	0.228	0.725	-47.085
100	0.419	0.231	0.716	-34.889
539	7.118	0.232	0.713	-18.775
296	6.828	0.236	0.701	-21.207
451	7.118	0.238	0.696	-25.769
122	7.118	0.238	0.695	-27.159
483	1.808	0.243	0.682	-12.786
410	0.453	0.244	0.678	-21.490
12	0.351	0.247	0.670	-38.060
464	2.122	0.25	0.663	-18.389
167	0.597	0.25	0.661	-48.362
77	5.284	0.251	0.660	-0.660
352	4.581	0.254	0.650	-15.069
551	2.310	0.258	0.641	-22.363
79	7.118	0.26	0.635	-31.027
379	5.990	0.264	0.623	-41.920
19	0.333	0.266	0.618	-8.402
481	4.317	0.268	0.612	-6.170
380	6.307	0.269	0.610	-15.876
243	1.293	0.27	0.609	-26.091
512	0.462	0.271	0.606	-15.472
253	7.118	0.277	0.592	-19.966
249	7.118	0.277	0.591	-24.120
233	7.118	0.278	0.588	-13.087
311	3.114	0.278	0.588	-28.319
565	2.634	0.28	0.584	-19.941
298	5.787	0.285	0.572	-21.365
528	0.474	0.285	0.570	-18.085
351	4.324	0.286	0.569	-32.029
58	7.118	0.288	0.564	-31.715
389	0.443	0.288	0.564	-24.702
334	7.118	0.289	0.563	-29.819
32	7.118	0.29	0.560	-19.825
400	7.118	0.293	0.552	-8.322
7	2.543	0.293	0.552	-38.128
509	0.446	0.294	0.552	-15.286
62	1.656	0.296	0.547	-47.906
457	0.616	0.298	0.542	-17.402
170	1.890	0.3	0.538	-59.335
72	6.930	0.3	0.536	-15.783
372	1.369	0.303	0.532	-49.533
282	2.305	0.303	0.531	-25.558
277	2.718	0.303	0.529	-60.980
306	1.875	0.304	0.529	-39.833
55	1.497	0.304	0.529	-29.974
225	0.543	0.308	0.519	-44.525
292	1.832	0.311	0.514	-45.292
487	1.659	0.314	0.507	-10.227
529	0.526	0.315	0.504	-19.234
517	2.163	0.316	0.504	-6.827
540	2.950	0.319	0.497	-24.846
163	0.708	0.319	0.496	-27.914
255	0.408	0.322	0.490	-23.420
217	6.267	0.323	0.489	-19.650
205	0.580	0.323	0.488	-49.725
421	1.723	0.323	0.488	-26.164
513	1.783	0.324	0.487	-14.409
67	6.365	0.328	0.478	-29.929
563	3.331	0.329	0.477	-3.347
484	2.044	0.33	0.475	-25.662
178	0.610	0.331	0.473	-62.895
423	5.148	0.332	0.470	-28.919
69	6.355	0.332	0.470	-34.380
433	1.491	0.339	0.456	-22.868
413	7.118	0.34	0.455	-13.625
238	0.728	0.34	0.454	-91.901
29	7.118	0.345	0.446	-16.869
172	0.704	0.345	0.445	-57.067
382	2.243	0.349	0.438	-22.475
90	0.347	0.351	0.436	-54.664
211	0.518	0.353	0.431	-44.101
241	5.328	0.356	0.426	-20.045
317	4.574	0.362	0.416	-22.399
137	0.502	0.363	0.414	-57.584
501	1.844	0.365	0.410	-24.898
82	7.118	0.367	0.406	-15.325
264	7.118	0.371	0.401	-24.175
260	7.118	0.371	0.400	-10.441
555	1.650	0.372	0.399	-28.132
136	1.775	0.373	0.396	-30.869
285	0.438	0.377	0.391	-27.485
181	4.393	0.38	0.386	-11.373
521	0.505	0.381	0.384	-30.322
127	2.023	0.382	0.382	-16.505
336	4.746	0.382	0.382	-16.963
307	4.563	0.384	0.378	-20.667
49	5.993	0.387	0.375	-24.443
381	0.461	0.387	0.374	-35.874
154	0.461	0.389	0.371	-43.347
428	2.002	0.39	0.369	-5.040
288	1.624	0.391	0.368	-56.177
287	1.714	0.393	0.365	-59.685
76	6.905	0.393	0.365	-19.382
542	1.948	0.393	0.364	-25.563
436	7.118	0.395	0.361	-20.322
468	1.964	0.397	0.359	-18.960
320	7.118	0.398	0.358	-11.743
41	1.577	0.4	0.355	-23.700
278	0.071	0.402	0.351	-54.564
328	7.118	0.406	0.345	-31.722
396	1.535	0.407	0.344	-30.340
493	1.880	0.409	0.341	-18.464
385	7.118	0.411	0.338	-15.407
557	7.118	0.413	0.335	-15.661
530	7.118	0.414	0.333	-31.253
272	0.369	0.419	0.327	-15.371
309	0.683	0.42	0.326	-13.255
50	3.394	0.42	0.324	-28.822
31	1.575	0.426	0.316	-9.593
210	0.393	0.426	0.316	-28.514
247	4.603	0.429	0.313	-0.313
120	1.996	0.437	0.302	-17.456
522	1.584	0.439	0.299	-23.023
503	1.744	0.44	0.298	-42.647
129	7.118	0.44	0.298	-11.278
121	1.429	0.444	0.293	-20.968
34	1.452	0.447	0.290	-10.987
355	4.818	0.447	0.289	-23.660
261	1.865	0.45	0.286	-23.742
538	2.210	0.451	0.284	-8.170
465	1.436	0.457	0.277	-31.454
289	0.406	0.461	0.272	-61.118
303	0.503	0.463	0.270	-7.880
3	0.554	0.464	0.268	-20.804
333	6.545	0.468	0.263	-9.143
125	0.629	0.471	0.260	-30.671
440	5.479	0.472	0.259	-9.666
444	5.148	0.474	0.257	-27.998
273	0.705	0.475	0.255	-46.655
18	1.414	0.478	0.252	-8.028
104	0.627	0.478	0.252	-6.662
386	0.276	0.479	0.250	-26.419
244	0.581	0.481	0.249	-13.400
242	6.780	0.481	0.248	-14.667
236	1.634	0.486	0.243	-34.617
35	7.118	0.486	0.243	-13.414
37	1.480	0.487	0.242	-41.521
97	0.732	0.491	0.237	-31.090
52	0.584	0.491	0.237	-38.401
411	0.676	0.491	0.237	-17.113
88	0.745	0.492	0.236	-59.420
130	0.795	0.492	0.236	-55.982
162	0.692	0.494	0.234	-34.241
235	0.556	0.5	0.228	-40.418
131	1.534	0.5	0.228	-12.343
441	1.526	0.501	0.227	-34.959
432	0.677	0.501	0.227	-44.790
562	1.534	0.505	0.222	-17.498
64	0.553	0.509	0.218	-44.657
87	0.758	0.511	0.216	-56.030
8	0.665	0.512	0.215	-30.635
526	1.675	0.512	0.215	-37.945
325	1.912	0.514	0.213	-10.485
291	4.259	0.514	0.213	-11.361
85	1.353	0.515	0.212	-21.505
508	1.516	0.516	0.211	-17.017
10	1.412	0.523	0.204	-40.128
330	1.248	0.526	0.201	-7.637
495	1.376	0.532	0.195	-24.141
556	0.643	0.538	0.190	-6.455
146	1.236	0.538	0.189	-106.137
338	0.751	0.539	0.189	-30.760
414	1.415	0.54	0.188	-27.791
446	7.118	0.545	0.183	-8.900
239	1.279	0.545	0.183	-19.864
267	4.777	0.547	0.181	-12.486
447	7.118	0.55	0.178	-12.177
17	0.778	0.554	0.175	-26.359
490	0.500	0.556	0.173	-38.587
437	1.299	0.563	0.167	-10.489
254	0.622	0.565	0.166	-14.032
169	1.970	0.566	0.165	-49.565
183	5.652	0.566	0.165	-15.468
439	0.689	0.571	0.161	-12.631
190	4.435	0.572	0.159	-13.592
265	1.469	0.573	0.159	-34.191
269	1.287	0.581	0.153	-33.142
196	3.707	0.581	0.152	-13.852
94	1.764	0.585	0.149	-19.839
500	1.320	0.585	0.149	-8.795
506	0.691	0.591	0.145	-21.175
259	1.442	0.593	0.143	-12.323
102	1.412	0.593	0.143	-43.007
53	0.611	0.598	0.139	-40.919
192	1.743	0.598	0.139	-31.449
118	4.518	0.601	0.136	-26.903
232	0.071	0.602	0.136	-68.367
227	0.706	0.602	0.136	-41.577
83	0.733	0.608	0.132	-25.412
450	5.317	0.609	0.131	-12.406
549	0.719	0.61	0.130	-11.719
353	0.749	0.615	0.127	-16.937
124	0.721	0.616	0.126	-23.978
251	0.456	0.616	0.126	-31.499
318	1.493	0.618	0.125	-14.686
101	1.285	0.621	0.122	-35.806
182	1.491	0.623	0.121	-39.025
22	1.391	0.629	0.117	-9.596
188	0.760	0.629	0.117	-11.252
327	0.764	0.63	0.116	-16.566
237	1.309	0.634	0.113	-27.725
143	1.453	0.635	0.113	-12.650
86	1.585	0.636	0.112	-59.183
377	0.805	0.636	0.112	-12.804
229	1.345	0.643	0.108	-5.564
197	1.545	0.644	0.107	-15.129
302	1.320	0.644	0.107	-10.071
171	1.217	0.645	0.106	-69.123
153	0.659	0.647	0.105	-38.495
472	0.761	0.649	0.103	-4.522
11	1.515	0.652	0.102	-34.865
222	1.327	0.654	0.100	-14.976
293	0.809	0.655	0.100	-46.403
262	4.830	0.656	0.099	-9.726
391	1.307	0.657	0.099	-22.115
406	1.319	0.659	0.098	-11.923
369	1.348	0.659	0.098	-13.165
319	1.176	0.66	0.097	-11.403
504	1.351	0.664	0.094	-17.897
371	0.790	0.666	0.093	-7.632
434	1.347	0.67	0.091	-22.415
531	1.240	0.672	0.090	-8.010
361	0.808	0.672	0.090	-38.518
92	1.361	0.673	0.089	-15.692
135	0.784	0.673	0.089	-8.788
187	1.639	0.675	0.088	-11.564
240	1.204	0.677	0.087	-58.393
348	6.944	0.677	0.087	-13.503
384	3.453	0.68	0.085	-7.323
315	0.771	0.68	0.085	-15.563
133	1.327	0.684	0.083	-10.277
80	4.086	0.686	0.082	-15.483
548	5.270	0.686	0.082	-8.922
165	0.824	0.688	0.081	-44.598
482	1.203	0.69	0.080	-20.217
280	1.177	0.691	0.079	-26.219
184	1.215	0.695	0.077	-65.250
9	1.287	0.696	0.077	-36.678
383	1.279	0.697	0.076	-16.688
51	1.326	0.698	0.075	-8.811
475	1.244	0.7	0.074	-3.815
346	1.193	0.702	0.073	-9.145
149	0.831	0.703	0.073	-34.345
545	0.772	0.704	0.072	-11.318
194	1.342	0.708	0.070	-21.586
537	1.278	0.716	0.066	-6.587
200	0.834	0.716	0.066	-28.556
216	1.279	0.717	0.066	-23.409
312	1.296	0.718	0.065	-12.499
543	0.801	0.72	0.064	-49.832
523	0.732	0.721	0.064	-12.718
57	1.320	0.723	0.063	-7.320
564	1.353	0.724	0.062	-7.916
448	0.852	0.731	0.059	-19.096
429	1.198	0.734	0.058	-4.603
546	0.668	0.736	0.057	-9.743
21	0.868	0.74	0.055	-4.631
496	1.231	0.741	0.055	-25.147
168	0.880	0.741	0.055	-55.959
375	0.831	0.742	0.054	-18.984
349	0.733	0.742	0.054	-6.167
463	1.247	0.745	0.053	-18.688
516	1.292	0.747	0.052	-14.468
27	1.207	0.749	0.051	-10.313
547	0.758	0.759	0.047	-8.603
362	0.882	0.76	0.047	-4.253
248	1.263	0.773	0.042	-21.433
485	1.205	0.775	0.041	-5.658
374	1.359	0.779	0.039	-10.464
339	1.174	0.781	0.039	-28.113
393	1.167	0.788	0.036	-9.096
466	1.164	0.791	0.035	-15.381
295	1.133	0.793	0.034	-10.536
115	1.210	0.798	0.033	-4.998
331	1.170	0.8	0.032	-24.260
476	0.821	0.8	0.032	-34.524
321	1.174	0.801	0.032	-24.424
44	0.832	0.803	0.031	-4.882
157	0.893	0.804	0.031	-54.257
340	1.204	0.808	0.030	-31.899
558	1.223	0.81	0.029	-18.117
283	1.166	0.812	0.028	-42.579
245	0.888	0.812	0.028	-7.808
366	0.815	0.815	0.027	-6.218
107	0.911	0.818	0.027	-7.646
214	1.198	0.818	0.026	-5.207
297	0.812	0.818	0.026	-9.379
329	1.081	0.823	0.025	-41.004
224	0.836	0.826	0.024	-45.150
518	0.769	0.828	0.024	-25.410
279	1.168	0.837	0.021	-18.231
373	1.119	0.842	0.020	-13.921
206	1.179	0.846	0.019	-69.285
159	0.920	0.852	0.017	-45.011
304	0.922	0.853	0.017	-31.662
462	1.107	0.857	0.016	-7.758
108	1.089	0.857	0.016	-11.667
66	0.882	0.859	0.016	-4.968
156	1.109	0.86	0.015	-49.625
313	1.154	0.861	0.015	-14.438
246	1.132	0.862	0.015	-18.652
422	0.908	0.864	0.015	-34.786
119	1.092	0.865	0.014	-20.160
532	1.085	0.866	0.014	-11.122
409	1.110	0.867	0.014	-23.003
443	1.165	0.868	0.014	-15.011
84	1.069	0.871	0.013	-8.325
360	1.086	0.874	0.012	-9.915
203	1.036	0.876	0.012	-79.764
123	0.900	0.876	0.012	-22.249
109	1.179	0.883	0.011	-7.714
397	1.238	0.884	0.011	-12.919
179	0.949	0.884	0.011	-80.249
230	1.107	0.885	0.010	-5.370
126	0.888	0.889	0.010	-24.165
274	1.133	0.894	0.009	-57.978
128	0.904	0.896	0.008	-24.016
177	0.907	0.897	0.008	-28.915
560	1.067	0.903	0.007	-13.089
286	0.926	0.905	0.007	-39.658
263	0.909	0.907	0.007	-9.801
198	1.069	0.909	0.007	-14.143
60	1.073	0.915	0.006	-44.834
160	0.973	0.915	0.006	-27.726
176	0.950	0.92	0.005	-67.367
544	1.087	0.926	0.004	-6.787
204	0.903	0.929	0.004	-6.483
195	1.048	0.931	0.004	-32.999
399	0.936	0.931	0.004	-11.929
534	1.067	0.933	0.003	-6.190
95	1.044	0.934	0.003	-14.367
39	1.096	0.94	0.003	-15.951
510	0.924	0.94	0.003	-34.153
332	1.094	0.941	0.003	-9.138
199	0.978	0.942	0.003	-58.902
395	1.070	0.944	0.002	-17.291
300	1.059	0.944	0.002	-8.707
46	0.958	0.948	0.002	-10.517
387	1.046	0.95	0.002	-17.120
425	1.034	0.951	0.002	-32.740
111	1.041	0.953	0.002	-29.024
470	1.037	0.958	0.001	-47.698
308	0.984	0.958	0.001	-23.497
324	0.978	0.96	0.001	-44.129
474	0.976	0.964	0.001	-36.911
139	1.029	0.965	0.001	-25.938
96	1.023	0.969	0.001	-19.086
524	0.973	0.973	0.001	-17.800
344	1.020	0.974	0.001	-9.970
213	1.026	0.982	0.000	-28.370
541	1.016	0.984	0.000	-19.455
491	0.994	0.985	0.000	-12.355
365	0.996	0.993	0.000	-10.770
20	0.997	0.995	0.000	-25.332