# Stringency fit to each site after fixing tree and and all other parameters.
# Fits compared to null model of stringency = 1.798 (the overall gene value).
# P-values NOT corrected for multiple testing.
# The stringency ratio is the ratio of the fitted value to the null (overall gene value).
#
# site	stringency_ratio	P	dLnL	LnL_fixed
342	0.056	2e-09	17.987	-43.852
223	0.056	1.18e-06	11.806	-53.817
218	0.056	0.000249	6.711	-44.381
231	0.056	0.000715	5.725	-44.029
128	0.056	0.000908	5.503	-30.767
78	0.056	0.00106	5.360	-79.425
175	0.056	0.00108	5.342	-21.389
186	0.056	0.00198	4.784	-76.271
390	0.056	0.00389	4.166	-56.408
56	5.563	0.00429	4.078	-43.408
551	5.563	0.0047	3.996	-21.903
52	0.056	0.00494	3.951	-42.657
158	0.056	0.00497	3.946	-58.441
150	0.056	0.00526	3.894	-63.034
268	0.056	0.0062	3.746	-73.099
347	5.563	0.00622	3.743	-29.593
305	5.563	0.0067	3.675	-27.825
368	5.563	0.00675	3.670	-21.863
415	0.056	0.00723	3.608	-36.160
497	0.056	0.00748	3.578	-15.688
479	5.563	0.00884	3.428	-41.305
36	0.466	0.00954	3.360	-35.525
220	0.056	0.00998	3.319	-11.847
306	5.563	0.0116	3.183	-40.480
191	5.563	0.012	3.155	-36.438
499	0.056	0.0122	3.143	-12.188
42	0.056	0.0134	3.055	-27.279
402	5.563	0.0139	3.024	-3.654
153	0.056	0.0164	2.882	-41.788
258	5.563	0.0177	2.814	-17.482
239	5.563	0.0183	2.785	-19.220
24	5.563	0.0207	2.676	-30.032
202	0.056	0.0214	2.648	-92.430
5	0.069	0.0225	2.602	-36.686
484	5.563	0.0265	2.460	-23.040
555	5.563	0.0283	2.405	-28.174
554	5.563	0.0285	2.400	-17.608
15	0.249	0.0336	2.258	-25.605
535	5.563	0.0359	2.202	-28.470
477	5.563	0.0363	2.191	-23.120
331	0.453	0.0366	2.185	-29.244
541	5.563	0.0372	2.170	-18.442
166	1.782	0.0375	2.164	-12.366
116	5.563	0.0379	2.154	-27.165
520	5.563	0.0394	2.123	-20.394
103	0.056	0.0394	2.123	-46.071
154	0.056	0.0408	2.092	-45.318
271	5.563	0.0409	2.091	-27.136
294	2.907	0.0413	2.081	-68.123
489	0.582	0.0464	1.983	-33.673
185	2.940	0.0473	1.967	-43.853
552	5.563	0.0482	1.951	-1.976
343	5.563	0.0486	1.944	-22.320
71	0.056	0.0493	1.933	-25.070
248	5.563	0.0494	1.931	-20.010
396	5.563	0.0497	1.925	-27.460
132	5.563	0.0508	1.908	-17.977
553	5.563	0.0511	1.903	-2.121
211	0.056	0.0511	1.903	-46.310
382	5.563	0.0517	1.892	-22.223
492	5.563	0.0528	1.874	-1.875
277	0.056	0.0538	1.859	-63.727
404	0.056	0.0581	1.795	-44.622
47	5.563	0.0596	1.774	-19.989
519	5.563	0.0607	1.759	-24.284
427	5.563	0.0608	1.757	-15.643
455	5.563	0.061	1.754	-18.313
406	4.587	0.0615	1.748	-11.692
401	5.563	0.0631	1.727	-19.629
431	5.563	0.0636	1.720	-14.628
112	0.315	0.0638	1.718	-18.330
409	5.563	0.064	1.716	-21.860
106	0.160	0.0646	1.708	-50.116
508	5.563	0.0648	1.705	-17.347
233	5.563	0.0659	1.691	-14.581
147	5.563	0.067	1.677	-22.190
215	5.563	0.0684	1.661	-27.710
430	5.563	0.0688	1.656	-50.328
378	5.563	0.0702	1.640	-21.222
376	5.563	0.0725	1.612	-25.404
227	0.056	0.0729	1.608	-43.582
354	5.419	0.0741	1.594	-31.849
221	0.056	0.0765	1.569	-53.987
438	5.563	0.0778	1.555	-19.550
182	0.056	0.0795	1.537	-41.699
253	3.416	0.0797	1.536	-19.896
273	0.470	0.0798	1.535	-48.905
172	0.535	0.0802	1.530	-58.202
176	0.056	0.0813	1.520	-70.948
494	2.792	0.0856	1.477	-17.564
213	0.168	0.0857	1.477	-30.842
313	5.563	0.086	1.474	-13.948
238	0.669	0.0865	1.470	-91.163
283	0.287	0.0889	1.447	-45.242
323	5.563	0.0893	1.444	-28.101
274	2.880	0.0896	1.441	-56.582
64	0.096	0.0922	1.417	-46.061
162	0.331	0.0926	1.414	-36.258
161	0.544	0.0957	1.387	-21.772
63	5.563	0.097	1.377	-29.189
75	0.163	0.0974	1.374	-26.196
232	0.232	0.0979	1.370	-69.531
527	5.563	0.101	1.347	-10.609
407	3.731	0.101	1.342	-29.520
424	5.563	0.105	1.315	-24.669
130	0.573	0.107	1.300	-58.216
93	5.563	0.108	1.294	-1.296
282	3.334	0.109	1.287	-26.324
337	0.056	0.109	1.284	-41.949
236	0.069	0.11	1.276	-37.581
470	0.428	0.111	1.271	-49.629
442	5.563	0.112	1.262	-30.037
210	0.056	0.113	1.255	-29.732
509	0.271	0.114	1.250	-16.450
53	0.056	0.117	1.230	-42.387
301	5.563	0.118	1.219	-23.084
151	2.424	0.119	1.217	-37.846
222	2.738	0.12	1.210	-14.407
235	0.056	0.12	1.209	-41.719
197	0.423	0.125	1.176	-17.504
287	2.257	0.127	1.166	-58.305
498	3.204	0.127	1.163	-19.408
538	4.393	0.127	1.162	-9.831
542	5.563	0.131	1.141	-24.849
249	5.563	0.133	1.131	-23.980
129	5.563	0.133	1.128	-12.118
110	5.563	0.134	1.125	-30.176
189	5.563	0.134	1.121	-14.075
209	0.190	0.135	1.117	-48.562
372	1.707	0.136	1.111	-49.714
140	5.563	0.136	1.110	-1.112
216	0.203	0.138	1.102	-26.473
474	0.300	0.138	1.099	-38.507
394	5.563	0.138	1.099	-18.578
454	4.481	0.14	1.087	-23.645
81	5.563	0.145	1.063	-18.374
322	5.563	0.145	1.062	-19.457
403	3.483	0.147	1.054	-10.512
266	1.536	0.148	1.049	-48.732
471	3.494	0.149	1.043	-19.165
198	5.563	0.15	1.037	-15.221
463	5.563	0.15	1.037	-17.259
408	3.518	0.15	1.036	-30.869
38	1.979	0.15	1.034	-28.629
358	0.353	0.152	1.028	-19.901
392	5.563	0.152	1.027	-12.756
310	5.563	0.153	1.024	-22.995
252	5.563	0.153	1.021	-18.842
275	5.563	0.153	1.019	-16.178
142	1.431	0.154	1.014	-51.145
334	5.563	0.156	1.006	-30.175
4	0.180	0.163	0.975	-61.631
511	2.084	0.163	0.973	-32.023
505	5.563	0.165	0.963	-17.832
346	2.679	0.167	0.955	-10.121
86	0.056	0.172	0.934	-60.140
26	5.563	0.172	0.933	-25.886
243	1.434	0.174	0.922	-26.055
168	1.887	0.175	0.919	-55.720
51	3.139	0.177	0.913	-9.263
561	3.855	0.177	0.910	-12.086
141	5.563	0.179	0.903	-11.302
157	0.312	0.184	0.885	-56.624
187	5.563	0.184	0.882	-10.308
123	5.334	0.186	0.873	-22.421
482	3.999	0.187	0.870	-21.106
87	0.587	0.187	0.870	-57.241
174	5.563	0.189	0.862	-21.473
173	0.211	0.19	0.857	-25.210
77	5.563	0.191	0.854	-0.854
458	3.104	0.193	0.847	-17.949
405	3.276	0.193	0.846	-13.632
167	0.532	0.195	0.840	-49.083
452	2.055	0.201	0.817	-12.080
350	5.563	0.206	0.800	-18.503
32	5.563	0.208	0.794	-19.774
388	2.572	0.209	0.788	-19.381
565	2.509	0.209	0.788	-19.347
549	0.567	0.211	0.784	-12.497
270	5.563	0.212	0.778	-18.526
228	3.077	0.213	0.777	-19.387
367	5.563	0.215	0.768	-21.938
99	0.056	0.215	0.768	-36.075
361	0.615	0.218	0.759	-38.469
28	2.926	0.224	0.741	-30.557
298	5.563	0.224	0.738	-21.472
234	0.241	0.225	0.737	-20.997
193	5.563	0.225	0.735	-0.735
94	5.067	0.227	0.729	-20.361
386	0.144	0.233	0.711	-26.869
490	2.339	0.234	0.709	-36.844
165	0.588	0.234	0.709	-46.058
540	3.169	0.239	0.693	-24.479
48	5.563	0.24	0.691	-16.191
410	2.663	0.24	0.690	-19.703
281	5.563	0.241	0.686	-22.796
533	1.663	0.244	0.678	-10.893
164	5.563	0.245	0.676	-24.466
435	5.381	0.245	0.675	-0.675
61	5.563	0.248	0.668	-30.848
335	4.830	0.248	0.668	-31.285
105	5.563	0.253	0.654	-22.195
90	0.239	0.253	0.652	-55.069
416	2.569	0.254	0.652	-49.085
59	4.557	0.254	0.651	-16.594
345	5.563	0.255	0.649	-33.375
208	4.199	0.255	0.649	-24.596
68	0.202	0.255	0.647	-28.072
73	2.205	0.256	0.646	-30.893
296	5.563	0.256	0.644	-21.126
152	4.733	0.257	0.644	-17.920
389	0.524	0.258	0.641	-24.425
461	0.575	0.259	0.637	-49.587
288	2.154	0.259	0.637	-56.125
521	2.855	0.261	0.631	-28.581
513	5.563	0.262	0.628	-15.877
155	1.977	0.263	0.625	-66.322
379	4.756	0.263	0.625	-41.953
432	0.504	0.265	0.620	-45.593
381	1.940	0.265	0.620	-33.142
330	1.779	0.266	0.619	-7.598
512	0.239	0.266	0.618	-15.840
13	0.225	0.269	0.610	-55.247
457	0.626	0.27	0.609	-17.112
260	5.563	0.273	0.600	-10.630
98	5.563	0.275	0.596	-15.463
272	0.266	0.277	0.590	-15.660
383	5.563	0.281	0.581	-15.560
329	1.573	0.283	0.577	-41.136
134	4.545	0.284	0.575	-19.941
502	1.613	0.284	0.575	-30.149
242	5.563	0.284	0.574	-14.998
284	5.563	0.287	0.567	-23.976
439	5.563	0.288	0.564	-9.749
183	5.483	0.29	0.560	-15.808
22	0.631	0.29	0.559	-10.488
111	0.394	0.293	0.552	-31.097
10	0.474	0.294	0.552	-42.549
250	2.107	0.295	0.549	-52.564
356	4.419	0.295	0.548	-29.655
307	5.441	0.296	0.546	-20.833
269	1.629	0.299	0.539	-32.203
364	5.563	0.302	0.533	-0.533
423	5.563	0.307	0.522	-28.934
289	1.584	0.309	0.518	-57.958
16	0.541	0.31	0.515	-49.473
264	5.563	0.31	0.515	-24.284
241	4.771	0.316	0.502	-20.050
219	2.778	0.317	0.502	-31.900
293	0.625	0.317	0.500	-47.306
40	5.210	0.318	0.499	-15.357
398	2.112	0.322	0.490	-44.593
363	4.274	0.323	0.488	-27.979
506	0.369	0.325	0.484	-22.506
205	0.500	0.328	0.479	-50.148
326	0.056	0.328	0.478	-60.993
518	0.175	0.329	0.476	-26.189
117	4.742	0.33	0.474	-22.159
373	5.563	0.332	0.471	-14.926
417	4.597	0.343	0.449	-17.587
178	0.439	0.345	0.446	-63.653
324	2.394	0.347	0.442	-42.476
181	5.563	0.355	0.428	-11.351
550	1.638	0.357	0.424	-34.929
309	0.613	0.365	0.410	-13.315
121	1.518	0.368	0.405	-20.875
122	5.563	0.37	0.402	-26.790
453	1.319	0.37	0.402	-38.258
104	0.478	0.371	0.400	-7.397
459	1.383	0.373	0.397	-34.189
357	4.726	0.374	0.396	-0.396
359	5.149	0.375	0.393	-19.384
54	1.556	0.383	0.381	-10.673
349	0.525	0.383	0.380	-6.444
441	0.650	0.384	0.378	-36.758
76	5.563	0.385	0.378	-19.452
138	1.455	0.385	0.377	-63.943
486	1.775	0.385	0.377	-19.627
525	0.591	0.388	0.373	-44.475
67	5.563	0.388	0.373	-29.821
292	0.611	0.389	0.370	-47.760
45	1.542	0.396	0.360	-14.141
145	1.162	0.399	0.356	-145.304
259	1.574	0.4	0.354	-12.328
247	4.536	0.401	0.353	-0.353
144	0.845	0.403	0.349	-121.253
523	2.501	0.405	0.347	-12.392
475	1.809	0.407	0.343	-4.207
101	1.727	0.408	0.342	-36.260
49	5.563	0.409	0.341	-24.418
21	0.755	0.41	0.340	-4.282
449	4.675	0.412	0.336	-16.911
488	1.811	0.413	0.335	-18.205
79	5.563	0.413	0.334	-30.780
177	0.580	0.414	0.334	-30.047
23	4.239	0.416	0.330	-23.294
469	5.037	0.421	0.324	-32.347
547	0.713	0.422	0.323	-8.036
261	0.652	0.422	0.322	-25.370
43	1.477	0.423	0.321	-8.490
465	1.434	0.424	0.319	-30.074
204	5.563	0.426	0.318	-6.843
351	3.777	0.432	0.309	-31.735
297	5.563	0.433	0.308	-8.613
426	5.197	0.433	0.308	-19.557
516	2.745	0.433	0.307	-13.368
246	1.949	0.433	0.307	-18.300
445	5.563	0.435	0.304	-15.154
483	1.502	0.437	0.302	-12.361
100	1.574	0.44	0.298	-32.874
304	1.448	0.442	0.296	-30.497
279	1.568	0.444	0.293	-17.779
190	5.563	0.458	0.275	-13.656
411	1.775	0.46	0.273	-15.612
80	5.148	0.46	0.273	-15.650
58	5.563	0.464	0.268	-31.535
545	5.563	0.464	0.268	-11.564
362	0.751	0.467	0.265	-4.333
50	5.425	0.47	0.262	-28.794
12	1.471	0.471	0.260	-34.855
196	4.035	0.471	0.259	-13.941
229	0.613	0.472	0.259	-6.956
433	1.341	0.473	0.257	-22.687
69	5.312	0.474	0.256	-34.135
280	1.365	0.477	0.253	-26.194
30	5.563	0.479	0.250	-17.224
560	1.502	0.481	0.248	-13.330
466	0.731	0.482	0.248	-16.228
336	3.858	0.483	0.246	-16.763
316	1.806	0.484	0.245	-11.831
444	5.563	0.486	0.243	-27.930
256	2.007	0.487	0.241	-3.107
341	5.563	0.491	0.238	-7.193
149	1.566	0.496	0.232	-33.677
400	1.700	0.497	0.231	-8.040
503	1.710	0.502	0.225	-42.876
436	5.174	0.504	0.224	-20.166
225	0.728	0.508	0.219	-43.398
419	4.960	0.51	0.217	-14.857
314	0.545	0.513	0.214	-43.473
473	5.284	0.514	0.213	-15.630
265	0.707	0.52	0.207	-36.060
74	1.743	0.527	0.200	-22.160
559	5.140	0.527	0.200	-25.691
212	0.496	0.527	0.200	-20.732
397	0.666	0.533	0.194	-14.369
414	1.615	0.535	0.193	-27.488
317	3.757	0.537	0.191	-22.187
413	5.563	0.537	0.190	-13.310
217	3.955	0.54	0.188	-19.313
514	1.469	0.546	0.183	-39.725
352	3.700	0.548	0.181	-14.540
89	1.613	0.548	0.180	-47.168
125	0.719	0.551	0.178	-29.910
2	0.523	0.551	0.177	-36.212
255	0.485	0.553	0.176	-23.156
148	0.735	0.556	0.174	-51.212
226	1.876	0.558	0.171	-12.257
113	0.461	0.56	0.169	-49.863
393	1.449	0.562	0.168	-9.276
114	0.829	0.567	0.164	-42.284
450	4.641	0.576	0.156	-12.448
325	4.381	0.581	0.153	-10.421
206	0.789	0.581	0.152	-69.611
237	0.489	0.584	0.150	-30.074
82	4.038	0.585	0.149	-15.093
115	1.338	0.585	0.149	-4.304
539	2.865	0.586	0.148	-18.251
57	1.984	0.592	0.144	-7.492
328	4.861	0.594	0.142	-31.474
485	0.816	0.594	0.142	-4.965
380	3.872	0.597	0.140	-15.415
501	0.694	0.599	0.139	-26.804
302	1.536	0.599	0.139	-9.736
517	1.501	0.599	0.138	-7.305
72	3.700	0.601	0.137	-15.355
315	1.682	0.601	0.137	-14.771
29	1.690	0.61	0.130	-16.478
371	0.735	0.611	0.130	-7.743
515	1.549	0.611	0.129	-50.482
20	0.840	0.613	0.128	-25.474
495	1.278	0.615	0.127	-23.464
240	1.305	0.619	0.123	-59.144
340	1.369	0.62	0.123	-31.618
468	0.706	0.621	0.122	-20.683
35	4.817	0.623	0.121	-13.272
195	0.786	0.627	0.118	-34.129
370	1.633	0.628	0.117	-18.911
308	1.203	0.628	0.117	-22.119
531	0.781	0.629	0.117	-8.224
318	0.725	0.631	0.115	-15.236
546	0.613	0.633	0.114	-9.654
440	3.928	0.634	0.113	-9.501
391	1.453	0.636	0.112	-22.051
464	1.306	0.638	0.111	-18.380
171	0.771	0.639	0.110	-71.528
126	1.564	0.641	0.109	-24.223
62	1.260	0.643	0.107	-48.200
487	1.219	0.643	0.107	-9.783
385	5.563	0.645	0.106	-15.174
500	1.290	0.646	0.106	-8.735
472	0.766	0.648	0.104	-4.423
327	1.307	0.651	0.102	-15.701
451	4.437	0.654	0.100	-25.211
180	1.378	0.655	0.100	-28.369
530	5.177	0.657	0.099	-31.043
207	1.291	0.659	0.097	-32.358
25	1.272	0.665	0.094	-4.391
95	3.521	0.666	0.093	-14.485
462	0.792	0.667	0.093	-7.512
320	4.437	0.667	0.093	-11.444
120	1.405	0.669	0.091	-17.218
83	1.221	0.676	0.088	-23.434
564	1.152	0.681	0.085	-6.440
291	3.799	0.683	0.083	-11.186
131	1.168	0.684	0.083	-11.886
421	1.235	0.686	0.082	-26.790
66	0.793	0.688	0.081	-4.804
478	1.156	0.691	0.079	-31.308
276	0.801	0.693	0.078	-60.517
251	1.540	0.693	0.078	-30.883
355	3.394	0.694	0.077	-23.381
507	1.244	0.695	0.077	-52.996
102	1.299	0.695	0.077	-42.999
127	0.657	0.695	0.077	-18.872
108	5.563	0.71	0.069	-11.783
360	1.272	0.71	0.069	-9.242
420	0.876	0.712	0.068	-7.859
199	0.646	0.714	0.067	-61.936
353	0.738	0.715	0.067	-16.881
96	0.828	0.715	0.067	-19.220
107	0.869	0.722	0.063	-7.595
446	4.837	0.725	0.062	-8.774
118	4.988	0.725	0.062	-26.867
338	0.843	0.726	0.061	-30.928
504	1.374	0.73	0.060	-18.997
119	1.243	0.73	0.059	-20.786
146	0.867	0.731	0.059	-107.141
7	0.814	0.735	0.057	-38.915
88	0.862	0.737	0.057	-59.020
214	1.283	0.737	0.057	-6.004
377	0.808	0.738	0.056	-12.724
528	1.290	0.74	0.055	-16.755
556	1.300	0.74	0.055	-5.236
224	1.343	0.74	0.055	-44.618
339	1.225	0.741	0.054	-28.735
395	0.728	0.743	0.054	-17.172
448	1.148	0.744	0.053	-17.819
244	0.769	0.744	0.053	-12.867
467	1.344	0.746	0.052	-49.091
70	0.815	0.747	0.052	-24.854
19	1.382	0.748	0.052	-6.556
332	4.605	0.749	0.051	-9.210
526	1.200	0.749	0.051	-37.404
481	1.161	0.749	0.051	-4.184
374	3.642	0.751	0.051	-10.397
245	0.865	0.757	0.048	-7.759
159	1.191	0.759	0.047	-45.254
11	0.815	0.76	0.047	-34.914
493	0.740	0.764	0.045	-20.663
510	1.401	0.765	0.045	-34.164
447	1.304	0.768	0.043	-12.125
143	0.829	0.768	0.043	-13.495
434	1.256	0.768	0.043	-21.887
558	1.292	0.769	0.043	-18.798
65	1.201	0.771	0.042	-28.294
17	0.891	0.773	0.042	-25.894
476	0.741	0.773	0.042	-34.970
290	1.193	0.775	0.041	-27.120
548	1.490	0.778	0.040	-8.858
257	0.774	0.783	0.038	-28.700
41	1.120	0.784	0.037	-23.912
46	0.871	0.79	0.036	-10.295
286	0.757	0.79	0.036	-40.709
491	1.094	0.794	0.034	-11.437
267	3.477	0.794	0.034	-12.283
27	1.363	0.795	0.034	-10.339
170	1.155	0.796	0.033	-59.595
369	0.856	0.797	0.033	-13.914
136	0.802	0.798	0.033	-32.158
31	1.152	0.798	0.033	-9.101
557	1.151	0.801	0.032	-15.197
137	1.209	0.801	0.032	-56.386
428	0.910	0.802	0.031	-4.127
201	0.758	0.803	0.031	-53.893
44	0.830	0.808	0.030	-4.852
456	0.809	0.808	0.029	-33.704
3	1.223	0.81	0.029	-20.059
387	1.248	0.814	0.028	-17.166
192	0.881	0.817	0.027	-32.107
536	0.882	0.818	0.026	-28.870
230	1.158	0.819	0.026	-4.898
437	1.131	0.82	0.026	-10.405
399	1.182	0.822	0.025	-11.810
85	0.926	0.822	0.025	-22.800
333	4.078	0.822	0.025	-8.840
321	0.844	0.825	0.025	-25.450
311	0.921	0.826	0.024	-30.051
443	0.907	0.833	0.022	-14.029
124	1.181	0.84	0.021	-23.686
37	0.899	0.85	0.018	-43.010
203	0.960	0.851	0.018	-78.923
480	0.935	0.852	0.018	-6.821
384	0.786	0.859	0.016	-7.168
262	0.881	0.868	0.014	-9.569
418	1.073	0.87	0.013	-39.458
544	0.905	0.873	0.013	-6.575
179	0.877	0.873	0.013	-83.296
60	1.126	0.873	0.013	-44.800
254	0.885	0.873	0.013	-13.805
412	0.889	0.875	0.012	-14.885
200	0.904	0.877	0.012	-29.228
300	0.894	0.877	0.012	-8.692
188	0.908	0.878	0.012	-11.123
91	0.806	0.88	0.011	-49.995
184	1.183	0.881	0.011	-66.950
563	1.128	0.883	0.011	-2.851
425	1.086	0.885	0.010	-32.142
319	0.940	0.888	0.010	-11.371
543	1.095	0.889	0.010	-49.303
529	1.093	0.889	0.010	-17.745
278	0.896	0.889	0.010	-53.580
33	1.209	0.89	0.010	-10.709
133	1.082	0.891	0.009	-9.834
312	1.087	0.893	0.009	-12.724
8	1.104	0.897	0.008	-29.210
194	1.075	0.9	0.008	-21.852
537	1.067	0.901	0.008	-6.367
84	1.051	0.903	0.007	-8.323
348	1.110	0.904	0.007	-13.344
160	0.971	0.909	0.007	-27.376
534	1.058	0.909	0.006	-5.619
366	0.911	0.911	0.006	-5.953
285	1.077	0.912	0.006	-26.160
6	1.067	0.912	0.006	-33.886
496	1.056	0.913	0.006	-24.684
429	0.960	0.914	0.006	-4.118
34	1.051	0.915	0.006	-10.586
169	0.952	0.916	0.006	-48.371
303	1.082	0.927	0.004	-6.729
135	0.929	0.928	0.004	-8.205
156	0.959	0.932	0.004	-49.577
365	1.065	0.932	0.004	-10.901
97	1.036	0.933	0.004	-29.197
422	1.035	0.936	0.003	-33.896
109	0.944	0.943	0.003	-7.601
9	1.041	0.944	0.003	-36.480
344	0.948	0.946	0.002	-10.008
295	1.034	0.948	0.002	-10.498
375	1.036	0.956	0.002	-18.593
55	0.986	0.961	0.001	-29.187
532	0.981	0.964	0.001	-11.090
562	1.026	0.967	0.001	-18.284
460	1.020	0.97	0.001	-48.132
14	1.026	0.971	0.001	-45.922
163	1.014	0.972	0.001	-26.348
524	1.032	0.973	0.001	-17.855
39	1.024	0.981	0.000	-15.953
263	0.981	0.982	0.000	-9.831
18	1.010	0.983	0.000	-7.915
299	0.984	0.986	0.000	-72.513
522	1.006	0.993	0.000	-23.879
139	0.996	0.994	0.000	-25.912
92	0.998	0.998	0.000	-15.858