# Omega fit to each site after fixing tree and and all other parameters.
# Not using '--omegabysite_fixsyn', so we fit a synonymous rate for each site. This means we compare fitting omega and a synonymous rate to fitting just a synonymous rate.
# Fits compared to null model of omega = 1.000; P-values NOT corrected for multiple testing.
#
# site	omega	P	dLnL
148	0.001	6.15e-09	16.893
474	0.001	1.03e-06	11.939
305	0.001	8.96e-06	9.861
502	0.001	3.15e-05	8.662
342	0.001	4.2e-05	8.388
56	0.001	6.92e-05	7.916
237	0.001	0.000112	7.465
170	0.101	0.000233	6.771
501	0.028	0.000257	6.680
306	0.001	0.000383	6.306
347	0.001	0.000453	6.151
38	0.001	0.000471	6.115
37	0.001	0.000537	5.992
482	0.001	0.000591	5.903
191	0.001	0.00073	5.706
550	0.057	0.00105	5.371
235	0.084	0.00105	5.369
507	0.110	0.00125	5.206
276	0.133	0.00126	5.203
518	0.001	0.00128	5.185
168	0.142	0.00152	5.025
215	0.001	0.00156	5.005
343	0.001	0.00159	4.985
10	0.081	0.0017	4.923
75	0.001	0.00174	4.902
231	0.050	0.00202	4.763
510	0.068	0.00228	4.654
180	0.001	0.00229	4.649
128	0.039	0.00235	4.626
65	0.001	0.00316	4.357
520	0.001	0.00343	4.283
535	0.001	0.00345	4.276
479	0.001	0.00346	4.275
551	0.001	0.00351	4.259
493	0.001	0.00387	4.172
132	0.001	0.00507	3.927
268	0.176	0.00514	3.915
494	0.001	0.00515	3.912
42	0.001	0.00539	3.872
337	0.118	0.00562	3.834
368	0.001	0.00567	3.826
321	0.001	0.00577	3.810
555	0.001	0.00581	3.804
508	0.001	0.00649	3.704
339	0.001	0.00678	3.665
468	0.001	0.0077	3.551
175	0.001	0.00862	3.450
416	0.001	0.00888	3.423
221	0.145	0.00933	3.379
161	99.000	0.00989	3.327
354	0.001	0.00991	3.325
116	0.001	0.0102	3.298
410	0.001	0.0104	3.281
145	0.315	0.0106	3.268
504	0.001	0.0109	3.242
376	0.001	0.011	3.232
271	0.001	0.0115	3.195
484	0.001	0.0119	3.164
199	0.225	0.0123	3.131
258	0.001	0.0126	3.115
147	0.001	0.0136	3.047
127	0.001	0.0138	3.034
477	0.001	0.0139	3.027
453	0.109	0.0139	3.024
110	0.001	0.0146	2.985
536	99.000	0.0154	2.933
112	0.001	0.0156	2.923
139	0.001	0.0156	2.922
388	0.001	0.0186	2.769
389	0.100	0.0187	2.766
236	0.109	0.0196	2.724
197	0.001	0.0202	2.695
519	0.001	0.0213	2.651
513	0.001	0.0214	2.648
486	0.001	0.0216	2.641
372	0.232	0.0216	2.638
412	0.001	0.0226	2.598
218	0.150	0.0231	2.580
24	0.001	0.0236	2.563
407	0.001	0.0245	2.529
515	0.238	0.0252	2.505
288	0.231	0.0253	2.501
184	0.250	0.0265	2.461
228	0.001	0.0271	2.443
289	0.236	0.0271	2.442
455	0.001	0.0299	2.357
511	0.001	0.0306	2.338
281	0.001	0.0307	2.336
216	0.102	0.0308	2.333
52	99.000	0.031	2.328
438	0.001	0.0315	2.313
233	0.001	0.0317	2.308
248	0.001	0.0325	2.287
434	99.000	0.0325	2.287
285	0.136	0.0327	2.282
81	0.001	0.0333	2.265
463	0.001	0.0341	2.245
234	0.001	0.0342	2.243
431	0.001	0.0343	2.241
182	0.170	0.0351	2.221
370	0.001	0.0355	2.211
310	0.001	0.0366	2.185
298	0.001	0.0367	2.182
543	0.163	0.0372	2.171
424	0.001	0.0376	2.162
239	0.001	0.0391	2.129
212	0.083	0.0392	2.126
322	0.001	0.0392	2.126
405	0.001	0.04	2.109
11	99.000	0.0401	2.107
63	0.001	0.041	2.088
138	0.285	0.0412	2.084
282	0.001	0.0413	2.082
512	0.001	0.0442	2.024
340	0.141	0.045	2.009
409	0.001	0.0461	1.989
301	0.001	0.0466	1.979
565	0.001	0.0467	1.977
430	0.001	0.047	1.973
189	0.001	0.047	1.973
129	0.001	0.0477	1.960
541	0.001	0.0496	1.928
403	0.001	0.0503	1.916
28	0.001	0.0527	1.877
369	0.001	0.0539	1.858
395	0.001	0.054	1.857
208	0.001	0.0578	1.799
60	6.032	0.0579	1.798
183	0.001	0.0584	1.791
335	0.001	0.0595	1.775
92	0.001	0.0601	1.767
460	0.263	0.0608	1.758
307	0.001	0.0616	1.747
136	0.170	0.0621	1.741
172	0.311	0.063	1.729
185	0.239	0.0634	1.723
558	0.001	0.0646	1.708
323	0.001	0.066	1.690
396	0.001	0.0661	1.689
105	0.001	0.0668	1.680
174	0.001	0.0676	1.670
290	0.187	0.07	1.642
279	0.001	0.0704	1.637
40	0.001	0.0707	1.634
242	0.001	0.071	1.630
4	99.000	0.0719	1.619
278	0.315	0.0723	1.615
326	0.309	0.0729	1.608
483	0.001	0.0732	1.605
427	0.001	0.0739	1.598
514	0.236	0.074	1.596
442	0.001	0.0747	1.588
378	0.001	0.076	1.574
454	0.001	0.0773	1.561
59	0.001	0.0776	1.557
503	0.244	0.0788	1.545
527	0.001	0.0795	1.538
316	0.001	0.0801	1.532
540	0.001	0.0802	1.531
187	0.001	0.0802	1.530
5	5.159	0.0805	1.528
359	0.001	0.0806	1.526
498	0.001	0.0808	1.524
505	0.001	0.0815	1.517
367	0.001	0.0833	1.499
45	0.001	0.084	1.493
433	0.175	0.0847	1.487
373	0.001	0.0849	1.484
394	0.001	0.0887	1.449
522	0.161	0.0896	1.440
533	0.001	0.0909	1.429
521	0.001	0.091	1.429
401	0.001	0.0913	1.425
238	3.108	0.0919	1.420
257	99.000	0.0935	1.406
48	0.001	0.0942	1.401
273	0.279	0.0945	1.398
134	0.001	0.0953	1.391
471	0.001	0.0964	1.382
452	0.001	0.0969	1.378
554	0.001	0.0972	1.376
222	0.001	0.098	1.369
243	0.169	0.0991	1.360
345	0.001	0.101	1.347
421	0.191	0.101	1.346
120	0.001	0.101	1.341
380	0.001	0.103	1.330
254	0.001	0.103	1.330
36	99.000	0.103	1.329
94	0.001	0.104	1.321
561	0.001	0.104	1.320
487	0.001	0.106	1.307
458	0.001	0.11	1.278
456	0.215	0.112	1.265
259	0.001	0.112	1.265
76	0.001	0.112	1.260
95	0.001	0.113	1.257
73	0.259	0.113	1.256
32	0.001	0.115	1.242
379	0.001	0.118	1.224
296	0.001	0.12	1.207
464	0.188	0.122	1.199
26	0.001	0.122	1.198
356	0.001	0.123	1.191
417	0.001	0.124	1.186
277	3.938	0.126	1.173
108	0.001	0.131	1.140
47	0.001	0.132	1.136
226	0.001	0.132	1.136
117	0.001	0.133	1.129
270	0.001	0.133	1.129
336	0.001	0.133	1.127
146	3.623	0.134	1.125
363	0.001	0.134	1.124
386	0.205	0.134	1.123
123	0.168	0.134	1.121
3	99.000	0.135	1.115
98	0.001	0.138	1.100
447	0.001	0.139	1.096
152	0.001	0.14	1.091
490	0.302	0.142	1.077
90	3.803	0.143	1.073
549	99.000	0.145	1.062
392	0.001	0.145	1.061
102	0.310	0.146	1.054
351	0.001	0.148	1.045
241	0.001	0.15	1.035
329	0.250	0.151	1.030
198	0.001	0.152	1.028
49	0.001	0.152	1.026
312	0.001	0.153	1.020
383	0.001	0.157	1.001
150	2.880	0.157	1.000
449	0.001	0.158	0.996
538	0.001	0.158	0.995
249	0.001	0.159	0.991
23	0.001	0.162	0.979
350	0.001	0.169	0.948
99	0.284	0.169	0.945
186	2.194	0.17	0.941
390	0.369	0.17	0.941
244	99.000	0.172	0.934
69	0.001	0.172	0.934
539	0.001	0.173	0.927
500	0.001	0.177	0.913
473	0.001	0.178	0.909
334	0.001	0.178	0.908
15	99.000	0.18	0.900
196	0.001	0.181	0.894
423	0.001	0.182	0.891
181	0.001	0.187	0.872
304	0.301	0.189	0.864
275	0.001	0.192	0.852
437	0.001	0.194	0.844
365	0.001	0.195	0.839
131	0.001	0.196	0.836
419	0.001	0.197	0.834
408	0.307	0.197	0.831
560	0.001	0.198	0.830
34	0.001	0.198	0.830
30	0.001	0.199	0.825
84	0.001	0.199	0.824
54	0.001	0.2	0.819
346	0.001	0.201	0.816
382	0.271	0.206	0.801
83	0.254	0.206	0.801
252	0.001	0.206	0.798
406	0.001	0.208	0.792
68	0.268	0.208	0.792
51	0.001	0.211	0.783
119	0.260	0.211	0.782
491	0.001	0.212	0.778
22	99.000	0.213	0.777
397	99.000	0.215	0.768
72	0.001	0.216	0.766
542	0.001	0.218	0.760
415	99.000	0.219	0.756
67	0.001	0.22	0.754
444	0.001	0.221	0.748
470	0.424	0.222	0.746
149	0.307	0.222	0.746
86	2.410	0.222	0.746
320	0.001	0.223	0.742
436	0.001	0.225	0.736
55	0.301	0.229	0.725
413	0.001	0.229	0.724
80	0.001	0.23	0.721
50	0.001	0.233	0.711
361	0.324	0.235	0.704
178	2.372	0.243	0.681
156	0.450	0.245	0.675
209	0.444	0.246	0.674
313	0.001	0.247	0.670
213	0.303	0.248	0.668
179	2.142	0.248	0.667
27	0.001	0.252	0.655
217	0.001	0.254	0.650
399	0.001	0.255	0.648
284	0.001	0.257	0.642
325	0.001	0.259	0.638
121	0.308	0.26	0.635
13	2.911	0.263	0.626
387	0.001	0.264	0.623
319	0.001	0.268	0.613
263	0.001	0.269	0.612
418	2.400	0.269	0.611
426	0.001	0.269	0.610
400	0.001	0.27	0.608
496	3.159	0.273	0.601
532	0.001	0.276	0.593
203	0.493	0.277	0.591
79	0.001	0.282	0.579
291	0.001	0.284	0.574
280	0.329	0.284	0.574
122	0.001	0.285	0.573
489	0.367	0.286	0.570
548	0.001	0.286	0.569
317	0.001	0.288	0.565
53	0.429	0.292	0.556
478	0.336	0.297	0.544
35	0.001	0.301	0.535
207	2.530	0.308	0.519
82	0.001	0.308	0.519
188	99.000	0.309	0.518
267	0.001	0.31	0.516
564	0.001	0.312	0.512
450	0.001	0.312	0.510
385	0.001	0.317	0.500
29	0.001	0.321	0.492
292	0.488	0.322	0.490
57	0.001	0.322	0.490
480	0.001	0.323	0.489
141	0.001	0.324	0.485
297	0.001	0.327	0.480
559	0.001	0.328	0.479
446	0.001	0.329	0.477
393	0.001	0.329	0.476
163	0.340	0.336	0.463
43	0.001	0.338	0.459
17	0.350	0.34	0.456
352	0.001	0.341	0.453
469	0.001	0.345	0.446
167	0.496	0.345	0.446
466	99.000	0.346	0.444
190	0.001	0.347	0.443
377	4.293	0.348	0.440
440	0.001	0.349	0.439
341	0.001	0.349	0.438
18	0.001	0.35	0.436
355	0.001	0.352	0.433
295	0.001	0.355	0.429
107	0.001	0.356	0.427
61	0.001	0.356	0.426
264	0.001	0.356	0.425
260	0.001	0.36	0.419
506	0.338	0.362	0.416
523	99.000	0.362	0.415
495	0.385	0.363	0.413
130	1.937	0.37	0.401
461	2.267	0.373	0.396
509	99.000	0.383	0.381
31	0.001	0.384	0.379
374	0.001	0.386	0.376
445	0.001	0.387	0.375
324	1.835	0.393	0.364
557	0.001	0.394	0.363
391	0.388	0.397	0.359
348	0.001	0.4	0.355
327	0.362	0.402	0.352
332	0.001	0.405	0.347
439	0.001	0.406	0.345
159	0.525	0.407	0.343
371	0.001	0.409	0.340
88	0.586	0.413	0.336
462	0.001	0.414	0.334
545	0.001	0.416	0.331
328	0.001	0.417	0.330
143	0.310	0.423	0.321
177	0.419	0.426	0.317
151	0.377	0.433	0.307
333	0.001	0.436	0.303
422	0.502	0.437	0.302
245	0.001	0.443	0.295
457	3.252	0.447	0.289
344	0.001	0.448	0.288
58	0.001	0.45	0.286
33	0.001	0.455	0.279
526	0.539	0.458	0.275
465	0.447	0.461	0.272
451	0.001	0.464	0.268
253	0.417	0.465	0.267
272	99.000	0.467	0.264
46	0.001	0.47	0.261
204	0.001	0.477	0.253
467	2.004	0.484	0.245
124	0.433	0.485	0.244
142	1.583	0.49	0.238
118	0.001	0.491	0.237
219	1.884	0.492	0.237
106	0.600	0.501	0.226
133	99.000	0.508	0.219
89	0.605	0.51	0.217
162	1.782	0.51	0.217
530	0.001	0.512	0.215
125	0.503	0.52	0.207
497	99.000	0.522	0.205
195	1.733	0.523	0.204
338	0.507	0.525	0.202
269	1.820	0.525	0.202
459	0.586	0.531	0.196
294	0.641	0.532	0.195
309	0.001	0.535	0.192
109	0.001	0.54	0.188
302	99.000	0.54	0.188
308	0.501	0.542	0.186
164	0.001	0.553	0.176
154	0.595	0.557	0.172
425	1.638	0.579	0.154
62	0.697	0.582	0.151
300	0.001	0.582	0.151
158	0.627	0.583	0.151
137	1.466	0.588	0.146
2	1.570	0.59	0.145
16	1.737	0.591	0.144
101	0.637	0.593	0.143
210	0.523	0.599	0.138
176	0.712	0.601	0.136
20	0.622	0.605	0.133
516	0.475	0.607	0.132
240	1.492	0.608	0.132
330	99.000	0.611	0.129
202	1.341	0.613	0.128
265	0.660	0.615	0.127
311	0.622	0.62	0.123
87	1.660	0.622	0.122
153	0.683	0.625	0.119
200	0.643	0.638	0.111
100	0.678	0.639	0.110
375	1.963	0.639	0.110
166	99.000	0.64	0.109
441	1.745	0.642	0.108
173	1.740	0.645	0.106
103	1.409	0.647	0.105
192	0.616	0.655	0.100
261	1.694	0.662	0.095
206	0.757	0.663	0.095
381	1.456	0.665	0.094
384	0.001	0.667	0.092
126	1.669	0.672	0.090
169	1.407	0.673	0.089
262	0.001	0.675	0.088
91	0.700	0.676	0.087
299	0.778	0.68	0.085
70	0.610	0.683	0.083
525	1.347	0.685	0.082
6	1.430	0.687	0.081
39	1.760	0.695	0.077
286	0.705	0.696	0.076
443	1.749	0.697	0.076
251	0.705	0.711	0.069
420	99.000	0.712	0.068
448	0.638	0.719	0.065
78	1.231	0.721	0.064
404	0.775	0.736	0.057
71	0.654	0.74	0.055
414	0.734	0.742	0.054
488	0.663	0.746	0.053
360	99.000	0.757	0.048
287	0.818	0.758	0.047
205	0.793	0.759	0.047
160	0.711	0.761	0.046
14	0.806	0.763	0.046
171	1.221	0.768	0.043
266	1.200	0.771	0.042
232	0.824	0.777	0.040
529	0.670	0.779	0.039
9	0.742	0.783	0.038
411	0.689	0.796	0.033
155	1.173	0.802	0.031
432	1.227	0.806	0.030
331	1.320	0.806	0.030
111	0.747	0.808	0.030
74	0.790	0.817	0.027
274	0.837	0.829	0.023
114	1.185	0.836	0.021
314	1.164	0.837	0.021
250	1.143	0.838	0.021
201	1.205	0.844	0.019
283	0.860	0.857	0.016
562	0.782	0.864	0.015
64	1.171	0.868	0.014
113	0.908	0.897	0.008
97	1.127	0.898	0.008
96	0.853	0.899	0.008
353	1.185	0.905	0.007
8	1.134	0.912	0.006
85	1.117	0.924	0.005
7	1.074	0.926	0.004
211	0.912	0.927	0.004
227	0.935	0.93	0.004
476	1.078	0.936	0.003
144	0.950	0.944	0.002
398	0.950	0.945	0.002
524	0.849	0.946	0.002
246	1.087	0.948	0.002
293	1.047	0.951	0.002
225	1.046	0.952	0.002
12	0.950	0.953	0.002
255	0.937	0.958	0.001
358	1.076	0.959	0.001
157	0.959	0.961	0.001
165	0.971	0.97	0.001
224	0.973	0.971	0.001
41	0.959	0.971	0.001
528	0.951	0.971	0.001
194	1.038	0.976	0.000
318	0.980	0.989	0.000
315	1.018	0.99	0.000
223	1.003	0.998	0.000
220	0.135	1	0.000
492	0.263	1	0.000
499	0.181	1	0.000
546	3.247	1	0.000
402	0.202	1	0.000
230	0.250	1	0.000
547	2.012	1	0.000
256	0.184	1	0.000
553	0.222	1	0.000
135	1.928	1	0.000
531	1.964	1	0.000
563	0.188	1	0.000
66	2.209	1	0.000
44	2.154	1	0.000
517	0.231	1	0.000
104	0.263	1	0.000
537	1.851	1	0.000
21	1.965	1	0.000
544	2.075	1	0.000
366	2.112	1	0.000
364	0.219	1	0.000
534	1.795	1	0.000
485	1.909	1	0.000
25	2.370	1	0.000
19	1.981	1	0.000
428	1.843	1	0.000
349	1.938	1	0.000
93	0.199	1	0.000
362	1.898	1	0.000
77	0.174	1	0.000
193	0.235	1	0.000
115	1.814	1	0.000
247	0.296	1	0.000
357	0.334	1	0.000
140	0.184	1	0.000
229	0.552	1	0.000
429	1.795	1	0.000
472	2.032	1	0.000
475	2.046	1	0.000
303	0.367	1	0.000
552	0.267	1	0.000
556	2.350	1	0.000
214	0.518	1	0.000
481	2.097	1	0.000
435	0.307	1	-0.000