# POSITION WT AAA AAC AAG AAT ACA ACC ACG ACT AGA AGC AGG AGT ATA ATC ATG ATT CAA CAC CAG CAT CCA CCC CCG CCT CGA CGC CGG CGT CTA CTC CTG CTT GAA GAC GAG GAT GCA GCC GCG GCT GGA GGC GGG GGT GTA GTC GTG GTT TAA TAC TAG TAT TCA TCC TCG TCT TGA TGC TGG TGT TTA TTC TTG TTT
1 ATG 0 0 2 0 0 0 11 0 0 0 0 0 14 0 359044 14 0 0 0 0 0 0 0 0 0 0 0 0 0 0 4 0 0 0 0 0 0 0 0 0 0 0 0 0 0 0 15 0 0 0 0 0 0 0 0 0 1 0 0 0 0 0 3 0
2 AAG 83 14 358085 85 26 8 59 0 33 17 48 9 13 3 20 9 0 1 32 0 0 5 8 26 0 3 14 8 13 25 0 0 0 0 41 0 0 1 0 8 0 10 0 0 23 45 20 6 0 0 3 2 13 6 6 7 0 51 5 2 16 23 0 0
3 GCA 0 0 0 13 27 0 0 0 0 0 0 0 0 6 0 4 1 13 3 1 6 8 0 3 0 12 0 0 0 0 3 1 9 0 3 0 358485 8 6 11 1 10 0 1 48 1 10 0 1 12 0 0 5 0 0 1 0 0 0 1 0 4 0 0
4 AAA 358910 32 18 0 7 15 21 0 36 0 3 13 7 2 7 0 5 0 0 4 0 0 3 0 0 0 2 4 6 3 12 0 18 2 4 0 13 15 11 0 4 0 0 0 0 0 0 0 2 0 0 0 4 0 0 0 0 0 0 0 0 0 0 7
5 CTA 0 0 0 0 7 0 1 0 0 0 0 0 16 12 6 0 4 7 0 8 16 0 0 0 1 12 3 13 358687 9 19 3 0 0 2 0 0 0 13 9 0 0 0 0 0 0 5 0 9 0 0 0 0 0 0 2 0 0 5 73 14 0 0 0
6 CTG 0 0 0 0 0 0 0 0 0 0 0 0 0 0 2 2 0 0 2 0 0 0 11 5 0 20 1 0 10 3 358967 29 0 0 0 0 0 0 0 0 0 0 0 0 0 9 7 0 0 8 0 0 0 0 0 0 0 0 0 4 3 0 29 0
7 GTC 0 0 0 0 0 0 4 0 0 0 0 0 0 10 0 1 0 0 0 0 0 0 0 0 0 0 0 0 0 8 0 0 0 0 2 0 0 46 0 0 4 0 0 0 7 358364 12 102 0 0 0 0 0 2 0 4 0 0 25 0 0 60 22 8
8 CTG 0 0 0 0 0 0 0 0 0 0 0 0 0 0 47 0 0 5 12 0 0 0 84 0 0 0 7 0 89 29 358763 26 0 0 2 0 0 0 6 0 0 0 0 0 5 0 14 0 0 0 0 0 0 0 0 0 0 0 2 0 26 0 17 6
9 TTA 0 0 0 0 0 0 0 0 0 0 0 0 11 11 0 0 0 0 0 0 5 0 0 0 8 0 0 0 83 6 0 0 0 0 0 0 0 0 0 0 0 0 0 0 0 1 0 3 1 9 0 0 15 0 0 0 1 26 0 0 358901 17 19 13
10 TAT 0 0 0 0 0 13 2 0 0 5 0 5 5 0 7 0 0 6 0 53 0 0 0 0 0 0 0 0 1 0 4 0 0 0 0 0 0 0 0 0 0 0 2 0 0 0 0 2 24 26 0 358337 27 0 31 8 0 10 0 206 29 7 0 16
11 GCA 0 0 0 0 65 2 0 6 0 3 0 5 0 0 0 0 26 8 3 3 3 0 0 0 0 5 0 0 22 25 0 0 7 0 0 0 358604 25 17 1 18 0 5 0 110 0 0 0 0 0 0 0 15 7 5 0 0 8 1 0 2 0 10 14
12 TTT 2 1 0 0 0 0 0 0 4 4 0 0 7 0 0 13 0 0 0 0 0 0 0 0 0 7 0 0 10 0 1 41 0 0 1 0 4 18 0 0 0 0 0 0 20 5 3 4 0 1 0 4 0 0 0 21 0 0 0 2 6 40 15 358872
13 GTA 0 0 6 0 0 2 2 3 0 3 0 0 17 0 6 0 0 0 0 7 3 0 0 0 21 0 0 0 5 0 0 0 1 0 0 0 89 0 0 0 0 0 0 0 358765 0 101 0 0 0 0 0 0 20 0 0 0 8 0 0 1 2 0 0
14 GCT 0 0 0 0 0 0 0 21 0 0 0 0 0 0 0 0 17 0 0 0 0 0 0 0 0 0 0 0 0 0 0 0 0 0 0 12 1 71 0 358918 0 0 0 0 0 0 0 10 0 0 0 0 0 0 0 29 0 0 0 0 0 0 0 0
15 ACA 9 0 0 0 358624 9 153 8 3 0 0 0 81 0 0 0 0 0 0 0 6 0 0 0 0 0 0 0 0 0 0 0 0 0 0 0 31 0 0 0 0 0 2 0 0 6 0 0 0 0 0 0 0 20 0 0 5 0 0 0 0 0 0 0
16 GAT 0 0 0 8 0 0 0 0 0 0 3 0 0 0 0 0 0 0 0 0 0 0 0 0 0 0 5 0 0 0 0 0 0 12 7 358324 7 10 4 4 0 4 0 9 0 0 0 0 0 0 0 4 0 0 3 2 0 0 0 0 0 0 0 0
17 GCA 0 0 0 0 77 0 0 0 0 0 0 0 0 0 0 0 0 0 0 0 1 0 0 0 0 0 0 0 0 0 0 0 2 0 0 0 358541 6 112 12 13 0 4 0 51 0 0 0 0 0 0 0 11 0 0 0 12 0 0 0 0 0 0 0
18 GAC 0 12 0 0 0 0 0 0 0 0 0 0 0 0 0 0 0 0 0 0 0 0 0 0 0 0 0 0 0 0 0 0 2 358826 3 12 0 0 0 0 0 9 0 0 0 0 0 0 0 6 0 0 0 0 0 0 0 0 0 0 0 0 0 0
19 ACA 5 3 1 0 358716 2 73 13 11 5 0 0 9 1 7 0 10 17 0 2 2 0 0 0 0 0 6 2 10 9 9 20 0 0 6 0 5 0 0 0 0 0 0 0 0 0 8 8 0 3 0 7 8 25 0 3 0 0 0 0 8 0 0 0
20 ATA 0 0 0 0 27 0 0 0 0 0 0 0 358090 8 56 60 0 0 0 0 0 0 7 0 0 0 0 0 12 0 0 4 0 0 0 0 0 0 0 0 0 0 0 0 16 0 0 0 21 0 2 0 0 0 0 0 0 0 0 0 2 0 2 0
21 TGT 0 0 0 0 0 0 0 0 0 0 0 3 0 0 0 0 0 0 0 0 0 0 0 0 0 0 0 3 0 0 0 0 0 0 0 0 0 0 0 0 0 0 0 0 0 0 0 2 0 0 0 28 0 0 0 3 1 105 0 358825 0 0 0 6
22 ATA 2 0 0 0 12 0 5 0 0 0 0 0 358903 6 40 13 0 0 0 0 0 0 0 0 0 0 0 0 0 0 0 0 0 0 0 0 0 0 0 0 0 0 0 0 21 0 0 0 0 0 0 0 0 0 0 4 0 0 0 0 1 0 0 0
23 GGC 0 0 2 0 0 0 0 0 0 13 0 0 0 0 0 0 0 0 0 0 0 0 0 0 0 0 0 0 0 0 0 0 0 25 0 0 0 0 0 0 20 358076 9 37 0 2 0 0 0 0 0 0 0 0 0 0 0 19 0 0 0 0 0 0
24 TAC 0 0 0 0 0 0 0 0 0 0 0 0 0 0 0 0 0 24 0 0 0 0 0 0 0 0 0 0 0 0 0 0 0 0 0 0 0 0 0 0 0 0 0 0 0 8 0 0 0 358934 3 66 3 8 0 0 0 3 2 0 0 4 0 3
25 CAT 0 0 0 6 0 2 0 0 0 0 0 0 0 0 3 0 12 19 19 358978 0 0 0 9 0 0 0 17 8 0 0 0 0 0 0 1 2 0 0 0 0 0 0 0 10 0 5 0 0 0 0 15 0 0 0 0 0 0 0 0 0 0 13 0
26 GCG 0 3 0 0 0 0 33 0 0 0 0 0 0 0 0 0 0 0 0 0 0 0 0 0 0 0 0 0 0 0 0 0 0 0 10 0 53 7 358179 11 0 0 5 0 0 0 46 0 0 0 0 0 1 0 17 0 0 0 0 0 0 0 0 0
27 AAC 11 358959 3 34 0 3 0 0 0 8 0 7 0 0 0 0 0 0 0 14 0 0 0 0 0 0 0 0 0 0 0 0 0 5 0 0 0 0 0 0 0 0 0 0 0 0 0 0 0 1 0 0 0 0 0 0 0 0 0 0 0 0 0 0
28 AAC 10 359092 0 10 0 0 0 0 0 12 0 0 0 0 0 0 3 0 0 0 0 0 0 0 0 0 1 0 0 0 0 0 3 13 5 0 0 0 0 0 0 0 0 0 0 0 0 0 0 0 0 0 0 0 0 0 0 0 16 0 0 0 0 0
29 TCA 0 0 1 12 6 6 0 0 1 0 0 9 0 0 0 0 0 4 1 0 29 0 0 0 0 0 0 0 0 0 0 0 0 0 1 0 2 0 3 0 0 0 3 0 0 0 0 2 14 4 0 0 357904 12 47 28 0 7 5 0 3 0 0 0
30 ACC 0 60 0 0 22 358235 0 44 0 14 0 0 0 31 0 0 0 0 0 0 4 0 0 0 0 0 0 0 0 0 0 0 0 0 0 0 0 29 0 0 0 4 0 0 0 0 0 0 8 0 0 0 0 7 4 3 0 0 0 0 0 0 0 0
31 GAC 0 51 0 0 0 0 0 8 0 0 0 0 0 0 0 0 0 2 0 0 0 0 0 0 0 0 0 0 0 0 0 0 4 356932 11 20 2 4 3 0 0 3 0 0 8 0 0 0 2 5 0 0 0 0 0 0 0 0 0 0 0 0 0 0
32 ACT 0 0 0 7 2 32 2 358709 0 0 0 1 2 0 6 10 0 0 0 0 0 0 0 0 4 0 19 1 0 3 4 0 3 0 0 0 0 0 0 7 0 0 0 0 3 2 4 0 0 0 0 0 0 0 0 0 0 0 0 0 0 0 0 0
33 GTT 0 0 0 0 0 0 0 0 0 0 0 0 0 0 0 55 0 0 0 0 0 0 0 0 0 0 0 0 0 0 0 0 0 0 0 3 0 0 0 9 0 0 0 2 11 50 14 358387 0 0 5 0 0 0 0 0 0 0 0 0 0 0 0 9
34 GAC 0 20 0 0 0 0 0 0 0 0 0 0 0 0 0 0 0 1 0 0 0 0 0 0 0 0 0 0 0 0 0 0 3 358272 0 38 0 6 0 0 0 13 0 0 0 1 0 0 0 8 0 0 0 0 0 0 0 0 0 0 0 0 0 0
35 ACA 5 0 0 0 358816 4 56 7 2 0 0 0 16 0 0 0 0 0 0 0 0 0 0 0 0 0 0 0 0 0 0 0 0 0 0 0 9 0 0 0 0 0 0 0 0 0 0 0 0 0 13 0 1 2 0 0 0 0 0 0 0 0 0 0
36 ATA 8 0 0 0 19 0 10 0 4 0 0 0 358191 11 30 4 0 0 0 0 0 0 0 0 0 0 0 0 14 14 3 3 0 0 0 0 0 0 0 0 0 0 0 0 22 0 0 0 0 0 0 2 0 0 0 0 0 0 0 0 1 0 0 0
37 CTC 2 4 10 0 2 0 0 18 16 78 0 0 0 11 0 1 38 1 5 0 0 18 0 0 34 2 78 5 47 356834 13 55 0 7 6 0 0 4 0 0 0 0 0 0 0 0 3 0 0 0 0 2 23 5 0 0 0 0 0 1 0 7 0 0
38 GAG 0 0 17 0 0 0 0 0 0 0 0 0 0 0 0 0 44 0 9 0 0 0 0 0 0 0 0 0 0 0 0 0 22 0 357183 4 0 0 0 2 0 0 30 0 0 0 0 0 0 0 4 0 0 11 0 0 0 0 0 0 0 0 0 0
39 AAG 33 0 355585 20 0 0 8 0 0 0 41 0 0 0 5 0 0 0 0 0 3 1 0 0 0 0 0 0 0 0 0 0 0 0 23 0 0 0 0 0 0 0 0 0 0 0 0 0 0 0 0 0 0 0 0 1 0 0 0 0 0 0 0 0
40 AAT 4 13 13 357522 0 0 0 9 0 7 1 21 0 0 0 0 0 6 0 0 0 0 0 0 0 0 0 0 0 0 0 0 0 0 0 26 0 2 0 0 0 0 4 0 0 0 0 0 0 0 0 2 0 3 0 0 0 0 0 0 0 0 0 0
41 GTG 0 0 0 0 0 0 0 0 0 0 0 0 0 0 19 0 0 0 0 0 0 0 0 0 0 0 0 0 0 0 0 0 0 0 8 0 0 0 1 0 0 0 11 0 38 0 345045 25 0 0 0 0 0 0 0 0 0 0 0 0 0 0 5 1
42 GCA 10 0 0 0 19 15 0 0 0 0 0 0 4 0 0 0 0 0 0 0 2 0 0 0 0 0 0 0 0 0 0 0 14 0 0 0 346157 4 31 0 0 0 0 0 144 0 0 1 0 0 0 0 9 0 0 0 0 0 0 0 0 0 0 0
43 GTG 0 0 0 0 0 0 0 0 0 0 0 0 0 0 23 0 0 0 0 0 0 0 0 0 0 0 0 0 0 0 0 0 0 0 0 0 0 0 7 0 0 0 0 0 14 0 352879 13 0 0 0 0 0 0 0 0 0 0 0 0 0 0 5 0
44 ACA 1 0 0 0 356652 0 66 3 0 0 0 0 46 0 0 0 0 0 0 0 2 0 0 0 0 0 0 0 0 0 0 0 0 0 0 0 24 0 0 0 0 0 0 0 0 0 0 0 0 0 0 0 3 0 0 0 0 0 0 0 0 0 0 0
45 CAT 0 0 0 3 0 0 0 0 0 0 0 0 0 0 0 0 1 87 4 358020 0 0 0 6 0 0 0 11 0 0 0 5 0 0 0 7 2 5 0 0 0 0 0 0 0 0 0 0 0 0 2 12 0 11 0 0 0 0 0 0 0 0 0 0
46 TCT 0 0 0 0 1 0 0 3 0 0 0 0 0 0 0 0 0 0 0 0 0 4 0 13 0 0 0 0 0 0 0 0 0 0 0 0 0 0 0 0 0 0 0 0 0 0 0 0 0 0 0 6 5 51 3 355797 0 0 0 2 0 0 0 10
47 GTT 4 0 9 0 4 8 3 0 0 0 0 13 3 0 2 38 0 0 10 0 0 0 0 0 6 0 0 0 0 0 0 3 0 0 0 0 0 0 0 11 0 0 1 6 13 111 23 352780 0 5 0 0 0 0 0 0 0 0 0 0 7 5 4 3
48 AAC 1 357279 2 46 0 6 0 0 0 9 0 13 0 1 0 0 0 0 0 0 2 0 0 0 0 0 0 0 0 0 0 0 0 27 0 17 0 0 0 0 0 0 0 0 0 0 0 0 0 0 5 0 0 0 0 0 0 0 0 0 0 0 0 0
49 CTG 0 0 0 0 0 0 0 0 0 0 0 0 0 0 15 0 0 0 1 0 0 0 17 0 0 2 0 0 73 20 344215 20 0 0 0 0 0 0 0 0 0 0 0 0 0 0 1 0 0 0 0 0 0 0 0 0 0 1 0 0 0 5 25 8
50 CTC 0 0 0 0 0 0 0 0 0 0 0 0 0 15 0 0 0 0 0 0 0 10 0 0 0 0 0 0 20 353620 18 42 0 0 0 0 0 0 0 0 0 0 0 0 4 9 0 0 0 0 0 1 0 0 3 0 0 0 0 0 7 12 0 0
51 GAA 29 0 0 0 0 4 12 4 0 0 0 0 6 17 0 3 6 0 0 0 0 0 0 0 0 0 0 0 0 0 2 0 351357 17 50 5 11 0 0 8 26 0 0 0 5 4 0 0 12 0 0 0 0 0 0 0 0 0 0 17 0 0 0 0
52 GAC 2 17 3 11 11 1 0 2 0 0 4 22 0 0 4 0 0 6 0 0 0 0 0 0 0 4 1 0 3 0 0 8 25 347443 0 107 3 0 12 0 4 16 2 0 0 12 4 3 0 34 0 0 8 4 41 10 0 0 0 0 0 0 0 0
53 AGC 0 100 5 0 0 3 3 4 42 343944 1 292 0 36 61 4 2 0 13 0 0 0 0 0 9 11 0 2 6 5 9 0 26 0 11 9 5 0 0 4 0 99 12 4 0 0 2 0 0 8 0 0 0 0 4 0 3 6 6 0 4 10 5 0
54 CAC 0 12 0 0 0 6 3 1 0 0 0 0 0 0 0 1 1 350698 6 32 0 10 0 0 0 7 0 0 0 0 0 0 0 1 0 0 0 0 0 0 0 0 0 0 0 2 0 3 11 9 0 0 0 0 0 4 7 0 0 0 0 0 0 0
55 AAC 16 349779 5 97 0 8 0 0 0 10 0 0 0 1 0 0 0 4 0 0 0 0 0 0 0 0 0 0 0 0 0 0 0 67 0 0 0 0 0 0 0 0 0 0 0 0 0 0 0 0 0 0 0 0 0 0 0 0 0 0 0 0 0 0
56 GGG 0 0 0 0 0 6 0 0 0 0 28 0 0 0 0 0 4 4 0 0 0 0 0 0 0 0 31 0 0 0 0 0 0 0 51 0 0 0 9 0 38 9 353932 5 0 0 2 0 0 0 0 0 0 0 10 0 0 0 15 2 0 2 0 2
57 AAA 356910 4 8 0 4 0 0 0 0 0 3 0 2 0 7 0 0 0 30 0 0 0 0 0 0 0 0 1 0 0 0 0 20 0 0 0 3 0 1 8 0 0 0 0 2 0 0 0 0 0 0 0 0 0 0 0 0 0 1 0 0 0 0 0
58 CTA 0 0 0 0 0 0 0 2 0 0 0 0 4 0 0 0 3 0 0 1 31 0 0 0 1 0 0 0 349841 10 25 1 0 0 0 0 0 0 0 0 0 0 0 0 0 0 0 0 0 0 0 0 0 0 0 0 0 0 0 0 19 0 0 0
59 TGT 0 0 0 0 0 0 0 0 0 0 0 3 0 0 3 0 0 0 0 0 0 0 0 0 0 0 0 12 0 0 0 0 0 4 0 0 0 0 0 0 0 0 0 0 0 0 0 0 0 0 0 28 0 0 0 0 1 35 0 356278 0 0 0 2
60 AAA 358371 8 4 32 3 13 2 2 15 6 12 0 2 0 3 0 16 6 1 0 0 0 0 0 12 50 0 0 3 8 10 4 22 0 0 0 0 9 7 8 0 0 2 0 0 0 0 0 5 26 3 5 6 13 0 1 0 0 0 0 6 5 15 6
61 TTA 0 0 0 0 0 0 0 7 0 0 0 0 4 0 0 11 0 0 0 0 2 0 0 0 0 0 0 0 23 4 1 0 0 0 0 0 0 0 0 0 0 5 0 0 9 6 1 2 2 9 0 0 2 0 0 0 0 0 0 0 355997 2 46 1
62 AAA 353581 39 615 24 7 0 0 0 48 2 0 6 1 0 4 0 23 6 0 0 0 0 0 0 8 5 11 0 6 0 0 0 10 27 0 0 2 14 0 0 0 0 7 0 0 0 0 0 4 9 0 0 0 7 4 3 5 0 14 0 0 9 0 4
63 GGA 0 0 0 0 2 0 0 0 28 0 0 0 0 0 0 0 0 0 0 0 0 0 0 0 0 0 0 0 0 0 0 0 32 0 0 0 0 0 0 0 357730 0 51 0 4 0 0 0 0 0 0 0 0 0 5 0 12 0 0 0 0 0 0 0
64 ATA 14 2 12 0 17 2 0 0 0 3 0 0 356606 2 85 6 0 2 3 6 0 0 0 0 0 77 0 0 3 6 0 0 0 0 0 0 0 0 2 0 0 0 0 0 24 0 0 6 0 0 0 0 0 0 0 0 4 0 0 0 0 0 2 2
65 GCC 0 25 0 0 0 23 20 0 0 3 0 0 0 0 0 0 3 5 19 2 28 15 10 0 0 0 13 4 55 0 5 0 19 5 0 1 5 355519 9 48 2 9 7 0 5 28 0 0 0 3 0 0 0 17 0 3 2 0 0 3 14 0 0 0
66 CCA 0 0 0 0 3 0 0 0 0 0 0 0 0 0 0 0 5 0 0 0 354509 8 13 2 0 0 0 0 6 0 0 0 0 0 0 0 3 0 0 0 0 0 0 0 0 0 0 0 0 0 4 0 7 0 0 0 0 0 0 0 0 0 0 0
67 CTA 0 0 0 0 0 0 0 0 0 0 0 0 33 0 0 2 1 0 0 0 48 0 0 0 5 0 0 0 356365 0 11 2 0 0 0 0 0 0 0 0 0 0 0 0 1 0 4 0 0 0 0 0 0 0 0 0 0 0 0 0 22 0 0 0
68 CAA 8 0 0 0 4 0 0 22 5 13 0 8 15 4 0 15 355301 6 19 1 3 2 0 10 42 15 0 14 0 22 0 6 49 39 9 0 25 4 0 1 1 0 0 0 2 13 17 13 16 0 7 0 0 8 0 0 0 3 0 2 0 0 2 0
69 TTG 0 0 0 0 6 0 0 0 0 0 0 0 0 0 0 0 0 0 0 0 0 0 0 0 0 0 0 0 29 36 15 11 1 0 5 0 0 0 0 0 0 0 0 0 0 0 0 0 0 0 2 0 0 0 17 6 0 0 0 0 20 0 355690 14
70 GGG 35 0 21 0 0 1 3 4 0 3 4 12 0 0 8 0 7 9 10 17 0 0 0 0 0 2 0 9 0 7 0 2 10 0 66 0 9 2 20 3 97 1 357595 13 4 3 10 0 7 2 0 0 0 6 7 0 0 4 8 0 29 0 34 0
71 AAA 358096 13 30 22 0 0 0 19 20 11 0 0 0 0 5 0 2 3 0 4 13 0 0 9 0 0 0 6 0 0 0 5 57 0 0 3 0 3 0 0 0 0 14 3 0 2 0 0 0 0 0 0 0 0 1 0 0 0 5 0 0 4 0 12
72 TGT 0 0 0 0 0 0 0 0 0 0 0 5 0 0 0 0 0 0 0 0 0 0 0 0 0 0 0 5 0 0 0 0 0 0 0 0 0 0 0 0 0 0 1 0 0 0 0 0 0 0 0 26 0 0 0 0 4 60 0 358627 0 0 0 1
73 AAC 13 356987 1 23 14 1 4 27 0 62 0 4 0 1 0 0 6 1 0 0 0 0 0 0 4 0 10 0 0 0 0 0 5 77 0 0 9 0 0 23 28 0 0 3 0 0 0 0 0 0 0 0 4 13 0 16 0 0 0 0 0 0 4 0
74 ATC 0 0 0 0 0 26 0 0 5 0 0 0 25 355681 5 17 3 0 0 0 0 0 0 0 0 0 0 0 5 17 48 11 0 0 0 0 0 0 0 0 0 0 0 0 23 41 0 13 0 0 0 0 0 0 0 0 0 0 0 11 6 0 17 0
75 ACC 0 11 3 2 62 357286 1 48 0 5 0 0 1 27 0 4 0 5 7 0 12 21 0 9 10 0 0 0 3 9 9 29 0 0 7 0 0 22 0 14 12 6 0 0 17 23 14 7 0 0 0 0 10 8 0 4 0 0 0 4 0 0 0 0
76 GGA 0 0 0 0 0 0 0 0 57 0 0 0 0 0 0 0 0 0 0 0 0 0 0 0 1 0 0 0 0 0 0 0 29 0 0 0 2 10 0 0 358279 52 47 4 6 0 0 0 0 0 0 0 0 0 0 0 12 0 0 0 0 0 0 0
77 TGG 0 0 4 0 0 0 0 0 0 0 4 0 0 0 0 0 0 0 1 0 0 0 0 0 0 0 7 0 0 0 0 0 0 0 0 0 0 0 0 0 0 0 12 0 0 4 0 0 0 0 21 0 0 0 0 0 49 5 357913 7 1 0 16 0
78 CTC 0 0 0 0 0 0 0 0 0 0 0 0 0 13 0 1 0 2 0 0 0 32 0 0 0 3 0 0 10 356888 10 6 0 0 0 0 0 0 0 0 0 0 4 0 4 3 0 1 0 0 0 0 0 0 0 0 0 0 0 0 0 12 46 0
79 TTG 0 2 0 0 0 0 0 1 0 0 0 0 8 6 6 8 0 0 0 0 0 0 0 0 0 0 0 11 3 12 78 8 0 0 0 0 0 0 0 0 0 0 0 0 0 0 7 0 11 0 1 0 0 0 36 0 0 0 0 0 50 0 357376 12
80 GGA 0 0 0 0 0 0 0 0 11 0 0 0 0 0 0 0 0 1 0 0 0 0 0 0 0 0 0 0 0 0 0 0 34 0 0 0 7 0 0 5 358183 0 57 8 20 0 0 0 0 0 0 0 0 0 0 0 6 0 0 0 0 0 0 0
81 AAT 9 20 0 357695 0 4 0 2 0 0 3 24 0 0 0 3 0 6 0 8 0 0 0 0 0 0 0 0 0 0 0 0 0 0 0 4 0 6 0 0 0 0 0 0 0 0 0 0 0 0 0 0 0 5 8 0 4 0 0 0 0 0 0 0
82 CCA 0 0 0 0 5 0 0 0 0 0 0 0 0 0 0 0 5 14 0 7 358414 27 239 60 0 0 0 0 15 0 0 0 0 0 0 0 0 0 0 0 0 0 0 0 0 0 0 0 0 0 0 0 27 0 0 0 0 0 0 0 0 0 0 0
83 GAA 8 0 0 11 0 4 6 6 0 0 0 0 0 0 2 5 8 0 2 0 0 0 0 0 0 0 0 0 3 0 2 0 358440 5 18 32 5 14 0 0 8 5 0 0 4 0 10 0 26 11 6 10 4 7 0 0 0 6 7 5 4 3 0 0
84 TGC 0 0 0 0 0 0 0 0 0 3 0 0 0 0 0 0 0 0 0 0 0 0 0 0 0 3 0 0 0 0 0 0 0 0 0 0 0 0 0 0 0 4 0 4 0 0 0 0 4 25 0 0 0 0 0 0 9 357884 10 231 0 3 0 0
85 GAC 0 37 0 0 2 0 0 0 0 0 0 0 0 0 0 0 0 0 0 0 0 0 0 0 0 0 0 0 0 0 0 0 5 358510 7 21 11 1 0 0 0 12 0 0 0 0 0 0 0 9 0 0 2 0 0 0 0 4 0 0 0 0 0 0
86 TCA 0 0 0 12 23 0 0 0 0 0 0 5 0 13 7 0 0 29 4 0 40 11 5 0 0 10 0 0 0 4 17 8 2 5 21 0 1 11 3 0 2 6 0 0 9 0 0 6 12 58 0 0 357109 6 26 0 0 0 4 0 8 9 98 0
87 CTG 0 0 1 0 0 0 0 0 0 0 0 0 0 7 17 0 2 0 0 0 0 0 24 0 0 0 11 0 83 2 358473 38 0 0 0 0 0 0 0 4 0 0 0 0 2 0 0 0 0 2 0 0 0 0 0 0 0 0 0 0 0 0 99 0
88 CTT 6 4 0 0 0 0 6 0 0 0 0 0 6 7 0 17 30 14 14 14 0 0 0 10 0 1 0 2 7 29 8 358334 14 0 0 4 2 5 2 5 0 0 0 0 0 0 0 5 0 3 0 0 0 0 0 0 0 0 4 0 0 0 0 40
89 CCA 3 1 10 6 14 16 20 0 3 0 0 2 3 12 30 0 30 2 4 89 357786 10 69 27 37 0 1 3 24 2 4 5 47 9 0 107 7 32 0 33 4 27 24 170 7 3 25 12 0 2 0 8 18 0 0 2 0 0 17 0 9 15 9 9
90 GCG 20 16 1 6 17 9 20 2 0 3 11 9 10 1 8 0 18 13 80 0 0 0 10 8 0 19 20 6 0 14 0 1 4 14 45 10 63 19 357661 7 7 0 1 5 0 0 289 7 0 36 0 14 3 2 29 20 0 0 0 1 1 19 23 23
91 AGA 40 0 12 5 0 39 0 1 358548 17 31 1 18 0 5 3 9 0 0 6 0 0 0 0 63 16 8 6 0 0 5 28 4 5 0 8 8 5 8 0 46 22 24 2 11 11 0 0 0 2 0 0 0 0 16 10 1 4 6 0 2 0 2 0
92 TCA 0 4 0 0 43 19 0 0 8 13 0 0 5 4 0 9 0 23 0 0 44 0 0 0 0 0 0 0 0 2 0 3 4 16 8 0 5 0 4 1 5 0 3 1 0 7 0 5 6 0 0 5 358560 10 88 24 0 0 4 0 13 9 5 0
93 TGG 6 0 0 0 0 0 0 0 0 0 2 0 0 5 0 0 0 0 0 0 0 0 0 0 0 0 10 0 0 0 0 0 0 0 0 0 0 0 0 0 0 0 0 0 0 0 0 0 0 0 23 2 0 0 1 0 35 0 358678 0 0 11 5 0
94 TCC 0 0 0 0 0 3 0 0 0 7 0 1 0 0 0 0 0 2 0 0 0 19 0 0 0 0 0 0 0 0 0 0 0 0 0 0 0 20 0 4 34 2 0 2 0 0 0 0 0 4 0 0 37 357999 1 16 0 0 0 0 0 14 0 0
95 TAC 0 6 0 0 0 0 0 0 0 0 0 0 0 0 0 0 0 51 0 0 0 0 0 0 0 0 0 0 0 0 0 0 0 0 0 0 0 0 0 0 0 0 0 0 0 0 0 0 2 358824 3 35 0 7 0 0 0 42 0 0 0 12 0 0
96 ATT 0 0 0 6 0 0 0 14 0 0 0 2 28 6 4 414033 0 0 0 0 0 0 0 0 0 0 0 0 0 9 6 0 0 0 0 0 0 0 0 0 0 0 0 0 13 0 2 9 0 0 0 0 0 0 0 0 6 9 0 0 0 0 0 3
97 GTA 0 0 0 0 0 0 0 0 0 0 0 0 62 0 0 0 0 0 0 0 0 0 0 0 0 0 0 0 0 7 0 0 4 0 0 3 45 15 0 0 1 0 0 0 413668 3 69 49 0 0 0 0 0 0 0 0 0 0 0 0 5 0 3 0
98 GAA 28 0 0 0 0 0 0 0 0 0 0 0 0 0 0 1 7 0 0 0 3 0 0 0 0 0 0 0 0 0 0 0 414136 4 10 1 0 0 0 0 11 0 0 0 3 0 0 0 8 0 0 0 0 0 1 0 0 0 0 0 0 0 0 0
99 ACA 21 3 4 9 413670 4 6 0 14 0 24 0 71 0 0 0 0 9 5 4 14 0 0 0 6 7 0 1 0 6 12 0 6 2 0 9 95 22 0 0 0 0 0 0 16 8 17 2 0 0 0 0 11 0 6 0 0 0 18 0 0 0 0 2
100 CCA 0 12 2 5 6 7 0 10 4 31 0 21 0 23 10 0 54 0 18 3 413301 3 33 1 3 14 0 9 19 0 9 8 12 47 4 6 0 6 7 0 0 16 5 0 12 0 0 0 0 0 0 6 5 0 0 0 0 0 0 0 0 4 2 0
101 AAC 13 413922 5 71 5 0 0 2 0 4 0 3 0 0 0 18 0 0 0 0 0 0 0 0 19 5 0 0 0 0 0 0 0 11 4 0 1 0 11 0 19 31 0 0 0 4 0 0 0 0 0 0 11 0 0 0 0 0 0 0 0 0 0 2
102 TCT 0 18 0 0 0 16 2 0 0 1 0 0 0 0 0 0 1 0 0 0 0 29 27 32 0 0 0 0 0 0 0 0 0 0 7 0 9 0 0 7 0 0 0 0 20 18 8 0 0 0 0 4 6 119 23 413081 0 0 1 0 0 0 0 5
103 GAG 12 0 21 0 0 8 14 0 10 0 0 0 0 6 0 0 1 5 0 4 6 0 0 0 0 5 0 0 0 0 0 0 29 31 413220 23 0 0 6 22 5 2 134 0 6 0 10 6 0 0 4 0 0 0 0 0 0 9 3 0 0 2 7 4
104 AAT 5 20 10 413558 14 0 0 1 0 0 0 28 0 33 14 70 14 7 11 3 1 0 0 0 9 4 8 0 0 5 3 9 0 4 1 14 6 0 13 4 0 0 6 0 4 0 0 3 1 26 0 14 1 0 2 6 0 17 128 2 24 7 0 0
105 GGA 0 0 0 4 0 0 0 0 24 0 0 0 0 0 0 0 0 5 0 0 0 0 4 0 0 0 0 0 0 0 0 0 8 4 0 0 10 6 3 0 413458 2 40 12 0 0 0 0 0 0 0 3 18 0 0 0 12 0 0 0 0 5 0 0
106 GCA 0 0 0 0 60 0 0 0 0 0 0 0 0 0 0 0 8 0 4 0 0 36 0 14 0 0 0 0 1 2 0 0 17 0 0 0 413557 12 11 13 0 0 0 0 54 0 0 0 0 6 0 1 25 0 0 1 0 0 0 0 0 0 0 0
107 TGT 0 0 0 0 0 0 0 0 0 0 0 4 0 0 0 0 0 0 0 0 0 0 0 0 0 0 0 11 0 0 0 0 0 0 0 0 0 0 0 0 0 0 0 0 0 0 0 0 0 0 0 43 0 0 0 7 15 55 5 413549 0 0 0 4
108 TAT 0 0 0 0 0 0 6 0 0 0 0 0 0 0 0 0 0 4 0 14 0 0 0 0 0 0 0 0 0 0 7 0 0 0 0 0 0 0 0 0 0 0 0 0 0 0 0 0 0 65 4 413896 0 0 0 0 0 0 11 8 0 3 0 21
109 CCA 0 0 0 0 3 0 0 0 0 0 0 0 0 0 0 0 5 0 0 0 413580 22 79 3 0 0 0 0 11 0 0 0 2 0 0 0 0 0 0 0 0 0 0 0 0 0 0 0 6 0 0 0 7 0 0 0 0 0 0 0 0 0 0 0
110 GGA 0 0 0 0 0 0 0 0 16 0 0 0 0 0 0 0 0 0 0 0 0 0 0 0 0 0 0 0 0 0 0 0 14 0 0 0 0 0 0 0 413810 8 46 4 6 0 0 0 0 0 0 0 0 0 0 0 29 0 0 0 0 0 0 0
111 GAT 0 14 0 82 0 0 1 0 0 0 0 5 0 2 0 0 0 2 7 0 2 3 0 0 6 0 0 0 0 0 3 0 6 30 7 413159 0 6 1 0 4 0 23 32 6 0 1 7 0 0 0 16 0 0 0 2 0 0 0 0 18 0 0 0
112 CTC 0 0 0 0 0 5 6 0 0 0 0 0 20 10 0 11 0 5 0 1 0 71 0 0 0 1 0 0 15 411934 17 17 0 0 2 0 0 0 0 0 0 0 0 0 3 0 37 3 0 0 0 0 0 0 0 0 0 0 7 0 0 28 4 0
113 ATC 0 63 0 0 4 31 0 15 0 0 0 0 14 413324 14 121 6 7 0 1 0 0 0 0 9 0 5 0 0 0 0 0 0 5 4 0 25 13 5 0 8 15 12 0 0 30 2 1 0 0 0 57 20 24 0 0 0 11 0 0 0 2 0 4
114 GAC 0 50 0 0 1 0 0 0 0 0 0 0 0 0 0 0 8 5 0 5 0 0 0 0 0 0 0 0 0 0 0 0 7 413556 3 49 0 6 0 19 0 14 0 0 0 0 0 0 0 5 0 0 0 0 0 0 0 0 0 0 17 0 21 0
115 TAT 0 0 3 8 0 0 0 19 0 0 0 0 17 0 0 9 5 0 0 21 0 0 0 15 0 0 6 0 0 7 0 0 0 2 0 4 0 0 0 5 8 0 5 0 0 0 5 0 6 22 7 413422 11 9 23 0 0 0 0 33 11 16 2 0
116 GAG 0 0 15 0 0 0 0 0 0 0 1 0 0 0 0 0 7 0 0 0 13 13 0 0 0 0 0 0 0 1 0 0 46 0 412955 34 0 18 9 0 0 0 106 0 0 0 17 0 0 0 11 0 0 2 0 0 10 0 0 0 0 0 0 3
117 GAA 25 0 0 0 0 0 0 0 0 0 0 0 0 0 0 0 1 1 0 0 0 0 0 0 0 0 0 0 0 0 0 0 411671 0 41 0 0 0 0 0 7 0 0 0 0 0 0 0 3 0 0 0 0 0 0 0 0 0 0 0 0 0 0 0
118 CTG 0 0 0 0 0 0 0 0 0 0 0 0 0 3 16 0 0 0 1 0 0 0 50 0 0 0 1 0 33 10 412998 10 0 0 0 0 0 0 0 0 0 0 0 0 6 0 0 0 0 0 0 0 0 0 0 0 0 0 0 0 11 0 18 0
119 AGG 22 0 25 0 0 0 0 0 59 0 412059 8 0 0 19 13 0 10 0 24 0 0 0 0 20 4 14 1 0 0 0 0 0 0 0 0 0 4 0 0 0 0 56 0 0 19 6 0 3 7 0 0 0 3 5 0 0 3 19 0 6 9 3 31
120 GAG 0 0 29 0 0 0 0 0 0 0 0 0 0 0 0 0 0 0 0 0 0 0 0 0 0 0 0 0 0 0 0 0 164 0 411243 8 0 0 0 0 0 0 25 0 0 0 0 0 0 0 6 0 0 0 0 0 0 0 0 0 0 0 0 0
121 CAA 8 0 0 0 0 0 0 0 14 0 0 0 0 0 0 0 413412 4 31 15 0 0 0 0 6 0 0 4 0 0 0 0 2 0 0 0 9 0 0 0 0 0 1 0 0 0 0 0 189 0 0 0 3 0 0 0 0 0 0 0 0 0 0 0
122 TTG 0 0 0 0 0 0 0 0 0 0 0 0 0 0 1 0 0 0 0 0 0 0 0 0 0 0 0 0 22 0 22 0 0 0 0 0 0 0 0 0 0 0 0 0 0 2 0 0 0 0 10 0 0 0 12 0 0 0 0 0 40 0 413135 11
123 AGC 2 43 0 22 0 3 0 13 10 413008 1 17 0 21 19 0 3 0 6 0 0 0 0 0 0 10 0 0 0 0 0 9 0 0 4 0 2 0 0 0 0 40 0 0 0 6 7 0 0 21 0 5 0 9 3 8 0 5 0 0 13 0 6 0
124 TCA 0 0 0 0 5 21 0 0 0 9 0 10 0 0 0 0 19 0 21 0 30 0 0 0 0 0 0 0 5 3 0 7 5 8 6 1 5 11 0 0 10 5 0 3 0 9 15 14 9 0 0 0 412221 15 58 6 0 0 0 0 19 0 0 0
125 GTA 0 0 0 0 67 7 7 7 0 0 0 0 37 6 0 0 0 0 0 0 0 0 0 0 0 0 0 0 0 10 0 2 0 0 0 0 26 0 0 0 0 0 0 0 413283 34 11 1 0 0 0 0 0 0 1 0 0 0 0 0 13 0 0 7
126 TCA 7 6 4 0 4 0 41 0 0 0 0 2 0 6 0 0 21 0 0 0 9 1 7 3 0 0 0 0 0 8 4 0 0 3 0 0 6 3 0 0 2 0 7 0 3 0 0 0 1 3 0 0 413298 6 65 2 2 0 0 0 29 6 0 13
127 TCA 3 0 0 0 8 0 16 0 0 4 4 1 0 0 0 0 0 8 26 0 17 0 0 0 15 16 0 0 0 50 9 0 16 0 4 0 16 1 0 0 0 4 0 5 9 0 0 0 7 6 0 0 412911 18 9 1 0 0 0 0 5 0 0 0
128 TTA 0 0 0 0 4 0 0 10 0 1 0 6 15 0 8 0 0 0 0 0 0 0 0 0 0 0 0 0 33 10 0 3 0 0 0 0 0 0 1 0 0 12 2 0 0 0 5 0 0 0 0 0 12 8 4 0 0 0 1 0 413104 11 87 9
129 GAA 34 0 0 0 0 0 6 0 0 0 0 0 5 0 4 0 2 7 0 0 0 0 0 0 0 0 0 0 0 6 0 0 411675 14 12 0 1 0 0 0 32 1 1 0 15 0 0 0 10 0 0 0 0 0 0 0 0 0 0 0 0 0 0 0
130 AGA 28 0 0 0 0 0 0 0 412894 0 0 1 5 3 0 0 0 0 0 0 0 0 0 0 21 0 3 0 0 0 0 0 0 0 0 0 0 0 0 0 10 0 0 0 0 0 0 0 0 0 0 0 0 0 0 0 4 0 0 0 0 0 0 0
131 TTC 0 0 0 0 0 0 0 0 0 0 0 0 0 0 0 0 0 0 0 0 0 0 0 0 0 0 0 0 11 7 0 0 0 0 0 0 0 0 0 0 0 0 0 0 0 0 0 0 0 0 4 0 0 21 0 0 0 0 0 0 2 410659 0 16
132 GAA 39 0 0 0 17 0 0 0 0 0 0 0 0 0 0 0 0 0 0 0 0 0 0 0 0 0 0 0 0 1 4 0 413352 0 16 0 0 8 0 3 15 0 0 0 0 4 0 0 23 0 0 0 0 0 0 0 0 0 0 0 0 0 0 0
133 ATA 3 0 0 0 3 0 0 0 0 0 0 0 413366 0 54 4 0 0 0 0 0 0 0 0 0 0 0 0 11 0 0 0 0 0 0 0 0 0 0 0 0 0 0 0 21 0 0 0 0 0 0 0 0 0 0 0 0 0 0 0 0 0 0 0
134 TTT 0 0 0 0 0 0 0 0 0 0 0 0 0 0 0 11 0 0 0 0 0 0 0 0 0 0 0 0 0 0 0 7 0 0 0 0 0 0 0 0 0 0 0 0 0 0 0 0 0 0 0 1 0 0 0 12 0 0 0 0 0 34 2 413264
135 CCC 0 23 0 0 0 8 0 0 0 0 0 0 1 0 0 0 0 11 7 0 32 411581 0 42 0 0 0 0 0 11 0 0 12 106 0 0 27 28 7 3 9 1 0 2 0 0 0 4 0 0 1 0 0 22 1 6 0 0 0 0 2 0 0 4
136 AAG 41 0 410503 5 15 0 4 2 0 2 46 15 9 2 1 8 0 0 1 0 3 14 27 12 7 2 1 0 29 12 28 0 0 0 78 0 46 15 4 42 18 5 3 3 7 0 34 50 0 23 0 0 17 35 28 27 1 14 15 0 3 8 0 11
137 GAA 11 0 0 0 6 16 13 15 0 6 0 22 4 0 6 0 0 0 0 0 8 0 0 0 0 0 0 0 0 3 0 3 407505 24 20 23 40 6 2 0 41 0 0 0 22 0 0 3 8 0 0 10 7 0 12 6 0 0 10 0 0 0 3 0
138 AGT 0 4 0 70 7 28 8 12 0 38 14 407689 21 10 12 32 6 24 0 0 0 5 11 10 0 0 3 0 18 0 0 0 3 0 0 11 16 9 18 5 11 39 16 45 7 0 37 0 0 12 0 0 46 0 0 100 0 0 6 10 2 4 9 15
139 TCA 3 20 3 0 21 43 0 16 0 13 0 41 9 0 2 0 9 0 19 2 13 0 0 0 0 6 0 11 0 0 0 1 0 0 0 0 60 17 0 104 2 3 7 0 0 0 1 3 15 10 0 10 410684 39 146 1 0 0 0 0 12 12 0 0
140 TGG 0 0 0 0 0 0 0 0 0 0 5 0 0 0 8 0 0 0 0 4 0 0 0 0 0 0 16 0 0 0 0 0 0 0 0 0 0 0 0 0 0 0 4 0 0 0 0 0 0 6 8 20 0 0 0 0 31 0 393742 6 0 5 15 0
141 CCC 0 11 2 0 23 58 4 0 0 8 0 9 6 1 18 3 11 8 0 0 117 409264 35 55 0 1 0 3 0 6 0 0 4 0 0 5 0 7 8 0 0 0 5 12 0 0 0 10 0 0 0 0 0 45 0 11 0 0 0 0 12 0 5 16
142 AAC 4 412001 1 26 0 0 0 0 0 24 0 0 0 6 0 0 0 3 0 0 0 0 0 0 0 0 0 0 0 0 0 0 0 17 0 0 0 0 0 0 0 0 0 0 0 0 0 0 0 6 0 0 0 0 0 0 4 0 0 0 0 0 0 0
143 CAC 0 76 0 98 1 6 33 11 0 45 0 49 0 0 7 1 15 410825 11 27 0 0 0 0 0 11 2 0 0 9 1 4 0 13 0 0 0 0 0 0 0 0 0 0 9 1 2 0 0 107 0 25 0 0 0 3 0 0 0 0 0 52 0 0
144 ACA 14 0 0 0 408310 23 28 41 4 0 0 0 37 0 0 0 0 0 0 0 1 0 0 0 0 0 0 0 0 0 0 0 0 0 0 0 38 0 0 7 4 0 10 29 0 0 0 0 0 0 0 0 0 0 0 0 0 0 0 0 0 0 0 4
145 TTC 0 32 0 0 0 0 0 6 0 0 0 0 4 15 7 5 8 7 17 0 0 0 0 0 0 0 0 0 0 14 0 0 61 46 47 105 8 4 14 7 0 5 18 0 1 16 0 4 0 13 0 5 5 14 0 0 0 5 16 0 10 392196 10 36
146 AAC 22 402263 28 140 0 21 0 0 34 23 32 2 11 2 9 2 33 56 35 20 4 10 0 11 7 17 74 1 27 6 10 8 8 80 134 45 0 18 11 21 2 4 13 4 28 89 77 7 5 61 2 12 4 24 3 0 0 5 0 0 30 110 12 12
147 GGA 12 9 0 4 0 12 0 14 43 0 14 0 1 0 3 0 0 0 0 0 5 0 5 0 8 5 0 8 32 2 1 2 26 8 0 14 0 35 2 6 390628 15 62 9 7 0 10 12 0 0 0 11 5 0 1 0 9 4 19 0 3 9 8 2
148 GTA 6 0 5 0 158 85 4 6 0 76 0 38 203 45 0 1 8 12 2 6 6 20 5 8 0 4 6 0 18 4 9 0 19 9 0 0 34 30 21 20 11 17 13 0 392318 14 37 2 0 0 0 9 55 9 35 11 0 0 6 0 56 13 6 2
149 ACA 9 1 0 4 402348 4 116 1 0 3 0 35 44 0 0 0 0 9 0 3 14 0 0 0 0 6 0 0 0 3 0 0 1 0 0 0 7 0 6 0 0 0 0 0 0 0 1 1 0 0 0 9 100 16 7 26 0 0 0 0 0 0 0 0
150 GTA 0 23 0 3 48 39 0 4 0 0 0 214 33 0 7 0 14 4 42 8 2 7 0 0 0 0 0 0 55 7 6 50 0 0 1 0 58 73 76 40 21 33 6 9 390454 17 18 0 0 43 0 7 0 10 0 11 0 0 0 0 8 5 0 16
151 TCA 12 0 0 0 10 13 0 2 0 6 4 5 0 0 12 0 0 2 0 0 12 0 0 0 0 0 3 0 0 11 11 0 8 0 0 7 0 0 0 0 0 6 0 0 0 2 0 0 11 0 0 4 388511 2 117 8 1 9 0 0 26 4 11 2
152 TGC 0 0 0 0 7 0 0 0 0 0 0 0 0 0 0 0 0 0 0 0 5 0 0 0 0 10 0 0 0 0 0 0 0 0 0 0 0 6 0 0 0 4 0 0 0 0 0 0 0 39 0 0 0 0 0 0 9 396468 0 120 0 10 0 0
153 TCC 2 206 63 35 25 1 0 35 4 17 29 0 19 93 5 19 38 49 31 50 86 334 45 22 0 11 0 0 0 612 0 0 5 0 203 4 4 1 0 20 61 53 13 4 77 18 74 13 0 29 0 0 51 386568 2 50 0 5 2 0 9 23 36 61
154 CAT 0 0 0 90 13 30 25 16 7 46 0 6 304 5 73 0 30 33 9 403979 609 0 0 8 8 24 0 11 3 0 8 26 14 69 186 10 25 22 0 6 0 0 7 3 120 22 0 2 0 0 2 4 16 6 182 9 0 0 10 0 10 3 1 1
155 AGG 0 192 8 0 0 36 40 0 9 20 406495 42 7 0 55 19 0 0 12 18 0 0 0 0 3 0 14 2 7 20 0 0 2 0 7 0 11 0 0 28 27 17 524 0 5 0 25 0 0 24 618 5 9 2 26 26 0 0 15 0 2 64 0 0
156 GGA 2 2 0 28 10 3 4 0 49 0 0 6 0 0 0 0 61 0 2 15 0 0 0 0 0 2 1 0 0 0 0 5 255 4 0 41 3 0 0 39 407443 0 506 49 8 0 0 0 0 13 0 0 0 1 0 8 1 0 0 0 0 0 0 0
157 AAA 411789 58 8 23 61 3 0 0 4 18 0 0 17 0 4 4 90 2 0 4 0 0 0 0 0 3 0 0 0 23 0 8 97 19 0 0 0 4 0 0 15 0 0 15 21 0 14 0 6 32 5 4 0 32 8 0 0 0 0 0 21 8 17 0
158 AGC 0 81 0 10 3 37 0 3 3 407773 11 94 0 14 0 20 0 0 0 70 2 322 0 17 0 0 0 0 16 6 0 0 8 32 0 0 0 73 0 5 0 211 0 1 0 0 0 0 0 0 0 0 0 0 0 0 0 2 4 0 0 9 5 0
159 AGT 0 0 0 33 14 0 0 18 0 22 17 411658 0 0 0 9 5 12 23 14 0 0 1 0 0 0 0 3 0 2 0 3 0 0 0 6 11 15 16 17 29 18 11 34 0 0 0 0 0 0 0 4 0 6 0 0 0 4 0 1 0 0 4 0
160 TTT 0 0 0 0 0 0 0 0 0 0 0 0 0 0 0 0 0 4 0 0 0 0 0 0 0 0 0 0 0 0 0 6 0 0 0 0 0 0 0 0 0 0 4 0 4 5 0 4 0 0 0 0 0 0 0 3 0 0 0 0 0 19 0 412599
161 TAC 0 0 0 0 0 0 0 0 0 0 0 0 0 0 0 0 0 33 0 0 0 0 0 0 0 0 0 0 0 0 0 0 0 0 0 0 0 0 0 0 0 0 0 0 0 0 0 0 1 411222 1 80 0 0 0 0 0 10 0 0 0 1 0 2
162 AGA 23 20 1 26 5 3 0 0 411413 32 3 0 12 0 0 0 0 22 0 11 0 0 0 0 31 5 0 3 0 0 0 0 0 0 0 0 0 0 0 0 91 1 0 0 0 0 0 0 0 0 0 0 0 0 0 20 5 0 0 0 2 0 0 0
163 AAT 0 2 9 407901 0 5 2 7 0 0 0 8 0 0 0 10 0 0 0 0 0 0 0 0 0 0 0 0 0 0 0 0 0 0 0 18 0 0 0 0 0 0 0 0 0 0 0 0 0 0 0 1 0 0 0 0 0 0 0 0 0 0 0 0
164 TTG 0 0 0 0 0 0 0 0 0 0 0 0 0 5 1 0 0 0 0 0 0 0 0 0 0 0 0 0 0 0 5 29 0 0 0 0 0 0 0 0 0 0 0 0 0 1 14 0 0 0 15 0 0 0 7 0 0 0 4 0 47 1 411899 17
165 CTA 0 0 0 1 0 0 0 0 0 0 0 0 12 0 0 1 1 0 0 0 27 0 0 0 0 0 0 0 411464 84 29 15 0 0 0 0 0 0 0 0 0 0 0 0 0 0 0 0 0 0 0 4 0 0 0 0 0 0 0 0 69 0 0 0
166 TGG 0 0 0 0 0 0 0 0 0 0 9 0 0 0 0 0 0 1 0 4 1 0 2 0 0 0 7 0 0 0 0 0 0 0 0 0 0 2 0 0 0 0 0 0 0 0 0 0 0 0 197 0 0 0 0 0 47 0 412910 8 0 0 14 0
167 CTG 0 0 0 0 0 3 0 5 0 0 0 0 37 14 13 7 0 0 2 0 18 22 42 9 0 0 0 0 74 9 407562 12 0 0 0 0 0 6 0 0 0 0 0 0 23 22 93 12 0 0 0 0 0 0 0 0 0 0 0 0 5 0 86 0
168 ACG 0 0 31 3 83 6 409724 41 0 0 5 0 0 0 162 4 10 10 4 8 0 0 0 0 15 8 16 0 1 0 29 11 6 0 0 0 0 7 55 0 0 0 0 0 0 8 0 5 0 29 0 5 8 4 19 16 0 0 0 0 6 6 14 0
169 AAG 85 0 412262 7 52 24 13 4 0 0 47 0 0 9 24 0 11 3 9 6 0 5 0 0 0 6 3 31 0 0 1 1 2 0 27 0 0 50 4 81 19 19 0 0 0 2 21 10 0 0 1 0 22 21 5 7 0 1 0 9 16 0 5 0
170 AAG 66 103 411320 318 3 0 49 0 0 88 73 151 4 0 34 0 0 0 21 11 0 24 0 0 9 90 47 53 21 38 44 3 12 0 45 0 4 21 153 5 0 2 6 10 1 7 3 7 0 42 0 0 9 92 4 16 0 16 16 0 0 18 8 0
171 GGG 0 18 0 53 4 10 64 1 4 0 26 45 5 0 0 0 7 11 25 3 0 1 2 0 1 0 0 0 6 1 3 10 18 8 52 25 0 8 7 7 40 57 409027 44 3 0 10 0 0 5 0 6 0 46 4 3 0 0 10 0 37 3 24 42
172 GAT 0 4 0 74 5 10 1 5 0 0 0 10 2 9 0 2 0 0 6 0 0 6 0 2 0 0 0 0 3 1 0 0 28 28 49 412033 0 0 22 0 0 0 0 76 0 0 11 2 0 0 0 6 0 9 0 0 0 0 0 0 0 0 3 0
173 TCA 0 101 0 0 49 2 57 0 0 5 0 37 1 0 5 6 0 52 0 31 32 15 0 4 0 0 0 1 0 3 0 0 21 41 0 21 0 6 0 0 0 4 0 0 72 23 13 23 4 18 0 83 411943 6 102 0 5 0 0 0 52 1 1 54
174 TAC 0 0 0 0 0 0 0 0 2 0 0 0 0 0 0 0 0 14 0 0 0 0 0 0 0 0 0 0 0 0 0 0 0 6 0 0 0 0 0 0 0 0 0 0 0 0 0 0 1 412274 0 70 0 4 0 0 0 52 14 0 0 1 0 0
175 CCA 9 61 0 36 44 4 28 11 50 3 0 31 7 23 6 12 102 55 0 65 409230 29 40 26 11 20 20 9 17 2 178 13 15 1 38 17 100 15 32 6 13 73 8 0 22 0 0 0 0 23 0 105 8 44 5 11 0 6 3 0 120 8 14 0
176 AAG 45 14 411437 23 13 40 17 0 15 1 56 31 0 54 42 8 12 125 40 94 76 29 24 46 0 0 0 8 22 0 117 466 39 0 28 16 43 36 8 0 17 2 8 17 16 0 0 0 6 15 3 110 24 31 10 0 0 12 18 21 57 104 16 113
177 CTG 0 0 0 0 18 18 32 6 0 0 0 0 0 3 53 15 0 2 0 10 0 0 23 0 0 0 3 0 66 0 412540 44 0 0 0 0 4 50 4 19 0 4 0 0 47 4 341 0 0 0 5 0 0 5 0 0 0 0 1 0 1 0 22 0
178 ACC 0 5 0 0 12 412744 14 16 0 16 0 0 2 28 0 0 14 0 0 0 0 2 0 0 15 0 0 0 26 23 1 8 3 0 3 0 27 80 3 0 0 0 1 0 0 0 0 0 0 0 0 0 0 16 0 7 0 0 4 0 0 0 0 8
179 AAT 22 10 6 412482 0 8 1 7 0 0 0 42 0 0 7 0 0 0 3 4 0 3 0 0 0 8 0 0 0 0 4 0 0 0 6 8 9 8 0 0 12 0 17 6 0 0 0 0 3 0 0 0 10 3 7 0 0 0 0 0 0 0 0 0
180 TCC 12 5 13 5 0 0 4 0 6 0 10 0 3 0 0 0 0 10 2 0 0 13 0 0 28 0 0 0 0 33 0 0 5 19 15 2 0 7 36 0 0 0 0 3 11 11 0 0 0 13 0 0 38 411602 3 12 0 4 11 0 2 17 0 82
181 TAT 0 0 0 0 0 0 0 0 0 0 0 0 0 0 0 0 0 0 0 82 0 0 0 0 0 0 0 0 0 0 0 0 0 0 0 1 0 0 0 0 0 0 0 0 0 0 0 0 7 8 11 412784 0 0 0 2 0 0 32 15 0 0 0 3
182 GTG 2 5 21 0 22 5 2 23 4 18 2 13 7 6 113 0 69 0 1 6 0 0 0 16 0 0 15 0 1 0 0 0 0 0 1 0 0 14 10 0 0 0 7 0 52 6 412186 27 0 41 0 0 0 2 0 0 0 0 15 0 85 24 25 21
183 AAC 13 413713 14 6 0 0 0 0 0 13 0 0 0 2 0 0 0 5 0 0 0 0 0 0 0 0 0 0 0 0 0 0 0 35 0 0 0 0 0 0 0 0 0 0 0 0 0 0 0 3 0 0 0 0 0 0 0 0 0 0 0 0 0 0
184 AAT 13 31 20 412767 0 1 0 18 0 0 19 37 8 0 32 9 13 0 0 0 0 0 0 0 0 0 5 0 7 0 0 3 20 0 0 23 0 3 0 0 8 6 26 0 7 6 4 0 1 0 0 9 0 0 0 13 0 0 0 0 17 0 5 0
185 AAA 413125 9 108 18 5 0 0 0 45 0 19 0 1 8 11 0 15 0 0 0 0 0 0 0 0 0 0 0 2 8 10 3 83 0 0 1 19 10 4 0 0 6 0 0 0 0 6 0 0 3 0 2 0 0 0 0 0 0 0 0 0 2 0 7
186 GGG 0 0 0 0 0 9 0 0 0 2 58 0 0 0 0 0 0 0 0 2 0 2 10 0 0 3 0 0 7 3 0 0 0 0 47 3 0 0 5 0 44 29 413188 1 0 5 11 0 0 0 0 0 0 0 9 0 0 0 42 0 0 0 0 0
187 AAA 413599 13 83 10 15 23 0 0 25 0 0 0 10 0 0 4 5 1 0 2 0 0 0 0 2 0 0 6 0 11 5 0 51 0 0 0 0 0 0 0 0 0 0 3 0 2 0 0 1 0 5 0 0 4 4 7 0 0 0 9 0 0 0 0
188 GAA 21 0 14 0 0 4 0 0 0 0 0 0 0 0 0 4 15 6 0 7 6 0 0 1 0 9 0 1 0 6 0 0 413443 18 20 12 0 0 0 0 22 0 0 0 1 0 21 0 19 9 0 0 0 7 0 0 4 0 7 0 0 7 51 7
189 GTC 0 0 0 0 0 5 0 0 0 0 0 0 40 80 2 13 0 0 0 0 0 0 0 0 0 0 0 0 0 4 3 0 0 0 0 0 0 9 0 0 0 11 0 0 106 413155 8 35 0 0 0 0 0 0 0 0 0 0 0 10 0 5 6 0
190 CTT 0 0 0 0 0 0 0 0 0 0 0 0 0 0 0 20 0 0 0 8 0 0 0 76 0 0 0 9 25 19 0 412535 0 0 0 0 0 0 0 0 0 0 0 0 0 0 0 0 0 0 0 0 0 0 0 0 0 0 0 0 48 0 15 14
191 GTA 0 0 0 0 0 0 0 0 0 0 0 0 10 0 14 12 0 0 0 0 0 0 0 0 0 0 0 0 31 20 0 0 2 0 0 0 4 0 1 0 3 0 0 0 303821 15 43 6 1 0 0 0 0 0 0 0 0 3 0 0 4 0 0 0
192 CTA 0 0 0 0 10 0 1 0 0 0 0 0 12 3 0 0 0 0 0 0 41 0 0 0 0 0 0 0 303919 4 18 0 0 0 0 0 0 0 0 0 0 0 0 0 2 0 10 7 0 0 0 0 0 0 0 0 0 0 0 0 34 3 0 9
193 TGG 0 0 0 0 0 0 0 0 0 0 3 0 0 0 0 0 0 0 0 0 0 0 0 0 0 0 18 0 0 0 0 0 0 0 0 0 0 0 0 0 0 0 8 0 0 0 0 0 0 6 17 1 0 0 0 0 19 0 302975 13 0 0 8 0
194 GGT 0 0 0 0 0 0 0 0 0 0 0 17 0 0 0 0 0 0 0 0 0 0 0 0 0 0 0 0 0 0 0 0 0 0 0 9 21 0 15 0 5 11 1 303065 0 0 0 1 0 0 0 0 0 0 1 0 0 0 0 2 0 0 0 0
195 GTT 0 0 0 0 0 0 0 0 0 0 0 0 5 22 0 83 0 0 0 0 0 0 0 0 0 0 0 0 0 0 0 4 0 0 0 0 0 0 0 39 0 0 0 2 28 51 5 303302 0 0 0 0 0 0 0 0 0 5 0 0 4 0 1 6
196 CAT 0 0 0 15 0 0 0 0 0 0 0 0 0 0 0 0 1 35 0 303421 0 0 0 0 0 0 0 8 0 0 0 1 0 0 0 0 0 0 0 0 0 0 0 0 0 0 0 0 0 0 0 26 0 0 0 0 0 0 0 0 0 0 0 0
197 CAC 0 32 0 49 0 2 3 0 0 6 0 33 0 4 0 1 0 303570 0 18 0 1 0 0 0 15 0 0 0 10 0 0 7 4 4 21 0 0 8 5 0 0 0 0 0 0 0 0 0 50 0 13 0 26 0 0 0 16 16 12 7 7 0 0
198 CCG 0 0 0 0 0 0 1 0 0 0 0 0 0 0 0 0 0 0 24 0 46 0 303755 10 0 0 0 0 0 0 6 0 0 0 0 0 0 0 0 0 0 0 0 0 0 0 0 0 0 0 0 0 0 0 30 0 0 0 0 0 0 0 0 0
199 TCT 0 0 0 0 0 0 0 1 0 0 4 0 0 0 0 13 0 0 0 0 0 0 0 20 0 0 0 0 0 0 0 0 0 0 4 0 0 0 0 1 0 1 0 0 0 0 0 0 0 0 0 18 4 48 0 303817 0 0 0 4 0 0 0 51
200 AGC 0 31 0 0 0 0 0 0 5 303122 0 52 0 21 0 0 0 0 0 0 0 0 0 0 0 4 0 0 0 6 0 0 0 0 0 0 0 0 0 0 0 30 0 0 0 0 0 0 0 0 0 0 0 0 0 0 0 0 0 0 0 0 0 0
201 AGT 0 1 3 13 0 6 0 0 0 10 0 303422 3 24 2 5 0 6 0 0 4 4 0 0 0 0 0 2 15 0 19 0 0 23 0 0 0 0 22 0 0 0 0 27 0 0 0 0 0 4 5 0 1 31 0 5 0 0 0 7 17 6 14 1
202 GAT 4 0 4 13 0 0 0 4 0 0 0 0 0 0 0 2 0 0 5 0 0 0 0 0 0 0 0 0 0 2 0 14 21 5 36 303715 7 6 4 2 0 4 0 14 0 2 0 7 0 0 0 13 5 0 0 0 0 0 0 0 2 6 0 1
203 GAG 0 0 5 0 0 0 0 0 0 0 0 0 0 0 0 0 0 0 0 0 0 0 0 0 0 0 0 0 0 0 0 0 62 6 303189 10 0 0 0 0 0 0 39 0 3 0 5 0 0 0 4 0 0 0 0 0 0 1 0 0 0 0 0 0
204 CAA 9 0 0 0 0 0 0 0 0 0 0 3 0 0 3 0 303591 4 19 0 0 0 0 0 0 0 0 0 2 0 0 0 0 0 0 0 0 32 2 12 0 0 0 0 0 0 0 0 22 0 0 0 0 0 0 4 0 0 0 0 0 0 0 0
205 CAG 0 9 7 34 1 0 0 0 0 0 0 3 0 0 7 0 24 7 302335 3 0 0 5 0 0 0 67 0 5 0 16 5 0 0 40 10 0 4 10 0 0 0 0 0 5 0 3 10 0 9 7 3 0 0 0 14 0 0 18 0 0 0 0 0
206 AGT 0 5 1 24 0 6 1 0 0 37 2 303120 8 0 0 11 1 0 6 0 0 0 0 0 0 0 0 0 0 0 0 0 106 1 60 21 0 1 5 0 9 3 12 10 0 6 9 3 0 0 0 0 0 6 0 11 0 0 0 1 0 0 0 18
207 CTC 6 7 2 0 0 0 2 7 0 0 3 0 29 11 0 0 0 18 0 0 0 7 0 0 21 1 0 0 14 303374 11 11 0 0 0 0 0 3 0 0 0 0 0 0 0 10 0 0 0 0 0 0 0 0 0 0 0 3 0 2 12 3 3 0
208 TAT 0 0 0 2 0 0 0 0 0 0 0 0 0 0 0 0 0 0 0 54 0 0 0 0 0 0 0 0 0 0 0 0 0 0 0 0 0 0 0 0 0 0 0 0 0 0 0 0 3 25 3 303218 0 0 0 1 0 0 0 5 0 0 0 3
209 AGT 0 9 0 44 4 0 4 13 0 16 9 303113 0 0 10 4 52 7 2 8 0 30 0 0 0 0 0 0 0 9 0 0 0 0 0 0 8 0 0 0 5 0 0 103 0 1 0 6 0 0 0 2 18 19 0 0 0 0 0 1 12 3 0 0
210 AAT 16 9 12 301235 31 9 69 53 0 0 4 3 76 0 0 7 0 3 89 0 1 25 50 0 0 58 0 0 0 17 0 4 0 1 9 53 18 0 0 89 0 5 0 19 4 27 3 4 0 0 0 4 6 2 5 73 0 0 0 0 12 0 58 9
211 GGA 0 0 0 24 6 0 0 63 15 0 0 0 0 1 0 0 0 0 0 9 24 22 2 0 0 0 0 0 2 16 0 0 34 0 0 0 3 18 0 0 302674 8 30 0 4 5 0 5 0 0 0 1 20 19 3 8 9 0 0 0 11 0 0 16
212 AAT 11 5 3 303299 5 1 0 10 0 0 0 15 9 0 5 0 2 0 15 1 63 16 8 4 0 0 0 0 0 0 0 0 2 0 0 12 0 4 7 0 0 2 1 6 0 16 3 0 0 2 0 16 7 0 0 5 0 0 0 0 0 0 5 0
213 GCT 7 6 40 1 0 16 0 17 0 0 14 0 1 0 20 0 5 0 0 0 0 22 22 3 2 0 0 8 0 2 0 5 0 0 0 9 3 40 14 301809 1 0 1 42 12 13 0 90 0 0 0 13 0 0 6 32 0 10 0 13 7 0 4 5
214 TAT 0 0 5 0 0 0 0 0 0 0 0 0 0 27 4 9 1 2 0 57 0 0 0 0 0 0 0 0 5 0 5 0 16 0 5 0 0 0 0 0 3 7 2 0 2 0 0 0 0 15 0 303563 0 5 0 20 0 0 0 9 1 0 9 0
215 GTC 0 0 0 0 0 0 0 0 0 0 0 0 0 30 0 5 0 0 0 0 0 0 0 0 0 0 0 0 0 4 0 0 0 0 0 0 0 27 0 0 0 0 0 0 22 303739 0 14 1 0 0 0 0 0 0 0 0 0 0 0 0 8 0 0
216 TCT 2 0 0 0 12 0 19 8 4 0 2 0 29 16 10 41 0 0 0 0 0 0 0 28 0 49 2 0 19 26 0 29 0 17 0 0 1 0 0 3 5 0 0 0 2 0 6 6 0 85 0 14 29 64 12 303039 0 0 4 6 27 28 11 44
217 GTA 0 0 0 0 0 0 0 0 0 0 0 0 34 2 0 0 0 0 0 0 0 0 0 0 0 0 0 0 0 0 0 0 0 0 0 0 6 0 0 0 0 0 0 0 303243 1 41 6 0 0 0 0 0 0 0 0 0 0 0 0 1 0 0 0
218 GCG 0 0 0 0 0 3 28 0 0 0 0 0 0 0 2 0 0 72 0 2 0 0 0 0 0 0 2 9 0 2 7 0 0 0 11 3 48 0 299369 4 5 0 0 0 0 3 182 0 0 0 0 4 0 11 53 0 0 0 0 7 9 4 0 0
219 TCT 4 0 8 0 0 0 0 19 0 4 0 0 0 3 0 0 0 0 0 5 0 0 0 14 0 0 0 0 0 7 0 0 0 0 0 0 10 38 0 7 0 1 3 0 0 0 0 0 0 0 0 7 43 74 68 302700 0 0 13 0 0 1 0 23
220 TCA 16 11 0 5 29 5 0 2 4 0 0 10 6 0 3 0 3 0 22 0 159 0 17 2 0 49 0 2 10 15 26 20 0 0 0 5 13 17 0 0 15 6 1 37 0 0 0 0 5 0 0 5 302418 17 43 4 0 2 0 0 56 0 0 9
221 AAT 9 16 0 303148 15 0 1 31 24 1 8 17 2 4 0 0 15 0 0 0 0 5 0 0 0 0 20 0 8 28 0 0 8 5 0 13 0 4 0 0 0 0 1 2 0 3 4 0 0 16 0 10 5 6 0 0 0 0 0 7 0 3 3 0
222 TAT 5 0 15 0 4 5 9 4 0 0 0 6 2 3 14 3 6 2 9 32 0 0 0 0 0 0 0 3 5 0 3 0 0 3 2 4 0 0 18 0 0 0 0 0 7 8 0 2 0 23 0 303089 6 3 9 17 0 0 10 7 0 1 1 10
223 AAC 7 302029 2 47 3 6 0 1 12 22 0 2 53 22 0 51 29 15 1 16 0 0 0 0 4 8 1 12 26 5 72 25 88 161 20 19 5 18 33 36 3 14 7 11 27 10 24 10 0 149 0 59 6 6 1 0 0 6 4 2 7 5 36 25
224 AGG 18 37 17 16 0 5 10 4 8 5 297296 3 0 0 39 8 11 3 9 5 0 0 0 0 2 8 9 39 15 8 6 0 2 0 0 0 0 3 3 2 9 0 56 30 8 0 3 0 0 0 0 0 9 0 18 15 0 0 32 0 4 1 0 5
225 AGA 58 0 3 0 0 0 0 0 298432 7 20 0 17 1 0 0 8 0 0 0 0 0 0 0 4 0 0 0 21 0 0 0 0 0 0 0 0 0 0 0 51 2 0 0 0 0 0 0 0 3 0 0 0 0 0 0 3 0 0 0 7 0 0 0
226 TTC 0 0 0 0 0 0 0 8 0 3 0 6 5 12 9 16 0 5 2 0 0 0 0 0 0 0 0 0 1 31 0 0 8 0 1 40 0 4 0 0 0 0 6 0 5 26 13 5 0 10 0 18 0 23 13 4 0 2 0 0 14 300709 1 50
227 ACC 5 8 25 12 30 302209 5 33 0 10 2 20 28 35 0 7 0 0 5 7 0 1 0 0 0 0 0 0 35 0 0 0 0 0 0 0 0 49 0 5 9 0 0 0 2 15 0 63 0 7 0 4 6 5 8 0 0 3 0 0 33 6 0 4
228 CCG 0 8 0 3 10 34 41 29 0 0 0 0 5 38 0 3 0 0 2 0 119 22 301860 16 4 0 46 0 3 0 22 2 5 5 0 0 1 38 7 1 0 2 0 5 37 9 12 5 0 0 0 0 17 0 21 0 10 0 0 2 4 0 3 0
229 GAA 11 0 0 11 39 9 24 0 0 5 4 21 0 0 7 10 12 0 12 8 4 5 0 0 2 0 0 9 0 0 0 0 295498 15 57 20 0 12 0 1 37 2 63 9 13 4 1 12 13 18 0 55 37 25 20 20 0 1 60 8 17 43 9 44
230 ATA 11 6 6 1 23 6 0 0 3 0 0 4 303170 14 47 30 11 2 25 15 3 11 11 11 7 11 1 0 5 3 11 5 4 1 0 0 8 6 0 0 4 0 0 0 32 5 48 14 0 18 0 12 4 21 8 0 0 9 0 5 0 0 4 1
231 GCT 3 13 10 0 139 82 1 65 3 7 11 8 12 4 37 0 13 22 100 29 1 0 0 0 37 17 3 6 11 40 102 11 0 0 0 13 1 102 108 290837 3 0 0 6 15 18 2 103 0 0 0 67 6 53 0 11 0 15 28 12 4 1 50 30
232 GCA 7 76 6 23 107 6 21 0 7 0 14 26 8 46 46 197 1 68 45 2 19 9 0 19 2 62 1 1 13 26 3 84 68 23 10 62 298828 12 106 20 6 14 18 23 57 38 14 62 0 85 0 38 36 0 25 14 0 17 225 41 118 70 69 89
233 AGG 32 0 30 0 0 0 3 0 60 3 287234 9 1 0 42 13 0 0 0 0 0 0 0 0 15 0 49 19 8 0 1 3 0 0 0 0 5 5 0 0 1 2 60 0 0 0 1 0 0 10 0 0 7 6 0 3 0 5 14 1 2 0 4 4
234 CCC 27 3 0 6 79 23 0 3 0 0 0 0 0 1 0 0 18 39 0 0 3 299725 13 8 0 17 0 0 9 8 1 0 0 0 0 2 38 79 0 15 0 0 0 0 10 0 9 3 0 16 0 0 5 10 4 20 0 0 12 19 0 0 21 0
235 AAA 297085 17 29 4 29 53 14 73 27 6 0 1 4 24 0 0 17 3 0 0 12 9 18 31 310 3 0 0 24 3 1 2 58 0 0 0 10 1 6 74 0 18 1 11 59 99 69 75 3 14 0 0 10 9 15 13 3 6 14 0 11 19 0 8
236 GTA 4 0 0 41 0 1 11 5 26 24 0 3 66 0 0 10 60 42 23 23 0 0 0 0 20 8 0 0 38 10 4 27 30 1 0 4 43 28 7 0 5 0 8 1 300983 0 20 2 6 0 0 9 0 54 0 24 0 0 18 12 7 0 7 11
237 AGA 10 21 11 0 9 14 5 18 299378 31 38 5 15 9 20 0 52 5 6 5 2 2 0 0 6 0 1 0 47 21 25 28 0 6 5 6 17 0 7 0 47 0 54 36 0 12 20 19 0 21 0 27 1 27 14 0 0 0 0 8 25 37 37 19
238 GAT 0 0 0 24 67 0 0 8 0 0 0 0 0 6 0 0 0 0 3 0 0 0 0 0 0 0 0 0 0 0 0 0 8 38 0 293637 0 0 0 0 0 0 0 11 0 0 0 7 0 0 3 15 0 0 0 0 0 0 0 0 0 0 0 0
239 CAA 8 20 0 5 9 0 1 2 0 16 0 0 43 8 1 34 297995 5 89 9 0 3 0 0 45 4 0 0 22 2 9 2 14 7 2 6 15 1 17 5 0 0 0 0 7 3 0 5 7 0 0 7 0 5 4 8 0 1 4 0 3 1 5 6
240 CAT 0 25 0 20 0 30 17 10 0 5 0 0 24 48 6 0 25 25 29 279999 20 6 7 66 0 0 0 25 0 9 4 5 0 0 15 26 0 16 0 36 1 0 8 2 2 0 2 3 0 0 0 15 0 6 34 0 0 0 0 0 4 0 6 1
241 GGG 0 0 0 0 0 0 0 0 0 0 13 0 0 0 0 0 0 0 0 0 0 0 0 0 0 0 0 0 0 0 0 0 0 0 18 0 0 0 0 0 29 4 275830 2 0 0 7 0 0 0 0 0 0 0 0 0 0 0 7 0 0 0 0 0
242 AGG 0 0 50 1 0 0 0 0 22 0 279293 8 0 11 12 0 0 0 0 1 0 0 0 0 14 11 8 5 5 0 0 1 0 0 0 0 1 0 0 1 0 0 72 0 0 3 4 0 0 1 0 0 0 0 0 0 0 0 2 0 7 3 0 0
243 ATG 0 0 7 0 0 0 8 1 0 0 5 0 16 0 285573 3 1 4 0 0 0 0 0 0 0 0 0 0 8 0 7 0 0 0 0 0 0 0 0 0 0 0 0 0 0 0 21 0 0 0 0 0 0 0 0 0 0 0 0 0 0 0 2 18
244 AAC 3 290692 0 13 0 9 0 6 1 17 0 0 9 0 0 2 0 1 7 1 0 0 0 0 0 0 0 0 0 18 2 0 3 31 1 0 13 0 3 0 10 1 0 0 11 0 3 0 0 5 0 0 0 0 0 0 0 0 5 0 28 6 20 3
245 TAT 0 0 0 0 0 2 0 4 0 0 0 0 0 0 0 0 0 0 0 22 0 0 0 0 0 0 0 0 0 0 0 0 0 0 0 5 0 0 0 1 0 0 0 0 1 0 0 0 5 25 1 286329 0 0 0 5 0 0 2 6 0 0 0 3
246 TAC 0 12 0 0 0 0 0 0 0 0 0 0 0 0 1 0 0 21 0 0 0 0 0 0 0 0 0 0 0 0 0 0 0 0 0 0 0 0 0 0 0 0 0 6 0 0 0 0 5 294915 1 130 0 1 0 0 0 32 0 0 2 2 0 5
247 TGG 0 0 0 0 0 0 0 0 0 0 2 0 0 0 0 0 0 0 2 0 0 0 0 0 0 0 39 0 0 0 2 0 0 0 0 0 0 0 0 0 2 0 3 0 0 0 0 0 0 1 12 0 0 0 0 0 15 0 298723 8 0 5 5 0
248 ACC 6 6 0 5 39 281347 5 79 0 0 24 9 8 18 0 0 0 14 1 12 0 0 0 0 0 3 0 0 2 3 0 0 6 2 0 8 3 39 0 0 0 0 0 0 0 0 4 6 0 0 0 14 8 25 9 0 0 3 0 6 0 0 16 10
249 TTG 0 0 5 0 0 1 11 8 0 0 0 0 14 2 1 4 0 0 0 0 0 0 3 0 6 0 0 0 7 15 88 0 0 0 0 0 0 0 2 4 0 0 0 0 9 0 18 50 0 0 0 0 0 0 38 0 0 0 1 0 39 3 295922 19
250 CTA 0 0 0 0 0 0 0 0 0 0 0 0 5 26 0 9 2 0 0 0 19 0 0 0 0 0 0 0 287082 58 81 19 0 0 0 0 0 0 0 0 0 0 0 0 5 15 0 1 0 0 0 0 0 0 0 0 0 0 0 0 48 0 5 0
251 GAA 26 0 7 10 8 15 54 2 7 12 5 1 15 2 0 0 4 31 43 3 0 22 1 5 14 3 7 14 27 0 6 5 300374 17 26 24 14 9 0 0 21 0 3 0 18 2 0 5 7 0 0 3 0 22 2 5 0 0 2 0 0 13 8 2
252 CCC 0 0 3 0 0 11 0 0 0 0 0 2 0 0 0 0 0 8 0 0 97 293002 0 41 0 8 0 0 0 6 0 2 0 4 7 0 4 0 0 0 0 0 0 0 0 9 0 0 0 0 0 0 2 17 0 0 0 0 0 0 0 0 0 0
253 GGA 10 19 4 0 0 3 0 4 45 2 2 6 0 0 0 0 0 2 9 1 0 0 0 0 6 0 3 0 24 2 6 0 27 0 7 0 5 0 1 0 297333 2 78 35 1 0 0 0 0 0 0 0 2 9 1 4 6 0 0 0 0 0 0 0
254 GAC 9 12 4 0 0 0 0 0 0 0 0 0 0 0 0 0 43 10 4 4 0 0 0 0 0 0 0 0 0 0 0 0 31 297260 15 25 1 5 3 0 6 32 23 0 0 0 0 0 0 12 0 0 4 0 0 0 0 0 0 0 0 0 0 4
255 ACA 4 9 0 0 289875 14 33 16 4 3 8 26 19 0 11 2 8 22 3 1 4 0 0 0 3 1 0 0 4 0 7 5 9 0 9 16 7 13 32 0 4 10 0 7 0 0 4 3 0 21 0 21 16 7 8 0 0 12 0 0 0 8 0 41
256 ATA 3 0 0 0 12 0 0 0 11 0 0 0 301039 20 32 27 0 0 0 0 2 0 0 0 0 0 0 0 16 4 0 16 0 0 0 0 0 0 0 0 0 0 7 0 14 0 5 0 0 0 0 0 0 0 0 0 0 0 0 0 13 0 6 0
257 ATA 1 2 0 19 36 142 0 7 15 12 0 57 298450 1 26 61 20 0 33 13 0 0 0 0 0 8 0 0 41 45 3 34 9 43 12 3 49 8 8 13 0 11 3 9 34 29 56 3 0 31 0 27 0 55 3 5 0 0 36 0 120 2 28 7
258 TTT 0 0 0 0 0 0 0 0 0 0 0 5 3 0 0 10 0 0 0 4 0 0 0 0 0 0 0 0 2 0 4 22 0 0 0 0 0 0 0 0 0 0 0 0 0 0 5 7 0 5 0 12 0 0 0 9 0 0 0 0 4 6 0 300761
259 GAG 0 0 23 0 0 0 1 21 0 0 0 0 0 0 0 0 0 0 5 1 0 0 0 0 0 0 6 0 0 0 0 0 15 0 302242 25 0 1 10 0 0 0 63 0 0 0 20 0 0 0 2 0 0 4 0 0 0 0 0 0 0 0 0 0
260 GCA 0 0 0 0 29 0 0 0 0 0 0 0 0 0 0 0 0 0 0 6 0 0 0 0 0 0 0 0 0 0 0 0 13 0 0 0 296650 3 5 4 5 0 1 0 11 0 0 0 0 0 0 0 1 0 0 0 0 0 0 0 0 0 0 0
261 ACT 0 9 0 12 16 40 33 297894 0 0 0 24 1 0 5 25 8 0 15 0 0 0 0 0 3 0 4 0 4 5 0 0 3 0 0 0 7 0 4 10 0 0 0 0 0 0 2 0 0 0 0 3 9 1 0 6 0 0 0 0 0 0 0 0
262 GGT 0 0 0 0 0 0 0 0 0 0 0 13 0 0 0 0 0 0 0 0 0 0 0 0 0 0 0 0 0 0 0 0 0 0 0 13 0 0 0 0 7 56 16 302278 0 0 0 2 0 0 0 0 0 0 0 0 0 0 0 10 1 0 0 0
263 AAT 3 15 0 301399 0 0 0 2 0 0 0 5 0 0 0 8 0 0 0 0 0 0 0 0 0 0 0 0 0 0 0 0 0 0 0 20 0 0 0 0 0 0 0 0 0 0 0 0 0 0 0 8 0 0 0 0 0 0 0 0 0 0 0 0
264 CTA 0 0 0 0 0 0 0 0 0 0 0 0 5 1 2 0 4 0 0 0 53 0 0 0 1 0 0 0 301380 12 21 0 0 0 0 0 0 0 0 0 0 0 0 0 1 0 0 0 0 2 0 8 0 0 0 0 0 0 7 0 7 0 0 2
265 ATA 0 0 0 0 14 0 0 0 0 0 0 0 302103 0 55 6 0 2 0 0 0 0 0 0 0 0 0 0 0 7 3 0 0 0 0 0 13 7 0 20 0 0 0 0 15 8 0 10 0 0 0 4 0 0 0 0 0 0 0 0 1 0 6 0
266 GCA 0 0 0 0 20 0 0 0 0 0 0 0 0 0 7 0 0 0 0 0 0 0 0 0 0 0 0 0 0 0 0 1 4 0 0 0 302219 4 39 12 2 0 0 0 34 5 3 2 0 0 0 0 4 0 3 0 0 0 0 0 0 0 0 0
267 CCA 0 0 0 0 2 0 0 0 0 0 0 0 0 0 0 0 5 0 0 0 300174 11 9 0 0 0 0 0 10 0 0 0 0 0 0 0 3 0 0 0 0 0 0 0 0 0 0 0 0 0 0 0 12 0 0 0 0 0 0 0 0 0 0 0
268 TGG 0 0 0 4 0 1 3 0 0 0 0 0 5 0 0 2 0 1 5 0 0 0 0 0 0 0 15 3 0 0 15 4 0 0 4 0 0 0 0 0 0 3 0 6 0 7 0 6 0 0 13 0 3 0 0 19 22 0 301493 6 0 2 30 6
269 TAT 5 0 0 0 0 0 0 0 0 0 0 0 0 0 0 0 9 5 0 44 0 0 0 0 0 0 0 0 0 0 0 0 0 0 0 0 0 0 0 0 3 0 0 0 0 0 0 0 0 5 0 302746 0 0 0 0 4 0 0 9 0 6 0 34
270 GCT 0 0 0 0 0 0 0 39 0 12 0 0 0 0 0 0 0 0 0 0 0 0 0 0 0 0 0 0 0 0 0 0 0 0 0 8 35 38 9 302016 6 13 31 9 0 0 0 12 0 0 0 0 0 0 3 4 0 0 0 0 0 0 0 0
271 TTC 0 0 0 0 0 0 0 0 0 0 0 0 0 1 0 0 0 0 0 0 0 1 0 0 0 1 0 0 1 15 0 0 0 3 0 0 0 0 0 0 0 0 0 0 0 0 0 0 0 1 0 44 0 9 0 0 0 0 14 0 15 302586 5 42
272 GCA 6 0 16 0 58 0 0 45 0 10 3 0 0 0 0 19 10 1 0 0 0 0 0 0 2 0 0 0 0 0 5 1 23 0 2 0 302237 11 33 34 0 31 10 45 21 4 7 21 0 0 0 12 7 5 5 18 0 7 0 2 2 0 7 0
273 CTG 0 0 0 0 0 5 0 0 0 0 0 0 14 0 21 12 0 0 4 0 0 0 84 0 0 0 1 0 29 7 302133 15 0 0 0 0 0 13 6 0 0 0 0 0 3 19 17 1 0 0 0 0 1 0 0 0 0 1 0 0 7 1 22 0
274 AGT 4 21 0 14 1 10 3 8 1 13 14 302523 0 0 0 2 6 6 0 39 0 0 0 0 5 10 5 3 5 6 5 0 5 19 4 22 0 3 0 18 0 10 10 64 0 1 0 15 0 14 0 0 2 0 3 27 0 0 0 6 8 4 5 2
275 AGA 13 2 9 0 1 5 0 0 303268 8 48 0 1 0 0 0 3 1 0 0 0 6 0 0 5 22 0 1 0 0 0 0 0 0 0 0 5 0 0 0 19 0 0 0 3 0 0 0 0 13 0 5 8 0 0 0 0 0 0 0 0 0 0 0
276 GGG 16 20 7 1 6 21 21 19 0 8 24 3 0 0 23 0 24 12 9 0 0 0 0 0 7 0 16 14 0 5 0 0 3 8 31 16 12 6 2 24 11 3 302782 8 0 0 9 5 5 5 0 0 10 35 35 0 0 25 40 17 8 0 13 2
277 TTT 26 3 4 3 375 9 6 6 9 39 12 22 14 18 0 22 5 7 8 0 42 6 34 12 4 12 10 0 3 36 20 24 14 5 0 0 2 7 18 0 9 0 22 12 14 0 28 29 0 0 0 8 8 28 24 47 0 0 0 3 25 71 16 302238
278 GAG 33 7 26 15 10 24 26 0 1 2 0 2 2 13 0 7 6 5 43 0 20 19 20 33 4 3 0 0 8 12 7 11 101 13 302950 19 4 4 7 7 8 0 81 2 3 15 11 9 0 14 5 2 0 17 9 2 0 0 10 4 16 20 0 11
279 TCC 0 0 0 42 0 0 4 0 0 0 1 0 0 0 0 0 7 3 2 0 0 27 0 0 0 0 0 0 0 7 0 0 0 0 0 0 0 2 0 0 0 0 0 0 0 0 0 0 0 5 0 0 30 301978 0 117 0 9 0 0 0 18 0 0
280 GGC 0 4 0 0 0 0 0 1 0 80 0 6 0 0 0 0 0 4 2 0 2 0 0 0 0 3 0 3 0 1 0 0 0 39 0 0 0 21 0 3 26 302519 21 49 0 3 0 0 0 4 0 0 0 4 4 0 0 10 0 0 0 3 0 0
281 ATC 0 1 0 0 0 17 0 0 0 3 0 0 25 302593 2 21 0 0 0 0 0 0 0 0 0 0 0 0 2 5 5 4 0 0 0 0 0 0 0 0 0 2 0 0 0 31 1 7 0 0 0 2 0 0 0 0 0 0 0 0 2 28 0 1
282 ATC 0 2 0 0 1 19 0 0 0 0 0 0 23 301831 2 32 0 0 0 0 0 0 0 0 0 0 0 0 2 5 0 1 0 0 0 0 0 0 0 0 0 0 0 0 0 36 0 0 0 0 0 0 0 0 0 0 0 0 0 0 25 0 0 0
283 ACC 7 3 0 18 40 302828 24 27 9 1 23 24 0 9 21 10 13 0 19 2 0 3 0 0 0 2 2 15 8 5 36 18 0 0 0 0 6 14 0 0 3 0 0 0 0 8 7 7 0 1 0 28 5 30 1 24 0 28 0 3 36 1 9 33
284 TCA 0 0 0 0 6 0 17 3 0 5 0 69 0 0 0 0 0 1 0 0 65 0 0 0 0 0 0 0 0 0 0 0 0 0 0 0 2 1 0 3 0 0 0 0 3 0 0 1 4 0 1 0 302178 5 47 28 1 0 0 0 0 0 0 0
285 AAC 7 301573 10 104 18 21 4 15 4 15 13 0 2 0 5 3 1 10 4 0 2 4 0 0 0 1 0 0 2 0 16 2 49 24 15 10 0 9 18 0 4 0 0 6 10 4 0 1 0 8 0 3 6 33 0 2 0 0 0 0 40 0 9 4
286 GCG 17 18 5 0 0 5 73 2 0 11 0 0 5 39 0 7 2 0 20 11 0 0 0 0 0 0 0 0 14 13 0 0 14 0 35 0 65 2 367602 18 7 0 0 0 15 0 66 0 4 0 0 6 2 2 33 0 0 1 7 21 3 22 4 16
287 TCA 12 0 7 0 19 3 2 12 4 0 0 7 3 2 0 5 0 0 0 6 45 1 0 2 0 0 3 2 0 9 0 0 0 1 0 8 0 4 0 0 0 0 4 0 0 0 0 6 11 0 0 8 367923 8 38 8 0 0 0 0 29 2 6 1
288 ATG 0 0 22 6 0 0 7 8 4 3 1 9 86 18 367664 12 0 0 0 9 0 3 0 34 11 0 6 0 0 3 31 0 0 0 8 0 4 0 0 0 0 14 9 0 10 12 8 0 3 28 0 9 5 7 0 0 0 0 0 1 22 8 22 0
289 CAT 3 0 0 8 8 0 3 0 0 2 0 8 0 9 11 5 49 61 0 367746 0 0 0 0 0 0 0 27 4 9 8 8 0 0 0 3 20 0 0 2 5 7 0 0 0 0 11 4 0 7 0 60 1 12 0 3 0 0 0 2 3 7 15 10
290 GAG 0 5 15 0 0 17 6 1 0 0 0 0 10 0 2 0 4 0 2 0 5 19 0 0 0 0 0 0 2 25 0 0 21 5 367526 5 9 4 0 5 14 0 40 0 0 0 11 4 0 24 9 0 12 12 7 14 0 0 0 0 1 0 0 2
291 TGT 0 0 0 0 0 0 0 0 0 0 0 4 0 5 7 0 0 0 2 0 0 0 0 0 0 0 0 5 0 0 0 0 0 0 0 0 0 0 0 0 0 0 0 0 0 0 0 0 0 0 0 54 0 0 0 0 11 73 1 367895 0 0 0 2
292 AAC 2 367418 0 47 2 1 7 0 0 63 0 0 1 12 0 5 0 42 0 0 0 0 0 0 0 0 0 0 2 0 0 1 0 186 3 2 0 0 0 3 0 0 0 0 0 8 0 2 0 8 0 1 25 5 0 28 0 0 0 0 0 7 0 3
293 ACG 0 0 8 0 59 34 367640 34 0 0 5 8 0 0 10 0 0 0 0 0 0 0 4 0 0 0 0 0 0 0 0 0 0 0 0 0 1 1 50 11 0 0 0 5 3 0 0 1 0 0 0 0 5 2 0 3 2 0 0 0 0 0 0 0
294 AAG 48 7 367422 34 7 3 8 0 2 4 26 39 11 15 31 13 5 5 12 2 0 1 8 0 0 0 0 38 52 34 4 10 0 9 51 6 14 5 26 24 0 0 0 0 14 1 0 40 0 0 2 2 0 16 9 53 0 0 0 0 0 18 12 31
295 TGT 0 0 0 5 0 0 0 0 0 0 0 3 1 0 0 0 3 0 0 0 0 3 4 0 0 0 0 5 0 0 0 0 0 0 0 0 0 0 0 0 0 0 0 0 0 0 0 0 0 0 0 23 0 3 0 0 11 116 0 368062 0 0 0 9
296 CAA 11 0 0 0 0 0 0 0 0 0 0 4 0 0 2 6 367865 23 49 1 5 0 0 0 118 0 0 0 3 0 0 0 0 0 1 0 0 0 0 0 0 0 0 0 0 0 0 0 12 0 0 0 0 0 0 0 0 0 0 0 0 0 0 2
297 ACA 8 0 0 0 367706 15 21 5 1 0 0 0 44 0 0 0 0 0 0 0 9 0 0 0 4 0 0 0 0 0 0 0 0 0 0 0 53 0 3 0 0 0 0 0 0 0 0 0 0 0 0 0 6 6 0 15 0 0 0 0 0 0 0 0
298 CCC 0 0 0 0 0 24 0 0 0 0 0 3 0 0 0 0 0 21 0 0 3 368116 6 10 0 0 0 0 0 7 5 0 1 0 0 0 0 2 0 0 0 0 0 0 0 0 7 0 0 0 0 0 0 32 0 0 0 0 0 0 0 0 0 0
299 CAG 3 25 28 47 24 0 15 1 6 1 4 0 9 0 0 23 72 28 367228 130 1 5 42 42 0 6 103 16 0 4 20 14 0 7 0 0 0 0 14 23 0 0 3 0 5 0 0 70 0 3 23 18 0 0 11 12 0 18 20 9 28 6 5 12
300 GGA 0 0 0 0 1 0 3 0 22 0 0 0 0 0 0 0 0 0 0 0 0 0 0 0 1 0 0 0 0 0 0 3 4 0 0 0 0 0 0 0 367453 122 29 5 12 0 0 0 0 0 0 0 0 0 0 0 21 0 0 0 0 0 0 0
301 GCT 0 0 0 0 0 0 0 54 0 0 0 0 0 0 0 0 0 0 0 0 0 0 0 1 0 0 0 0 0 0 0 0 2 0 0 12 5 43 104 367825 0 0 0 4 0 0 0 55 0 0 0 0 7 4 7 37 0 0 0 0 0 0 0 0
302 ATA 0 0 0 0 12 0 0 0 6 0 0 0 367211 32 18 2 0 0 0 0 0 0 0 0 0 0 0 0 8 0 0 10 0 0 0 0 0 0 0 0 0 0 0 0 90 5 0 0 0 0 0 0 0 0 0 0 0 0 0 0 16 6 0 0
303 AAC 10 367611 4 61 0 9 0 0 0 14 10 25 11 0 17 0 0 2 17 1 0 9 8 11 0 7 0 0 4 7 0 8 7 23 2 8 18 12 4 1 0 15 6 9 6 0 13 0 0 0 0 19 0 0 10 0 0 0 0 1 25 0 1 0
304 AGC 0 93 0 0 2 0 0 0 6 367701 7 111 0 4 0 0 0 0 0 0 0 0 0 0 0 0 0 0 0 0 0 0 2 0 0 0 4 0 0 4 0 33 13 2 0 0 0 0 0 0 0 0 22 7 15 0 0 1 0 0 0 0 0 0
305 AAT 7 18 0 367994 0 0 4 0 9 0 11 14 0 0 0 7 0 0 0 3 0 0 0 12 9 0 0 0 0 2 0 0 0 0 0 9 0 0 0 0 2 16 0 0 1 0 5 6 0 0 0 0 0 0 0 4 0 0 0 0 18 0 0 0
306 CTC 5 0 10 0 0 7 2 0 0 0 6 8 3 8 0 0 0 3 0 0 0 49 0 0 6 4 16 22 7 367571 2 72 0 0 0 0 6 0 1 5 0 0 0 0 0 5 0 0 0 0 0 0 10 0 0 0 2 0 3 76 4 51 0 6
307 CCT 9 0 0 0 0 0 0 5 0 0 0 1 0 0 0 0 0 0 0 15 5 156 33 366758 0 0 0 9 0 19 0 13 0 0 0 0 0 0 0 0 0 10 0 0 2 0 0 0 2 0 0 0 0 0 0 34 0 0 0 0 0 0 0 0
308 TTC 0 0 0 0 0 0 0 0 0 0 0 0 0 1 0 0 0 0 0 0 0 0 0 0 0 0 0 0 1 5 0 6 0 0 0 0 0 0 6 0 0 0 0 0 0 2 0 0 0 24 0 0 0 30 0 0 0 0 0 0 11 367911 9 19
309 CAG 0 0 1 0 0 0 0 0 0 0 0 0 0 0 0 0 39 0 367213 14 0 0 5 0 0 0 85 0 0 0 7 0 0 0 3 0 0 0 0 0 0 0 0 0 0 0 0 0 0 0 12 0 0 0 0 0 0 0 0 0 0 0 0 0
310 AAT 0 45 0 368090 0 0 0 7 0 0 0 21 0 0 9 0 5 0 0 10 0 0 0 0 0 0 0 0 0 0 0 0 0 0 0 19 0 0 0 0 0 0 0 0 0 0 0 0 0 0 0 1 0 0 0 3 0 4 0 0 0 0 0 0
311 ATA 0 0 0 0 28 0 0 0 6 0 0 0 367915 0 30 32 0 0 0 0 0 0 0 0 0 0 0 0 4 8 0 0 0 0 0 0 0 0 0 0 0 0 0 0 12 5 6 5 0 0 0 0 0 0 0 0 3 0 0 0 0 0 0 0
312 CAC 0 8 0 2 8 13 0 0 0 0 0 3 0 0 0 0 4 367706 1 93 0 2 0 0 0 13 0 0 0 3 0 0 4 5 0 0 0 0 4 4 17 9 7 12 0 0 0 0 0 66 23 0 6 15 72 3 0 2 0 4 0 4 0 0
313 CCA 8 0 7 0 8 0 0 0 27 0 3 2 0 0 0 0 1 0 0 9 368006 9 26 43 0 0 0 13 21 0 0 0 5 0 2 0 2 0 0 4 0 0 6 0 0 0 0 0 0 0 6 0 10 0 0 0 0 0 0 0 0 0 0 0
314 GTC 0 20 6 0 8 3 0 1 3 2 0 0 0 45 18 8 2 14 18 16 0 0 0 0 0 25 14 18 39 5 10 12 0 0 0 0 0 29 14 0 0 2 7 0 44 366274 14 37 0 0 0 56 19 3 0 0 0 10 8 7 3 50 4 40
315 ACA 3 0 0 0 367683 8 67 9 7 9 0 10 14 0 2 0 4 2 0 6 0 0 2 0 0 0 0 0 0 4 1 11 0 0 0 0 37 27 0 8 19 6 35 22 15 12 9 18 0 4 0 14 24 21 0 0 0 0 2 17 0 9 0 0
316 ATA 11 0 0 0 10 0 0 0 0 0 0 0 367703 13 60 29 0 0 0 0 0 3 0 0 0 0 0 0 9 6 0 5 0 0 0 0 0 0 0 0 0 0 0 0 15 19 5 11 0 0 4 5 5 0 0 0 0 0 0 0 1 0 6 0
317 GGA 0 0 0 5 0 0 0 0 12 0 0 4 3 0 0 0 0 0 0 0 0 0 0 0 0 0 0 0 0 0 0 0 10 0 0 1 0 0 0 0 367396 3 172 16 0 0 0 0 0 0 0 0 0 0 0 0 16 0 0 0 8 0 0 3
318 GAG 0 0 8 17 16 42 20 29 0 4 0 0 7 5 7 17 19 20 35 20 0 8 0 0 18 0 0 4 8 10 5 1 47 4 365220 16 0 1 10 20 4 0 33 10 14 0 18 15 1 0 17 0 38 23 7 24 0 0 0 7 6 2 0 5
319 TGC 0 0 0 0 0 0 0 0 0 6 0 0 0 0 0 0 0 0 0 0 0 3 0 0 0 4 0 0 0 0 0 0 0 0 0 0 2 0 0 0 0 0 0 0 0 0 0 0 4 115 2 0 0 0 0 0 6 366312 4 114 0 16 0 0
320 CCA 0 0 0 0 7 0 0 0 0 0 0 0 0 0 0 0 8 0 0 0 367404 102 71 17 7 0 0 0 43 0 0 0 0 0 0 0 0 0 0 0 0 0 9 0 0 0 0 0 0 0 0 3 23 0 0 0 0 0 0 0 0 0 0 5
321 AAA 367634 0 15 7 40 10 12 23 30 0 16 0 12 0 17 31 0 18 16 11 0 0 0 0 0 0 12 0 14 9 5 17 4 0 0 0 3 0 12 3 0 7 0 0 8 2 2 11 0 0 0 0 0 2 8 11 0 0 0 0 7 0 7 0
322 TAT 0 0 0 0 0 0 0 0 0 0 0 0 0 0 0 0 0 0 0 7 0 0 0 0 0 0 0 0 3 0 0 0 0 3 0 0 0 0 0 0 0 0 0 0 2 0 0 0 9 13 14 362935 0 0 0 0 0 0 5 28 0 64 0 2
323 GTC 0 0 0 0 3 0 0 0 0 0 0 0 8 255 0 0 0 0 0 0 0 6 0 0 0 0 0 0 0 4 0 0 0 6 0 0 0 6 0 0 0 0 0 0 15 358290 5 36 2 0 0 0 0 0 0 0 0 0 0 1 17 1 7 0
324 AGG 0 0 60 0 3 64 2 0 33 3 362676 8 0 0 5 0 0 0 0 14 0 4 0 0 0 11 9 6 20 11 8 14 0 0 0 0 0 12 0 3 0 0 100 0 0 0 0 0 0 6 0 0 3 3 0 0 0 0 0 0 0 0 7 2
325 AGT 0 0 6 36 5 5 0 0 0 41 0 364500 0 0 0 13 0 0 0 0 0 5 0 0 0 0 0 0 8 0 0 0 0 0 0 0 0 7 0 0 0 0 0 39 0 0 0 3 0 0 0 0 12 52 43 3 0 13 0 5 0 0 6 0
326 ACC 2 5 0 5 14 366674 0 32 1 0 0 8 0 23 31 0 2 9 18 5 0 43 0 0 0 0 0 0 13 0 0 0 0 0 0 4 0 40 0 49 3 0 3 0 0 0 15 0 0 7 0 0 6 3 0 0 0 0 0 6 12 0 0 3
327 AAA 367646 4 10 25 7 10 2 0 2 1 8 5 0 0 0 6 19 5 0 6 0 0 0 0 0 0 0 5 0 0 0 0 41 0 0 0 0 0 0 0 0 0 0 0 4 0 0 0 0 0 0 3 0 9 0 0 0 0 0 0 0 0 0 0
328 TTG 0 0 0 0 0 0 0 0 0 0 0 0 6 0 1 0 0 0 0 0 0 0 0 0 0 0 0 0 9 33 50 19 0 0 0 0 0 0 0 0 1 0 6 0 0 0 3 0 0 0 4 0 0 0 5 0 0 0 0 0 19 1 360694 3
329 AGG 0 2 30 0 0 0 0 0 41 0 359993 10 0 0 39 0 0 0 0 0 0 0 0 0 2 4 4 0 0 0 0 0 0 0 0 0 0 0 6 9 0 0 67 0 0 0 4 3 0 0 4 0 0 6 1 5 0 0 7 0 0 0 0 0
330 ATG 0 0 3 3 3 0 1 0 0 0 0 0 24 0 361033 6 0 0 0 0 0 0 0 0 0 0 0 0 24 0 0 3 0 0 0 0 0 0 0 0 7 0 0 0 0 0 24 0 7 0 0 0 0 0 0 0 0 0 0 0 0 4 7 0
331 GTT 0 0 0 0 0 0 0 0 0 0 0 0 0 0 0 33 0 0 0 0 0 0 0 0 0 0 0 0 0 0 0 0 0 0 0 0 4 2 0 10 0 0 0 13 24 16 0 362341 0 0 0 0 0 0 0 0 0 7 0 3 0 0 0 0
332 ACA 11 0 0 0 364798 46 200 30 0 0 7 0 59 0 0 0 0 0 0 0 0 0 0 0 0 0 0 0 0 0 0 0 0 0 0 0 17 0 0 0 0 0 0 0 0 0 0 0 7 0 0 0 1 0 0 0 0 0 0 0 0 0 0 0
333 GGA 0 0 0 0 0 0 0 6 16 0 0 0 0 0 0 0 0 0 0 0 0 0 0 0 0 0 0 0 0 0 0 0 53 2 0 0 1 0 0 0 361689 13 42 10 11 0 0 0 0 0 0 0 0 0 0 0 41 0 0 0 0 0 0 0
334 CTA 0 6 6 0 1 0 0 0 0 0 0 0 5 0 0 0 0 0 0 0 19 0 7 4 0 0 0 0 364892 4 18 7 0 0 0 0 0 0 0 0 0 0 0 0 14 0 5 17 0 0 0 0 0 0 2 0 0 0 4 0 19 0 9 0
335 AGA 45 0 0 0 1 0 0 0 365200 3 48 0 2 0 0 0 0 0 0 0 0 0 0 0 6 0 0 7 0 0 0 0 0 0 0 0 0 0 0 0 19 0 5 0 0 0 0 0 0 0 0 0 0 1 0 0 6 0 0 0 0 2 0 0
336 AAC 6 343355 6 91 0 11 0 0 0 14 3 0 0 3 0 0 0 0 0 0 0 2 0 2 0 0 0 0 0 0 0 0 0 6 0 0 0 0 0 0 0 0 0 0 0 0 0 0 0 0 0 0 0 0 0 0 0 0 0 0 0 0 0 0
337 ATC 0 18 39 0 0 41 10 0 0 25 27 5 6 350253 0 44 24 8 0 0 0 0 2 0 29 0 48 13 0 12 21 9 0 21 0 4 0 0 4 2 0 0 10 0 10 25 17 0 2 10 0 0 36 3 0 3 0 6 0 0 0 10 19 8
338 CCA 0 0 1 1 4 0 0 0 0 0 0 0 0 0 0 0 27 0 0 0 343833 10 9 19 0 0 12 0 14 0 0 2 6 0 0 0 14 9 6 0 0 0 4 0 0 0 0 0 0 0 1 4 24 0 0 0 0 0 0 3 0 0 0 0
339 TCC 10 0 0 2 2 32 1 0 0 4 6 15 26 7 0 0 0 5 0 2 7 15 15 1 0 0 0 5 0 0 0 0 2 0 0 0 19 18 17 0 0 0 2 29 3 0 0 8 0 5 0 0 35 337316 3 33 0 0 0 1 0 19 1 0
340 ATT 0 0 33 4 2 0 0 16 18 0 6 3 22 55 19 348491 0 0 15 0 0 0 0 0 7 0 7 0 0 0 5 15 0 0 0 0 0 0 0 0 0 0 0 0 0 5 0 29 0 0 0 7 2 0 0 0 0 0 0 0 0 0 8 5
341 CAA 13 0 0 0 3 0 0 2 0 0 0 0 0 3 2 0 343942 4 23 1 0 2 0 0 21 0 0 0 2 0 0 0 8 0 0 0 0 0 11 0 0 0 0 0 0 0 0 0 8 0 0 0 5 0 0 0 0 0 0 0 0 0 0 0
342 TAC 1 0 0 0 0 0 3 13 0 0 0 0 0 0 0 0 0 7 0 0 0 0 0 0 4 0 0 0 0 0 0 0 0 0 0 0 0 0 0 0 0 0 0 0 0 0 0 1 10 328504 1 25 0 0 0 0 0 41 14 0 0 1 0 5
343 AGA 53 0 22 0 2 0 0 0 355814 1 185 4 13 0 0 0 0 0 17 0 0 0 0 0 5 15 16 0 0 0 0 0 0 0 5 0 0 0 0 0 46 0 2 0 0 0 0 0 0 0 0 0 0 0 0 0 7 0 0 0 0 0 0 0
344 GGT 0 0 0 0 0 0 0 0 3 0 18 15 0 0 0 0 0 0 0 0 0 0 0 0 0 0 0 0 0 0 0 0 0 0 0 23 0 0 15 0 23 4 4 359554 0 2 0 5 0 0 0 0 0 0 0 0 0 0 0 17 0 0 0 0
345 CTA 0 0 0 0 0 0 0 0 0 0 0 0 31 0 10 0 6 0 0 4 30 0 0 0 0 0 0 0 336248 3 8 0 0 0 0 0 0 0 0 0 0 0 0 0 8 0 2 22 0 4 0 5 0 0 0 12 0 0 0 0 54 0 0 0
346 TTT 0 0 0 1 0 0 0 0 0 0 3 0 0 0 0 27 0 0 0 17 0 0 0 0 0 0 0 0 0 0 11 5 0 0 0 0 0 5 0 0 0 0 0 0 2 0 0 7 0 0 0 5 0 0 3 0 0 0 0 0 27 32 9 364079
347 GGA 4 0 0 5 5 0 0 0 20 0 23 0 0 0 0 0 8 0 18 2 0 0 0 0 0 5 7 0 15 17 0 11 19 0 3 0 7 1 0 0 359723 48 94 99 4 0 0 0 0 6 4 5 4 0 0 2 5 0 1 4 0 0 0 0
348 GCC 0 0 0 0 0 12 0 0 0 0 0 0 0 0 0 0 0 0 0 0 0 0 0 0 0 0 0 0 0 0 0 0 0 7 0 0 18 318635 7 16 0 11 0 0 0 48 0 0 0 0 0 0 0 11 0 0 0 0 0 0 0 0 0 0
349 ATT 0 0 0 0 0 0 0 14 0 0 0 0 57 24 3 364343 0 0 0 0 0 0 0 0 0 0 0 0 0 0 0 2 0 0 0 0 0 0 0 0 0 0 0 0 4 0 30 5 0 0 0 0 0 0 0 0 0 0 0 0 0 0 0 0
350 GCT 0 0 0 0 0 1 0 98 0 3 0 0 0 0 0 3 0 0 0 1 0 0 0 0 0 0 0 0 0 0 0 0 0 0 0 13 54 74 68 366633 0 3 0 1 0 0 0 19 0 0 1 0 6 22 1 13 0 0 0 0 0 4 0 0
351 GGT 0 0 0 0 0 3 7 0 0 0 0 25 0 0 0 0 0 0 0 0 0 0 0 0 0 0 0 0 0 0 0 0 0 0 0 13 0 0 0 0 24 10 37 367196 0 0 0 2 0 0 0 0 0 0 0 0 0 0 0 3 0 0 0 0
352 TTT 0 0 0 0 0 0 0 0 0 0 0 0 0 0 0 5 0 0 0 0 0 0 0 0 0 0 0 0 0 0 0 11 0 0 0 0 0 0 4 0 5 0 0 0 0 0 0 0 1 2 0 0 0 0 0 3 3 0 6 0 0 58 0 365102
353 ATT 0 0 0 6 0 0 0 5 0 0 0 1 46 42 5 366535 0 0 0 7 0 0 0 0 0 0 0 0 32 4 3 27 0 0 0 0 0 0 0 6 0 0 6 0 0 35 24 44 0 0 0 0 0 0 0 0 0 0 1 0 2 1 4 8
354 GAG 5 2 31 0 0 0 0 5 0 0 0 0 0 0 0 0 0 0 4 0 0 0 0 0 0 8 0 0 0 8 0 0 134 0 367303 28 0 0 7 0 0 0 39 0 0 0 12 0 0 0 4 10 0 0 0 0 0 3 0 0 1 0 0 0
355 GGG 0 3 0 0 0 1 0 0 0 0 10 0 0 0 0 0 0 0 1 0 0 0 0 0 0 0 5 0 0 0 0 0 0 0 21 0 0 0 0 0 61 26 367560 44 0 0 3 0 0 0 0 0 0 0 0 0 0 0 5 0 0 0 0 0
356 GGA 0 0 0 0 0 0 0 0 40 0 0 0 0 0 0 0 0 0 0 0 0 0 0 0 0 0 0 0 0 0 0 0 38 0 4 0 0 0 0 0 365998 10 790 25 10 0 0 0 0 0 0 0 0 3 4 0 5 0 0 0 0 0 0 0
357 TGG 0 0 0 0 0 0 0 0 0 0 1 0 0 0 7 0 0 0 0 0 0 0 0 0 0 0 20 0 2 0 0 0 0 0 0 0 0 0 0 0 0 0 2 0 0 0 0 0 0 0 50 0 0 0 0 0 40 0 367379 8 0 0 7 0
358 ACT 2 5 0 14 5 93 4 357238 3 6 0 19 8 36 0 15 2 13 6 9 22 23 7 14 0 0 0 0 19 9 8 85 4 22 0 9 8 0 0 18 0 0 0 0 4 6 0 19 0 3 0 3 6 39 0 26 0 10 0 4 0 0 0 2
359 GGA 0 0 0 0 0 9 0 0 56 6 0 3 0 0 6 0 8 0 8 0 0 0 0 0 4 2 0 0 3 2 0 0 21 0 8 0 5 23 0 0 366430 1 39 10 6 0 0 0 0 0 4 0 0 0 4 0 8 4 8 0 0 0 0 0
360 ATG 0 0 5 0 0 0 4 0 0 0 3 0 16 1 366105 8 0 0 0 0 0 0 0 0 0 0 0 0 28 87 21 34 0 0 0 0 0 0 0 8 0 0 0 0 0 0 34 0 0 0 9 0 0 0 0 0 0 0 1 0 26 0 23 0
361 ATA 213 0 59 0 15 0 0 7 21 0 6 11 366210 33 82 32 14 0 5 3 0 0 0 0 0 13 2 7 40 20 15 2 1 6 3 0 5 0 0 0 0 0 0 0 48 5 47 43 7 0 8 9 0 2 0 3 0 7 5 1 3 0 4 1
362 GAT 0 0 0 16 0 0 0 0 0 0 0 0 0 0 0 0 0 0 0 0 0 0 0 0 0 0 0 0 0 0 2 0 15 9 0 367275 0 0 0 4 0 0 0 12 0 0 0 3 1 0 0 5 5 0 0 0 0 0 0 0 0 0 8 0
363 GGA 0 0 0 0 0 0 0 0 15 0 0 0 0 0 0 0 0 0 0 0 0 0 0 4 1 0 0 0 0 0 0 0 18 0 0 0 0 0 0 0 367249 63 90 31 0 0 0 2 0 0 0 0 0 0 0 0 15 0 0 0 0 0 0 0
364 TGG 0 0 0 0 0 0 0 0 0 0 9 0 0 0 0 10 0 0 0 0 0 3 0 0 0 0 6 0 0 3 0 0 0 0 0 0 0 0 0 0 0 0 11 0 0 0 1 0 4 0 44 8 0 0 0 0 20 0 365710 2 0 0 12 0
365 TAT 0 0 0 4 0 0 0 0 0 0 0 0 0 0 0 0 0 0 0 36 1 0 0 0 0 0 0 0 0 0 0 0 0 0 0 6 0 0 0 0 0 0 0 0 0 0 0 0 0 44 0 367078 0 2 0 0 0 0 0 14 0 0 0 17
366 GGT 0 0 5 0 0 0 0 0 0 0 0 10 0 0 0 0 0 0 0 0 0 0 0 0 0 0 0 5 0 0 0 0 0 0 0 17 0 0 0 0 23 38 12 367603 0 0 0 3 0 0 0 0 0 0 0 0 0 0 0 4 0 0 0 0
367 TAT 0 0 0 9 0 0 0 0 0 0 0 0 0 0 0 0 0 0 0 31 0 0 0 0 0 0 0 0 0 0 0 0 0 0 0 0 0 0 0 0 0 0 0 0 0 0 0 0 0 18 0 366670 0 0 0 1 0 0 0 16 0 0 0 7
368 CAT 0 0 0 1 0 0 0 0 0 0 19 0 0 0 3 0 4 29 7 366725 0 0 0 4 0 0 6 14 1 0 0 4 0 0 0 1 0 0 4 4 0 0 0 0 0 0 0 0 0 0 0 32 0 0 0 0 0 0 13 0 17 7 0 3
369 CAT 4 0 0 4 0 0 0 0 0 0 0 0 20 2 13 0 7 98 33 367308 0 0 0 11 0 0 0 2 0 0 0 5 0 0 0 0 0 0 0 0 0 0 0 0 0 0 9 28 0 0 0 19 0 9 0 0 0 0 0 0 0 31 0 0
370 CAG 0 1 4 10 7 0 2 7 0 0 0 0 15 0 0 9 24 1 366754 28 0 0 4 0 4 0 83 6 0 14 14 0 17 0 16 27 5 4 4 0 0 0 0 0 0 2 9 18 0 0 30 3 7 16 20 16 0 9 18 30 5 6 8 0
371 AAT 1 24 2 367894 0 0 0 3 0 0 0 18 0 0 0 3 0 0 0 1 0 0 0 0 0 0 0 0 0 0 0 0 0 0 0 30 0 0 0 0 0 0 0 0 0 0 0 0 0 0 0 4 0 0 0 0 0 0 0 0 8 0 0 0
372 GAA 18 0 0 1 8 0 0 0 0 0 0 0 0 0 8 0 0 0 0 0 0 0 0 0 0 0 0 0 0 0 11 0 367840 5 19 8 10 18 3 0 45 4 0 3 0 0 0 0 6 0 0 0 0 14 2 9 0 0 0 7 0 0 8 0
373 CAG 0 4 10 0 0 0 0 0 5 0 0 0 0 0 0 0 39 0 367253 28 0 0 7 0 0 0 110 0 9 0 19 0 0 0 92 0 0 0 4 10 0 0 0 1 0 0 3 0 0 8 53 0 0 0 0 0 0 0 0 0 3 5 0 29
374 GGA 0 0 0 0 0 0 0 0 26 0 0 0 0 0 0 0 0 0 0 0 0 6 0 0 0 0 0 0 0 0 0 0 15 0 0 0 0 0 0 0 367850 30 52 32 1 0 0 0 0 0 0 0 0 0 0 0 10 0 0 0 0 0 0 0
375 TCA 0 0 0 0 29 0 0 8 0 3 1 23 6 0 2 0 3 0 0 0 9 0 0 0 3 0 18 0 0 0 0 0 0 2 14 4 13 0 9 4 0 1 0 0 0 16 6 0 32 8 1 8 367232 9 217 47 0 20 0 6 50 0 0 3
376 GGC 0 0 0 0 3 3 0 0 7 41 4 0 0 0 0 0 0 0 0 0 0 0 0 0 0 3 0 0 6 2 4 0 0 34 11 5 0 29 4 11 36 367529 22 87 5 12 5 0 0 0 0 9 6 7 2 4 0 24 0 0 0 0 0 0
377 TAT 0 0 0 0 0 0 0 0 0 2 0 0 0 7 0 0 0 0 0 33 0 0 0 0 0 0 0 0 0 0 0 0 0 0 0 1 0 0 5 0 0 0 0 1 0 0 0 0 0 23 0 367771 0 0 0 0 0 0 0 6 0 0 0 12
378 GCA 0 0 0 0 57 0 6 0 0 22 0 12 0 0 1 0 0 0 0 0 0 0 0 0 0 0 0 0 0 0 0 0 5 0 0 0 367004 10 67 24 3 0 0 0 188 4 11 17 0 4 0 0 31 5 25 3 0 24 0 25 2 4 0 3
379 GCG 0 0 0 0 0 0 21 0 0 0 0 0 0 0 0 0 0 0 0 0 0 0 0 0 0 10 0 0 0 0 0 0 0 0 8 0 226 27 367444 7 1 0 5 0 0 0 105 0 0 0 0 0 0 0 21 0 0 0 0 0 0 0 0 0
380 GAT 0 0 0 36 0 0 0 0 0 0 0 0 0 0 0 0 0 0 0 1 0 0 0 0 0 0 0 0 0 3 0 0 0 28 3 367712 0 0 0 5 0 0 0 30 0 0 0 7 0 0 0 4 0 0 0 0 0 0 0 0 0 0 0 0
381 CAA 55 0 2 0 0 9 6 23 14 3 0 0 27 20 0 17 376096 15 10 4 0 0 0 0 37 3 5 6 44 10 4 11 23 0 0 0 0 18 19 11 0 0 4 0 4 4 0 34 10 6 0 5 5 0 0 0 0 0 0 13 10 6 31 15
382 AAA 376234 11 69 0 7 9 0 3 56 0 27 3 15 0 9 0 2 0 10 13 8 3 3 9 0 0 5 23 9 14 2 0 18 4 0 15 3 21 5 7 14 6 0 36 9 29 7 15 1 10 0 0 0 8 2 15 0 0 9 9 2 12 2 6
383 AGC 0 70 1 0 0 9 0 0 5 375984 0 136 0 11 0 0 0 0 0 0 0 0 0 0 0 9 0 0 0 0 0 0 3 0 0 0 20 10 4 2 0 93 1 0 0 0 0 0 0 0 0 0 0 2 14 0 0 54 0 2 0 0 0 0
384 ACA 6 0 0 0 376495 33 33 19 6 0 0 0 5 0 0 0 0 5 0 0 0 0 0 1 0 0 0 3 0 0 0 0 0 0 0 0 10 0 0 0 0 2 0 0 0 0 0 0 0 0 0 0 0 0 7 3 0 15 0 0 0 0 0 0
385 CAA 5 0 0 8 0 0 0 0 0 6 8 0 0 0 0 0 376519 0 33 3 8 0 0 0 10 4 0 5 1 0 0 0 11 1 8 4 0 4 0 8 1 0 0 0 5 0 0 0 17 0 0 0 2 0 0 0 0 0 4 0 0 0 0 0
386 AAT 2 2 16 375626 29 0 5 8 26 8 25 37 0 4 50 26 35 10 7 13 0 0 0 0 24 2 5 0 3 0 0 0 0 4 22 44 25 16 13 0 21 0 2 0 26 4 0 2 0 0 0 9 12 0 5 37 0 0 0 0 73 0 9 0
387 GCC 0 0 0 0 0 38 0 0 0 0 0 0 0 0 0 0 0 0 0 0 0 0 0 0 0 0 0 0 0 0 0 0 0 4 0 0 35 375552 14 11 0 4 0 0 0 76 0 0 0 0 0 0 0 1 0 0 0 0 0 0 0 0 0 0
388 ATT 0 0 0 0 0 0 0 9 0 0 0 0 0 21 0 376575 0 0 0 0 0 0 0 0 0 0 0 0 16 2 8 1 0 0 0 0 0 0 4 0 0 0 0 0 2 10 43 27 0 0 0 0 0 0 0 0 0 0 0 0 7 6 4 13
389 AAC 15 375644 1 101 11 1 4 4 0 9 9 3 21 8 0 0 3 0 0 6 0 0 0 0 6 47 17 14 11 0 0 0 19 36 0 22 0 0 3 5 0 0 0 0 0 0 0 0 0 4 0 0 18 3 0 2 0 0 0 0 6 0 0 2
390 GGG 23 0 11 0 0 0 44 23 37 20 129 5 21 61 41 8 0 6 17 7 0 0 0 0 46 22 6 14 12 12 43 12 8 0 25 0 1 5 34 40 76 11 375210 11 0 17 26 12 0 0 0 0 7 106 94 1 0 2 57 2 50 0 32 17
391 ATT 0 0 0 4 0 0 0 0 0 0 0 2 60 20 8 375844 0 0 0 0 0 0 0 0 0 0 0 0 0 0 5 8 0 0 0 0 0 0 0 0 0 0 0 0 4 8 2 79 0 0 0 0 0 0 0 0 0 0 0 0 2 0 0 3
392 ACA 11 6 10 9 375591 15 61 26 8 0 1 22 45 0 0 0 0 0 1 21 0 0 0 0 3 6 12 40 2 0 0 4 8 0 10 0 65 0 0 0 0 0 9 2 5 5 0 0 0 0 0 10 9 7 0 0 0 0 0 0 0 0 0 0
393 AAC 4 376513 1 19 1 35 0 1 6 13 3 0 0 4 0 0 0 0 11 4 0 0 0 0 3 0 14 0 1 0 1 0 0 19 0 0 9 2 0 3 0 0 0 0 0 2 0 3 0 2 0 0 0 0 0 0 0 0 4 0 0 0 5 0
394 AAG 22 0 376538 40 0 0 1 0 0 8 14 0 0 0 3 0 0 0 1 0 0 0 0 0 0 0 0 14 0 0 0 0 0 0 15 0 0 0 0 0 0 0 0 0 0 0 0 0 0 0 0 3 0 0 2 0 0 0 0 0 0 0 0 0
395 GTG 0 0 0 0 0 0 0 0 0 0 0 0 0 7 14 52 0 0 0 0 0 0 0 0 0 0 0 0 1 2 3 4 0 0 6 0 0 0 2 0 0 0 0 0 53 8 376046 77 0 0 0 4 1 0 0 0 2 0 0 0 11 0 5 6
396 AAC 8 376506 0 47 0 4 0 0 0 5 0 6 0 0 0 0 0 0 0 0 0 0 0 0 0 0 0 0 0 1 0 0 0 22 0 0 0 0 0 0 0 0 0 0 0 0 0 0 0 0 0 0 0 0 0 6 0 0 2 0 0 0 0 0
397 TCT 10 8 0 4 0 0 0 1 0 0 0 3 2 0 3 0 21 0 0 0 0 0 0 7 0 0 0 0 0 0 0 0 0 0 0 0 0 0 3 2 4 4 0 1 0 0 3 0 0 0 0 3 1 74 11 376360 0 0 0 0 0 0 0 13
398 GTT 0 0 0 0 0 0 0 0 0 0 0 0 0 0 0 73 0 0 0 0 0 0 0 0 0 0 0 0 0 4 0 10 0 0 0 1 0 0 0 7 0 0 0 2 18 19 10 375367 0 0 0 3 0 3 0 0 0 0 0 6 4 0 10 3
399 ATC 0 0 0 0 0 2 0 0 0 0 9 0 15 376351 5 149 0 0 2 0 0 0 0 0 0 0 0 3 6 24 0 4 0 0 0 0 0 0 0 0 0 0 0 0 3 8 4 9 2 0 0 0 0 0 0 0 0 0 0 0 22 0 2 0
400 GAG 0 0 51 0 0 5 4 0 0 0 0 0 0 0 0 0 0 0 44 0 0 0 0 0 2 9 0 0 0 0 0 0 47 10 375727 24 0 0 16 0 2 10 31 5 3 0 5 0 0 0 10 0 3 0 33 0 0 0 10 0 0 0 0 0
401 AAA 376271 3 35 6 4 0 0 0 4 11 0 0 9 0 1 0 0 0 0 0 0 0 0 0 0 0 19 4 0 0 2 0 9 0 0 0 7 7 0 20 0 0 0 0 0 14 0 4 0 0 0 0 0 1 0 0 0 0 0 0 0 0 0 0
402 ATG 0 0 8 0 0 0 2 0 0 0 0 0 30 0 376269 39 0 0 0 0 0 0 0 0 0 0 0 0 2 1 0 8 0 0 0 0 0 2 0 0 0 3 0 0 0 5 34 0 0 0 0 0 0 0 0 0 0 8 3 0 4 0 4 0
403 AAC 5 374376 1 91 6 11 0 5 4 43 6 0 7 9 0 0 6 0 0 0 0 0 0 0 0 0 0 5 0 0 0 0 0 38 4 0 0 12 0 0 0 0 10 4 0 0 0 0 0 13 0 0 11 10 0 0 0 0 0 0 0 13 0 7
404 ACT 8 18 0 9 30 65 19 375209 0 11 62 1 7 4 0 9 25 0 0 8 0 0 4 0 0 0 19 0 11 9 40 42 0 0 0 0 7 5 14 33 7 0 16 51 1 7 12 1 0 0 0 4 0 13 13 2 0 0 0 5 13 95 13 0
405 CAA 7 0 6 0 0 0 0 0 29 0 4 0 0 0 3 0 375964 7 45 20 2 0 0 0 87 13 3 0 0 0 0 0 18 0 0 5 9 0 19 0 20 7 34 14 2 3 0 9 12 0 0 0 0 0 0 0 0 8 0 15 0 0 0 0
406 TTC 0 0 0 0 0 0 0 0 0 0 0 10 0 12 0 0 0 0 0 1 0 0 0 0 0 3 0 9 7 25 2 4 0 0 0 0 5 0 0 0 7 7 3 0 7 21 0 0 4 0 0 2 0 9 0 0 0 0 6 0 14 373038 0 38
407 ACA 1 0 9 0 375734 26 137 30 0 0 0 5 66 0 0 0 0 0 7 13 0 0 0 3 3 0 0 13 0 3 3 0 0 0 4 0 18 0 9 0 0 0 7 0 9 0 8 0 0 4 0 0 0 0 5 1 0 0 0 0 0 0 0 0
408 GCT 0 0 6 0 17 0 15 46 0 2 2 3 0 0 0 0 6 3 0 4 0 0 0 2 28 0 20 7 1 6 10 18 0 11 1 40 8 35 20 373331 1 8 2 1 1 13 0 17 0 0 0 0 12 0 11 5 0 4 2 2 0 0 11 5
409 GTG 0 2 0 0 22 0 0 0 0 3 2 4 0 5 37 0 0 0 0 4 0 0 0 0 0 0 0 0 0 5 0 11 0 0 0 2 0 13 37 17 0 0 4 14 37 1 372852 27 1 0 2 0 3 2 0 0 0 31 0 5 16 0 8 3
410 GGT 0 1 0 0 5 0 8 0 0 0 2 25 0 0 0 0 1 0 0 3 0 2 7 0 22 0 21 8 0 0 15 0 0 7 0 93 7 11 8 1 13 41 46 374519 6 0 32 16 0 0 0 12 0 3 0 0 0 0 0 4 8 0 0 0
411 AAA 376228 19 82 4 15 1 3 92 21 7 0 0 11 0 0 0 19 0 15 11 0 5 0 0 0 0 0 0 3 0 0 0 30 0 0 0 3 3 0 2 6 47 13 0 0 0 0 0 5 0 0 0 3 3 0 4 0 0 0 0 1 0 0 0
412 GAA 17 10 7 0 67 100 2 0 4 0 20 11 0 27 0 4 9 7 2 4 0 0 0 0 7 14 23 8 0 11 1 0 374933 19 22 5 10 15 16 2 11 14 18 10 1 31 9 10 26 0 0 0 0 8 0 0 0 15 3 1 3 10 0 9
413 TTC 0 0 0 0 0 0 0 0 0 0 0 0 0 4 0 0 0 0 0 0 3 0 0 0 0 0 0 0 0 5 0 0 0 0 0 0 0 0 0 0 0 0 0 0 0 5 0 0 0 3 0 2 0 13 0 0 0 0 46 1 3 374165 0 45
414 AAC 31 375994 6 54 0 28 3 0 1 88 0 15 0 0 0 0 0 5 0 0 0 0 0 0 0 0 0 0 0 0 0 0 0 42 0 0 3 20 7 1 83 5 10 14 0 0 1 0 0 0 0 0 13 86 0 47 0 0 0 0 0 0 0 0
415 AAC 33 375881 0 16 17 12 0 7 0 39 1 5 24 27 3 24 13 8 27 0 4 0 0 4 8 0 2 0 41 19 7 8 7 6 26 0 10 2 0 0 4 53 0 12 6 4 17 9 0 17 0 22 28 26 9 12 0 0 5 0 27 9 5 17
416 TTA 1 0 0 0 0 0 0 0 0 0 0 0 0 0 0 1 0 0 13 0 0 0 0 0 0 31 0 0 13 22 8 48 0 0 0 0 0 0 0 0 0 0 0 0 3 0 2 0 0 13 0 27 18 0 0 0 0 0 0 0 374369 48 40 24
417 GAA 11 0 0 0 0 0 0 0 0 0 0 0 0 0 0 0 0 0 0 0 0 0 0 0 0 0 0 0 0 0 0 0 376137 1 33 0 0 0 0 0 16 0 0 0 2 0 0 0 0 2 0 0 0 0 0 1 0 0 0 0 0 0 0 0
418 AAA 376771 6 54 7 0 0 0 0 37 2 8 0 0 0 0 0 0 0 0 0 0 0 1 0 0 0 1 25 5 0 0 0 5 0 0 0 3 0 0 0 0 0 0 0 0 0 0 0 0 0 0 0 0 0 0 0 3 0 0 0 0 1 0 0
419 AGG 0 0 73 0 0 0 0 0 19 1 366462 8 0 0 55 0 0 0 0 0 0 0 0 0 0 0 12 0 0 0 0 0 0 0 0 0 0 0 0 0 0 0 312 0 0 0 0 0 0 0 0 0 0 0 0 0 0 0 11 0 0 0 0 0
420 ATG 0 0 0 0 0 0 1 0 0 0 0 0 38 0 368982 13 0 0 0 0 0 0 0 0 0 0 0 0 13 0 8 0 0 0 0 0 0 0 0 0 0 0 0 0 0 0 8 0 0 0 0 0 0 0 0 0 0 0 0 0 0 1 5 4
421 GAA 28 0 0 0 0 0 0 0 3 1 0 0 0 0 5 0 0 0 0 0 0 0 0 0 0 0 0 0 0 0 0 0 371888 7 9 6 4 0 0 0 52 0 0 0 8 0 0 0 0 0 0 0 2 0 0 4 0 0 0 0 0 0 0 0
422 AAT 0 11 3 371051 0 0 0 1 0 0 0 24 0 0 0 3 0 0 0 7 0 0 0 0 0 0 0 0 0 0 0 0 0 0 0 2 0 0 0 0 0 0 0 0 0 0 0 0 0 0 0 4 0 0 0 0 0 0 0 0 0 0 0 0
423 TTA 0 0 0 0 0 0 0 0 0 0 0 0 0 1 0 0 0 0 0 0 0 0 0 0 0 0 0 0 17 0 0 0 0 0 0 0 0 0 0 0 0 0 0 0 9 0 0 0 11 2 0 0 10 0 0 0 0 0 0 0 354933 0 31 4
424 AAT 1 12 0 374251 0 0 0 0 0 0 0 3 1 0 0 0 0 0 0 11 0 0 0 5 0 0 0 0 0 0 0 0 0 0 0 23 0 0 11 8 0 0 6 0 0 0 0 0 0 0 0 3 0 0 0 0 0 0 0 0 0 0 0 0
425 AAA 375952 12 19 11 0 2 0 0 18 0 3 3 3 0 0 0 2 7 3 14 0 0 0 0 0 27 1 0 0 0 0 0 11 0 0 0 0 0 0 16 0 0 0 0 0 52 0 0 10 0 0 0 1 0 0 0 0 0 0 0 0 0 0 0
426 AAA 376088 5 398 2 1 0 0 0 20 0 0 10 0 0 0 0 0 0 0 0 0 0 0 0 0 0 0 0 0 0 0 0 4 0 0 0 0 0 0 0 0 0 0 0 0 0 0 0 6 0 0 0 0 0 0 0 0 0 0 0 0 0 0 0
427 GTT 6 0 1 0 0 0 0 0 0 0 0 122 1 0 12 23 0 0 0 0 0 0 0 0 0 0 0 0 0 0 0 4 0 0 0 4 0 0 0 13 0 0 0 5 28 8 6 280357 0 0 0 0 0 0 0 0 10 0 0 0 0 0 242 3
428 GAT 0 0 0 24 0 0 0 0 0 0 0 6 0 0 260 0 0 0 0 1 0 0 0 4 0 0 0 0 0 0 0 1 12 15 7 365814 0 0 0 0 0 0 0 22 0 5 0 12 0 0 0 1 0 0 0 0 150 0 0 0 0 0 1 0
429 GAT 0 0 0 20 0 0 3 1 3 0 0 0 0 0 263 0 0 4 0 0 0 0 1 0 0 0 0 0 0 0 0 0 3 4 9 365096 0 3 0 5 0 0 0 46 0 0 0 0 0 0 0 3 2 0 4 0 135 0 10 0 0 0 0 0
430 GGG 0 0 0 0 0 0 0 0 0 0 10 0 0 0 0 0 0 0 0 0 0 0 0 0 0 0 2 0 0 0 4 0 0 0 23 0 0 0 0 0 76 0 310579 23 0 0 4 0 0 1 0 0 0 0 0 0 0 0 15 0 0 0 0 0
431 TTT 0 0 0 0 0 0 0 0 0 0 0 0 0 0 0 8 0 0 0 0 0 0 0 0 0 0 0 0 0 0 1 7 0 0 0 0 0 0 0 0 0 0 0 0 0 0 0 14 0 0 1 0 0 0 0 2 0 0 0 0 23 20 3 331698
432 CTG 0 6 0 4 12 2 3 0 2 0 0 0 0 2 14 0 0 0 21 0 0 0 52 0 0 0 3 0 20 0 338003 11 0 0 0 0 0 0 0 0 0 0 4 0 0 0 8 11 0 2 0 0 0 0 0 0 0 0 3 0 0 6 22 5
433 GAC 0 46 0 0 0 0 0 0 0 4 0 1 0 0 0 0 0 8 9 3 0 0 0 0 0 0 0 0 0 0 0 3 16 350274 20 49 0 3 0 0 5 32 0 9 0 0 0 0 0 1 0 0 0 2 3 5 0 0 0 0 0 0 0 0
434 ATT 0 0 0 0 0 0 0 5 0 0 0 0 3 18 0 354268 0 0 0 0 0 0 0 0 0 0 0 0 22 7 0 15 0 0 0 0 0 0 0 0 0 0 0 0 5 0 3 16 0 0 0 0 0 0 0 0 0 0 4 0 0 0 0 0
435 TGG 0 0 2 0 0 0 0 0 0 0 4 0 0 0 0 0 0 0 0 0 0 0 0 2 0 0 18 0 0 0 0 0 0 0 0 0 0 0 0 0 0 0 0 0 0 0 0 0 0 0 11 0 0 0 0 0 16 0 313196 5 0 0 6 0
436 ACA 7 0 0 0 359641 13 19 10 3 0 0 0 15 0 0 0 0 0 0 0 0 0 0 0 0 0 0 0 0 0 0 0 0 0 0 0 42 0 1 0 0 0 0 0 0 0 0 0 0 0 0 0 0 0 14 0 0 0 0 0 0 0 0 0
437 TAT 0 0 0 0 0 0 0 0 0 0 0 0 0 0 0 0 0 0 0 27 0 0 0 0 0 0 0 0 0 0 0 0 0 0 0 0 3 9 0 0 0 0 0 5 0 0 0 0 13 19 4 360730 0 0 0 0 0 0 4 35 0 3 0 0
438 AAT 0 22 0 367171 0 0 3 7 0 0 0 14 0 2 0 1 0 1 1 7 0 0 0 0 0 0 0 0 0 2 0 0 9 0 0 29 0 0 0 0 0 0 0 0 4 0 0 0 0 0 4 7 0 0 0 7 0 0 0 0 11 0 0 0
439 GCA 0 0 0 0 50 0 0 0 0 0 0 0 0 0 0 1 0 0 0 0 0 0 0 0 0 0 0 0 0 0 0 0 8 0 0 0 361097 22 61 35 1 0 0 0 48 0 0 0 0 0 0 0 6 12 0 6 0 0 0 0 0 0 0 0
440 GAA 15 0 0 0 0 0 0 0 0 0 0 0 0 0 0 0 0 0 0 0 0 0 0 0 0 0 0 0 0 0 0 0 373613 0 38 5 5 0 0 0 5 0 0 0 0 0 0 0 10 0 0 0 0 0 0 0 0 0 0 0 0 0 0 0
441 TTG 0 0 0 0 0 0 0 0 0 0 0 0 32 0 6 0 0 0 0 0 0 0 0 0 0 0 0 0 0 0 16 0 0 0 0 0 0 0 0 0 0 0 0 0 0 0 0 5 1 2 0 0 0 0 7 0 0 0 0 0 32 11 373384 20
442 TTA 0 0 0 0 0 11 0 0 0 0 0 0 0 0 0 10 0 0 0 0 0 0 0 0 4 0 0 0 5 0 8 4 0 0 0 0 0 0 0 0 0 0 0 0 4 0 0 0 2 0 0 0 2 0 0 4 0 0 0 0 375080 10 36 15
443 GTT 0 0 0 0 0 0 0 8 0 0 0 0 0 0 0 20 0 0 0 0 0 0 0 0 0 0 0 0 0 0 0 0 0 0 0 8 0 0 0 4 0 0 0 17 4 24 0 366742 0 0 0 0 2 0 0 0 0 0 0 0 2 0 0 14
444 CTA 0 3 0 0 0 0 0 0 0 0 0 0 10 4 0 0 3 0 0 3 34 0 0 0 0 0 0 0 369299 9 80 3 0 0 1 0 0 0 0 0 0 3 0 0 9 0 0 0 0 0 0 0 0 0 0 0 0 0 0 0 17 0 0 0
445 CTG 12 3 0 0 0 0 0 0 0 0 0 0 0 0 21 0 0 0 7 0 0 0 57 0 0 0 2 0 19 0 370885 4 0 0 0 0 0 0 0 0 2 0 0 6 0 0 0 0 0 6 0 2 0 0 0 0 0 0 11 0 4 6 23 4
446 GAA 9 0 0 0 0 0 0 0 0 0 0 0 0 0 0 0 0 0 0 0 0 0 0 0 0 0 0 0 0 1 0 0 375974 8 12 1 0 0 0 0 27 0 0 0 1 0 0 0 6 0 0 0 0 1 0 0 0 0 0 0 0 0 0 0
447 AAT 16 2 0 375584 0 0 0 0 0 0 0 16 0 0 0 8 0 0 0 8 0 0 0 0 0 0 0 0 0 0 0 0 0 0 0 13 0 0 0 0 0 0 0 0 0 0 3 0 0 0 0 1 0 0 0 0 0 0 0 0 0 0 0 0
448 GAA 22 0 0 0 0 0 0 0 4 0 0 0 0 0 0 0 0 0 0 0 0 0 0 0 0 0 0 0 0 0 0 0 374979 11 32 5 0 0 0 0 40 0 0 0 2 0 0 0 9 0 0 0 0 0 0 1 0 0 0 0 0 0 0 0
449 AGG 0 0 41 0 0 0 0 0 81 2 374819 29 0 0 24 0 0 0 0 0 0 0 0 0 0 34 87 0 0 0 0 0 0 0 0 0 0 0 0 0 0 0 54 0 0 0 0 0 0 0 0 0 0 0 0 0 0 0 7 0 0 0 0 0
450 ACT 0 0 0 4 12 27 1 374437 62 0 0 0 0 0 0 9 0 0 0 0 0 0 0 3 0 0 0 0 0 0 0 0 0 0 0 0 0 0 0 17 0 0 0 0 0 0 0 0 0 0 0 0 0 0 0 3 0 0 0 0 0 0 0 0
451 TTG 0 0 0 0 0 0 0 0 0 0 0 0 0 0 0 0 0 0 0 0 0 0 0 0 0 0 0 0 0 0 40 32 0 0 0 0 0 0 0 0 0 0 0 0 0 0 1 0 0 0 6 0 0 0 32 0 0 0 16 0 8 1 374898 5
452 GAT 0 15 0 5 0 0 0 0 0 5 0 6 0 0 0 0 0 0 0 1 0 0 0 0 0 0 0 0 0 0 0 0 4 2 10 374312 0 0 4 0 0 0 0 15 0 0 8 10 0 0 0 5 0 0 3 4 0 0 0 0 0 0 0 0
453 TTC 0 0 0 0 0 0 0 0 0 0 0 0 0 0 0 3 0 0 0 0 0 0 0 0 0 0 0 0 0 27 0 0 1 0 0 0 0 0 0 0 0 0 0 0 0 0 0 0 0 10 0 0 0 16 0 0 0 2 6 0 2 371664 5 7
454 CAT 0 0 0 6 0 0 0 0 0 0 0 0 0 0 0 0 7 0 0 375219 0 0 0 0 0 0 0 45 0 0 0 1 0 0 0 0 0 0 0 0 0 0 0 0 0 0 0 0 0 0 0 12 0 0 6 0 0 0 0 0 0 0 0 0
455 GAC 0 2 0 0 0 7 0 0 0 0 2 0 7 0 3 0 0 1 0 0 0 0 0 0 0 0 0 0 5 0 0 0 47 372919 12 39 0 5 0 0 0 6 13 0 0 3 0 3 0 3 0 0 2 1 8 1 0 0 0 0 0 0 0 0
456 TTA 0 0 15 0 0 0 0 0 0 4 0 5 2 0 2 0 0 0 3 0 0 0 0 0 0 0 11 19 15 0 16 0 0 15 0 2 0 0 0 15 6 0 50 0 3 0 0 6 6 0 0 5 72 0 0 1 0 0 0 0 373226 8 35 0
457 AAT 1 2 0 375936 7 0 0 0 0 0 0 17 0 0 0 0 0 0 0 2 0 0 0 0 0 0 0 0 0 0 0 0 0 0 0 26 0 0 0 0 0 0 0 0 0 0 0 0 0 0 0 1 0 0 0 0 0 0 0 0 0 0 0 0
458 GTG 0 0 0 0 0 0 0 0 0 0 0 0 9 0 27 9 0 0 0 0 0 0 0 0 0 0 0 0 3 0 0 0 0 0 0 0 0 0 24 0 0 0 0 0 29 1 375017 61 0 0 0 0 0 0 0 0 0 0 0 0 0 0 1 0
459 AAG 29 0 376064 9 0 0 9 0 0 0 52 0 0 0 7 0 0 0 1 0 0 0 0 0 7 3 0 0 0 0 0 2 0 0 40 0 0 0 0 0 0 0 0 0 0 0 0 0 0 0 1 0 0 0 0 0 0 0 6 0 0 0 0 0
460 AAT 17 20 2 374395 0 0 0 2 0 0 1 29 0 0 1 5 46 0 0 0 0 0 0 0 0 0 0 0 2 0 0 4 0 0 0 22 5 0 11 15 0 0 0 0 0 0 4 0 0 0 0 0 7 0 0 0 0 0 0 0 0 0 2 0
461 CTG 0 0 0 0 0 0 0 0 0 0 0 0 20 0 15 0 0 0 0 0 0 0 17 0 0 0 1 0 24 0 374815 4 0 0 0 0 0 0 0 0 0 0 0 0 0 0 7 0 0 0 0 0 0 0 0 0 0 0 0 0 0 0 9 0
462 TAC 0 0 0 0 0 0 0 0 0 0 0 0 0 0 0 0 0 26 0 0 0 0 0 0 0 0 0 0 0 0 0 0 0 7 0 0 0 0 0 0 0 0 0 0 0 0 0 0 22 375900 0 107 0 0 0 0 0 37 0 0 0 8 0 5
463 GAG 0 0 21 0 7 0 4 0 0 0 1 18 0 0 15 6 0 0 6 2 0 0 0 0 0 0 0 0 0 0 0 0 93 0 376277 42 9 0 0 0 0 0 40 6 0 0 8 0 0 0 12 0 0 11 11 2 0 0 0 0 0 4 6 8
464 AAA 375624 0 66 77 18 0 0 0 19 0 0 0 1 0 0 4 0 0 0 3 0 0 0 0 1 3 0 10 0 0 0 0 13 0 0 0 0 0 0 0 0 28 4 0 0 0 0 0 7 0 0 0 3 0 0 12 0 0 0 0 0 2 4 0
465 GTA 0 0 0 0 0 0 0 0 0 0 0 0 32 0 0 0 0 0 0 0 0 0 0 0 0 0 0 0 0 8 0 0 0 0 0 0 42 0 0 0 0 0 0 0 376040 7 31 10 0 0 0 0 0 0 5 0 0 0 0 0 0 0 0 0
466 AAA 376341 9 63 1 1 0 0 0 9 0 0 0 1 0 0 0 0 2 0 6 0 0 0 0 0 0 0 0 0 0 0 0 6 0 0 0 6 4 0 0 0 28 0 23 0 0 0 0 0 0 0 0 0 0 0 0 0 0 0 0 0 2 0 0
467 AGC 0 82 3 0 25 0 0 0 15 375580 3 73 0 14 0 3 7 0 3 0 0 0 0 0 51 7 10 0 0 5 0 0 0 3 0 2 0 0 44 18 16 48 0 1 5 8 0 0 6 0 0 0 22 0 3 7 0 5 0 0 0 0 6 0
468 CAA 31 0 0 0 9 0 0 12 0 1 25 6 1 9 37 7 376141 0 18 5 0 0 0 0 20 7 5 29 0 4 0 0 7 0 0 0 0 16 0 0 0 0 0 0 0 31 4 0 1 0 0 2 2 0 9 0 0 6 0 4 7 0 0 0
469 TTA 0 0 0 0 0 0 0 0 0 0 0 0 5 0 0 0 0 0 0 0 0 0 0 0 0 0 0 0 43 4 0 0 0 0 0 0 0 0 0 0 0 0 0 0 2 0 0 3 7 0 0 0 9 0 0 0 0 0 0 0 376252 0 41 1
470 AAG 21 0 376168 12 0 0 11 0 0 0 35 3 0 0 10 0 44 0 0 0 0 0 0 0 0 0 6 0 0 0 0 0 0 0 12 0 2 0 29 0 3 16 0 0 2 0 0 8 0 0 2 4 0 0 0 0 0 0 6 0 1 0 5 28
471 AAT 0 13 0 376295 0 1 1 0 0 0 0 12 0 0 0 0 0 0 0 0 0 0 0 0 0 0 0 0 0 0 6 4 0 0 3 22 5 0 12 5 6 0 10 0 2 0 2 0 0 0 0 1 0 0 7 12 0 0 36 0 1 0 0 0
472 AAT 0 25 0 375870 0 0 0 8 0 2 0 48 0 0 0 1 0 3 0 0 0 0 0 0 0 0 0 0 0 0 0 0 0 0 0 46 0 0 0 0 0 0 0 0 0 0 0 0 0 0 0 0 7 0 0 0 0 0 0 0 0 0 0 0
473 GCC 0 0 0 0 0 57 0 0 0 0 0 0 0 0 0 0 0 0 0 0 0 0 0 0 0 0 0 0 0 0 0 0 0 4 3 0 4 376229 14 28 3 13 0 2 6 33 1 8 0 0 0 0 0 9 0 0 0 0 0 3 0 0 0 0
474 AAA 375030 28 48 22 5 0 0 0 47 0 5 0 4 42 0 32 4 8 0 18 0 0 0 4 6 7 5 7 0 27 16 18 358 0 0 0 0 5 3 11 0 0 0 16 3 0 2 13 15 9 0 21 0 0 0 0 0 0 4 7 49 7 8 42
475 GAA 32 0 0 0 0 6 0 0 0 0 0 0 0 5 0 11 11 0 0 0 0 0 0 10 0 0 0 0 0 2 0 0 376253 15 13 1 0 0 0 0 12 0 0 0 0 2 1 6 8 0 0 0 0 0 6 0 0 0 0 0 0 0 0 0
476 ATC 0 8 0 0 0 9 6 4 29 5 0 4 17 304321 13 74 0 0 0 0 0 0 0 0 0 0 0 3 0 4 10 0 0 0 0 0 0 0 0 13 0 7 0 0 10 8 0 9 0 1 0 0 0 0 0 18 0 0 0 2 9 0 1 0
477 GGA 3 0 0 0 2 0 0 0 46 0 0 4 0 0 0 0 0 6 6 0 0 0 0 0 5 0 0 0 0 0 0 0 16 0 3 0 0 0 0 0 303817 21 34 2 0 7 0 0 0 13 0 0 0 0 0 0 3 0 0 0 0 5 5 10
478 AAT 16 7 0 304515 3 0 0 0 0 0 4 0 0 4 0 0 0 6 0 6 0 0 0 0 0 0 0 0 0 0 5 1 0 0 0 8 0 10 0 0 0 0 0 5 0 3 0 0 0 0 0 3 0 5 0 0 0 0 0 0 0 0 0 0
479 GGG 0 0 6 0 0 0 0 0 7 0 37 0 0 0 0 0 0 0 0 0 0 0 0 0 7 6 2 0 0 6 0 0 0 0 32 0 0 0 0 0 36 1 304066 9 0 0 3 0 0 0 0 0 0 0 0 0 0 0 13 0 0 0 0 0
480 TGT 5 0 0 0 0 0 0 0 0 0 0 3 1 0 0 0 0 0 0 0 0 0 0 0 0 0 0 11 0 0 0 0 0 0 0 0 0 0 0 0 0 0 0 0 3 0 0 0 0 0 0 45 0 0 0 3 2 36 25 303652 0 0 0 20
481 TTT 0 0 1 0 0 0 0 0 0 0 0 0 0 0 0 0 0 0 0 0 0 0 0 0 0 0 0 0 2 0 0 27 0 0 0 0 0 0 0 0 0 0 0 0 1 0 0 14 0 0 3 5 0 5 0 23 0 0 0 6 10 23 1 304644
482 GAG 0 5 48 1 0 0 5 0 0 10 5 0 0 0 0 0 0 0 0 6 0 0 0 0 2 32 0 0 0 0 0 39 31 22 304012 23 0 4 25 0 7 2 77 6 1 0 26 13 0 11 3 0 0 0 0 8 0 0 0 0 7 0 0 0
483 TTC 0 0 0 0 0 0 0 0 0 0 0 0 0 4 0 0 0 5 0 0 0 0 0 0 0 0 0 0 0 5 0 0 0 0 0 0 0 0 0 0 0 0 0 0 0 0 0 0 0 9 0 0 0 3 0 0 0 0 0 0 28 304242 0 45
484 TAC 0 1 0 0 0 0 0 0 0 0 0 0 0 0 0 0 0 63 1 0 0 0 0 0 0 0 0 0 2 2 4 1 0 2 2 0 0 10 0 0 1 0 0 0 1 0 4 0 2 303908 0 49 0 0 0 0 0 40 20 0 8 18 3 11
485 CAC 0 4 0 0 0 0 0 0 0 0 0 0 0 0 0 0 9 304283 2 38 0 6 0 0 0 14 0 0 0 0 0 0 0 0 0 0 7 0 0 2 0 0 0 0 0 0 0 0 9 11 1 0 0 0 0 0 0 0 0 0 0 0 0 0
486 AAG 45 0 304319 10 0 6 10 0 0 2 43 9 0 0 4 0 0 0 4 0 0 0 16 0 1 0 0 14 0 4 6 9 7 26 24 6 7 5 5 1 15 16 5 7 0 3 9 0 0 0 0 0 1 15 4 9 0 0 0 0 7 0 20 0
487 TGT 0 0 0 0 0 0 0 0 0 19 0 3 0 0 0 0 0 0 0 0 0 0 0 0 0 0 0 18 0 0 0 0 0 0 0 0 0 0 0 0 0 0 0 2 0 0 0 0 0 0 0 25 0 0 0 0 16 17 6 304273 0 2 0 5
488 GAC 0 52 0 0 0 1 0 0 0 8 0 30 0 0 0 0 0 0 0 2 0 0 7 0 0 0 0 0 0 0 0 0 4 304152 0 36 0 10 0 0 0 63 7 0 0 1 0 0 0 8 0 1 2 15 0 0 0 0 0 0 0 0 0 0
489 AAT 2 12 0 303448 0 0 0 0 0 0 0 3 0 0 0 0 0 0 0 1 0 0 0 0 0 0 0 0 0 0 0 0 0 14 0 32 0 0 0 0 0 0 0 0 0 0 0 0 0 0 0 0 0 0 0 0 0 0 3 0 0 0 0 0
490 GAA 23 1 0 1 0 0 0 0 36 24 3 14 0 5 3 26 8 3 0 0 0 0 6 0 0 1 0 25 3 0 0 1 303629 16 13 16 0 13 0 0 42 0 61 6 1 0 14 4 15 0 0 0 21 0 16 3 4 1 1 1 0 0 1 4
491 TGC 0 0 0 0 0 0 0 3 0 0 0 0 0 1 0 0 0 0 0 0 0 0 0 0 0 5 0 0 0 3 0 0 0 0 0 0 0 0 0 0 0 0 0 0 0 0 0 0 0 18 0 0 0 0 0 0 8 304169 0 120 0 6 0 0
492 ATG 0 0 0 0 0 0 18 0 0 0 0 0 74 5 303661 18 0 0 0 0 0 0 0 0 0 0 0 0 0 0 1 0 0 0 0 0 0 0 0 0 0 0 0 0 0 0 25 7 0 0 0 0 0 0 0 0 0 0 0 0 19 0 5 0
493 GAA 49 2 0 17 0 10 2 0 1 0 0 0 0 0 11 0 0 3 5 0 0 4 0 0 4 0 0 2 0 0 0 0 302422 72 32 4 11 10 1 27 46 5 19 11 8 0 3 0 1 0 0 0 10 25 24 0 0 0 6 5 0 0 0 7
494 AGT 0 7 2 26 7 0 0 7 2 2 2 302043 0 0 6 5 2 0 29 0 0 0 0 0 3 0 2 5 0 0 0 0 0 0 45 3 2 0 7 15 0 0 0 36 0 0 0 0 2 0 0 0 0 3 0 6 0 0 0 1 0 0 0 0
495 GTA 0 0 0 0 0 0 0 0 0 0 0 0 60 0 0 8 0 0 0 0 0 0 0 0 0 0 0 0 0 2 0 0 0 0 0 0 15 0 0 0 0 0 0 0 303858 11 58 3 0 0 0 0 0 0 0 0 3 0 0 0 21 0 4 1
496 AGA 48 0 6 2 0 1 0 1 304292 0 14 8 3 0 0 0 3 0 0 0 0 0 0 0 10 9 1 5 0 0 0 0 0 0 0 0 0 0 0 0 26 0 0 0 14 0 0 0 0 0 0 0 0 0 0 0 4 0 0 12 0 12 0 0
497 AAT 8 13 5 303822 29 3 0 23 0 78 1 43 12 1 23 0 30 1 11 41 0 0 0 0 21 25 0 13 13 0 6 8 5 3 8 22 22 9 1 15 8 8 0 10 40 11 14 17 0 0 0 5 6 0 126 27 0 0 0 8 0 17 2 16
498 GGG 0 0 0 1 0 0 4 0 0 2 19 0 0 0 0 0 0 0 1 7 0 0 0 0 0 0 0 2 0 0 0 0 0 0 27 5 0 0 3 2 39 35 304127 16 0 0 16 0 0 0 0 0 6 0 7 0 0 0 18 0 3 0 0 0
499 ACT 42 0 0 19 0 7 37 303699 13 0 0 8 0 7 55 38 0 0 0 1 0 0 0 0 2 4 0 4 7 3 4 0 2 2 0 14 3 0 12 33 0 0 0 0 32 0 6 0 0 0 0 34 0 6 0 8 0 0 4 15 3 0 5 0
500 TAT 0 0 0 0 0 0 0 0 0 0 0 0 0 0 0 0 0 0 0 20 0 0 0 0 0 0 0 0 0 0 0 0 0 0 0 0 0 0 0 0 0 0 0 0 0 0 0 0 3 6 0 304475 0 0 0 10 0 0 0 23 0 0 0 0
501 GAT 16 10 0 120 0 3 0 0 0 2 5 0 0 0 0 0 0 0 14 1 6 3 0 0 0 0 5 0 1 0 0 5 6 0 5 303263 0 6 0 17 4 0 0 30 4 0 3 12 0 0 0 28 0 0 3 0 0 2 16 3 0 0 0 0
502 TAT 0 0 0 1 0 0 7 0 0 0 0 0 0 0 0 0 0 11 0 30 0 3 0 3 0 0 0 0 9 0 0 0 0 0 0 3 0 0 17 0 11 0 61 1 5 0 0 0 1 29 0 303565 0 7 0 5 0 0 13 27 0 0 0 9
503 CCA 3 4 0 6 1 10 0 0 7 9 0 0 13 0 55 3 10 0 0 14 303555 52 7 1 0 0 2 3 6 0 15 0 0 0 3 4 0 1 0 7 0 0 2 7 0 0 0 12 0 0 0 5 5 0 0 0 0 0 3 0 1 2 0 15
504 AAA 303427 0 8 3 3 0 8 0 9 0 10 0 3 0 5 13 9 4 0 0 0 0 0 0 6 0 0 0 37 0 2 0 7 0 0 0 0 0 2 11 12 0 5 0 0 0 12 13 0 1 2 8 3 3 6 0 0 0 0 8 26 0 6 9
505 TAT 0 0 0 1 0 0 0 0 0 0 9 0 0 0 0 0 0 0 0 15 0 0 0 0 0 0 0 0 0 0 0 0 0 0 0 0 0 0 0 0 0 0 0 0 0 0 0 0 0 11 8 304194 0 0 0 0 0 0 0 10 0 0 0 0
506 TCA 0 0 6 0 25 2 0 0 0 0 2 0 0 0 0 1 0 0 0 30 11 0 0 0 10 0 7 2 0 0 9 10 5 0 0 0 0 0 0 0 4 0 3 0 0 0 5 7 3 3 0 3 302532 11 163 5 0 0 61 3 19 4 5 6
507 GAA 25 0 0 0 0 0 7 0 0 8 0 2 22 0 0 1 0 7 0 0 5 0 0 0 0 0 28 0 0 16 4 0 303745 3 7 0 1 0 0 0 40 8 9 19 4 0 4 0 3 0 0 0 0 2 0 4 0 0 1 0 0 0 4 0
508 GAA 19 4 0 0 9 0 1 0 0 0 0 0 0 0 4 0 0 8 1 0 0 0 2 0 0 0 0 0 0 41 22 0 302666 19 43 5 0 1 0 2 8 6 0 0 19 29 34 10 6 2 0 5 7 23 2 0 0 1 1 0 5 17 0 16
509 TCA 0 0 0 0 0 0 0 34 0 4 3 0 67 2 2 34 0 0 0 0 8 0 0 0 0 0 0 0 0 0 0 15 0 0 0 0 12 0 10 1 0 0 15 0 23 9 0 12 2 0 0 0 302713 6 79 32 2 0 0 0 15 0 26 0
510 AAG 42 0 303531 15 0 0 14 0 0 28 87 0 0 0 7 7 0 0 7 0 0 0 0 0 5 0 7 0 0 9 0 21 0 0 9 0 0 30 21 0 0 0 7 4 3 0 0 0 0 3 3 11 7 0 0 6 0 3 14 3 18 11 7 16
511 TTG 0 0 0 0 0 0 0 4 0 0 5 7 0 0 14 2 3 0 0 0 0 0 0 0 0 0 0 4 0 2 15 0 1 0 5 0 0 1 0 0 0 0 6 2 0 10 4 3 0 0 0 0 0 0 4 0 0 0 1 5 31 0 300657 15
512 AAC 22 302724 40 61 0 4 3 11 1 58 4 4 0 9 7 0 3 0 0 0 0 0 0 0 4 0 0 0 0 3 0 0 3 21 0 0 3 0 0 0 0 0 0 4 11 42 3 23 0 12 0 0 2 0 0 0 0 0 0 0 3 1 13 4
513 AGG 2 0 49 12 12 0 0 0 28 9 299493 14 6 0 46 13 0 0 0 3 0 0 0 3 28 0 10 10 7 0 10 1 0 0 0 0 0 0 10 11 0 4 53 0 0 11 3 4 0 0 0 0 1 4 18 1 0 2 12 0 0 14 8 10
514 GAA 44 0 0 0 0 0 0 0 0 0 0 0 0 0 3 0 5 0 0 0 0 0 0 11 3 15 0 0 0 0 0 10 297251 12 40 10 10 0 0 0 41 0 0 0 0 1 0 0 3 0 0 3 0 0 11 5 0 0 0 3 0 7 0 3
515 AAG 32 0 300400 17 0 0 37 0 2 20 109 21 0 3 20 0 16 0 4 4 0 6 0 0 6 2 12 0 0 0 2 0 0 1 77 6 8 0 0 1 21 0 34 33 0 0 40 28 0 0 3 5 0 31 0 0 0 0 0 0 22 0 14 14
516 ATA 1 0 0 0 0 0 0 0 0 0 0 0 303069 1 47 8 0 0 0 0 0 0 0 0 0 0 0 0 2 0 0 0 0 0 0 0 0 0 0 0 0 0 0 0 30 31 1 2 0 0 1 0 0 0 0 0 0 0 0 0 3 0 0 0
517 GAT 9 4 0 22 31 26 8 0 0 14 15 0 1 7 0 9 0 8 37 4 0 4 2 5 21 2 6 4 3 22 4 15 5 6 17 290295 4 13 4 12 24 0 2 24 0 4 0 21 0 0 0 39 1 10 8 36 0 0 3 0 0 4 16 3
518 GGA 0 15 6 1 18 0 20 6 91 0 14 92 0 18 0 9 10 0 6 5 8 5 4 4 1 0 0 5 2 9 0 2 35 8 5 0 24 19 0 0 291391 5 82 15 7 10 14 19 9 7 0 7 0 0 0 8 4 0 7 0 32 17 3 0
519 GTG 0 0 0 2 3 13 9 17 0 0 0 0 0 0 28 0 0 0 0 0 4 0 10 0 0 0 3 0 13 0 5 0 0 0 4 0 0 0 33 1 0 1 7 0 13 6 296685 13 0 0 0 4 0 0 2 0 0 0 0 0 6 7 12 0
520 AAA 301868 17 24 29 3 0 0 12 17 0 3 14 3 2 0 6 7 22 0 2 15 2 0 0 4 0 10 1 0 5 0 9 30 3 8 1 0 0 4 5 0 0 5 7 9 0 8 8 1 7 0 0 29 0 6 2 0 0 4 0 0 4 10 0
521 TTG 0 0 0 0 0 0 0 1 2 5 0 0 14 0 11 0 0 2 4 0 0 0 0 0 0 0 4 2 0 0 11 1 0 0 0 0 0 2 0 0 0 1 10 0 5 0 0 1 0 0 4 0 0 4 11 6 0 0 23 0 11 0 288379 10
522 GAA 25 0 0 20 0 3 16 4 0 0 0 5 0 0 0 0 3 0 0 0 1 0 0 0 0 0 0 2 0 0 3 0 285476 0 30 1 8 19 2 0 27 1 0 6 3 0 12 0 4 0 0 1 0 5 3 3 0 0 2 0 2 3 0 0
523 TCA 0 0 12 1 11 1 4 0 14 0 0 9 2 0 0 0 21 2 0 0 18 0 0 7 0 13 0 5 2 0 0 0 0 0 0 6 0 2 2 0 1 0 0 4 0 0 5 0 5 0 0 8 290748 0 39 2 1 0 0 0 16 0 19 0
524 ATG 0 6 3 0 4 0 11 6 1 11 1 0 42 7 286891 50 11 0 0 0 0 0 0 0 0 0 0 2 0 0 12 0 1 0 3 26 0 2 0 4 2 9 0 5 9 0 13 32 0 0 6 0 0 7 8 0 0 6 0 3 1 0 3 3
525 GGG 0 0 0 0 0 0 0 0 0 0 14 0 0 0 0 0 0 0 3 0 0 0 0 0 13 0 0 0 2 3 5 0 1 4 26 12 7 2 2 0 64 13 270994 42 0 0 12 0 0 4 0 0 0 1 4 1 8 0 11 0 0 0 2 0
526 GTG 0 0 7 7 0 0 4 0 0 4 0 0 14 1 55 0 7 1 1 3 0 1 0 0 0 3 6 3 11 7 30 5 6 0 8 0 17 6 15 3 0 0 11 12 82 9 264994 24 0 16 3 2 2 0 0 13 0 1 7 0 8 10 9 2
527 TAT 1 1 0 1 0 3 1 15 2 0 0 18 4 0 0 8 0 5 0 82 6 4 0 0 0 0 0 0 0 0 0 0 1 0 3 3 0 0 0 0 0 0 12 5 0 0 3 0 2 21 3 286296 5 0 0 0 0 0 6 9 4 0 0 2
528 CAG 0 0 6 1 1 3 0 0 0 0 0 0 7 0 0 0 22 8 280354 10 0 0 10 0 0 0 110 7 0 0 4 0 5 0 2 5 3 0 0 0 0 5 19 0 0 0 2 0 0 0 10 0 4 15 0 7 0 0 0 0 0 4 0 0
529 ATT 0 0 1 4 0 25 0 7 0 1 0 0 4 11 0 291150 22 5 0 1 0 0 0 0 0 0 0 0 0 1 0 10 0 0 0 0 0 0 0 0 0 0 0 2 0 0 0 27 0 0 0 0 0 0 7 0 0 5 1 0 0 0 0 0
530 CTG 0 0 0 0 0 0 2 0 0 0 0 0 0 0 3 0 0 0 0 0 0 0 16 2 0 0 1 0 29 4 298390 3 0 0 0 0 0 0 0 0 0 0 0 0 0 0 2 0 9 0 0 0 0 0 0 0 0 0 3 0 0 0 23 0
531 GCG 0 0 0 0 0 17 8 0 0 1 0 0 0 6 0 0 0 0 0 2 0 0 0 0 3 0 0 0 0 0 0 0 0 0 7 0 12 1 295702 14 1 1 13 15 0 0 75 0 0 0 0 0 0 13 2 29 0 1 0 0 4 0 0 2
532 ATC 0 0 0 0 0 0 0 0 0 0 0 0 6 293318 1 13 0 0 0 0 0 0 0 0 0 0 0 0 0 7 0 6 0 0 0 0 0 0 0 0 0 0 0 0 0 4 0 0 0 2 0 0 0 0 0 0 0 0 0 0 0 20 0 0
533 TAC 0 4 0 0 0 0 0 1 0 0 0 0 0 0 0 0 0 67 0 0 0 0 0 0 0 0 0 0 0 0 0 0 0 0 0 0 0 0 0 0 0 0 0 0 0 0 0 0 7 297293 3 21 0 6 0 0 0 20 0 0 0 0 0 10
534 TCA 0 0 0 0 3 0 0 0 0 0 0 0 0 0 0 0 1 0 0 0 32 0 0 0 0 0 0 0 0 0 0 0 0 0 0 0 5 3 0 0 0 0 0 0 0 0 0 0 12 0 0 0 293250 0 70 2 0 0 0 0 12 0 0 0
535 ACT 0 0 0 14 4 43 36 300441 0 0 0 16 0 0 0 21 0 0 0 23 0 0 0 4 0 0 0 0 0 0 0 0 0 0 0 0 0 0 0 14 0 0 6 6 0 0 0 0 0 0 0 0 3 4 6 5 0 0 0 0 0 0 0 0
536 GTC 0 7 0 0 0 4 3 2 0 0 0 0 0 45 0 0 0 0 0 0 0 0 0 0 0 0 0 0 0 3 0 0 0 8 0 0 0 18 3 15 0 0 3 0 29 298663 2 23 0 0 0 0 0 0 0 0 0 0 0 22 2 2 0 0
537 GCC 0 0 0 0 10 66 0 0 0 0 0 0 10 3 5 0 0 0 0 0 0 0 0 0 0 0 0 0 0 0 0 0 0 1 0 0 9 299126 21 105 0 0 0 0 0 7 0 0 0 0 0 0 0 3 0 0 0 0 0 0 0 0 0 0
538 AGT 0 0 1 29 0 0 33 39 1 5 0 299490 3 0 4 9 0 0 0 0 0 0 0 0 0 4 0 7 0 0 0 0 0 0 0 0 17 0 0 4 0 0 6 14 0 0 13 0 0 0 0 0 4 0 0 0 0 6 0 16 0 0 0 0
539 TCA 0 0 0 0 6 13 0 4 0 0 0 6 0 0 0 0 0 0 0 0 13 0 0 0 0 0 0 0 0 0 0 0 0 0 0 0 0 0 0 0 9 0 3 7 0 0 6 0 4 0 0 0 297205 10 10 5 0 0 0 0 23 0 0 0
540 CTG 0 0 0 0 0 4 5 0 0 6 0 4 0 15 8 11 0 0 3 2 0 0 29 0 0 0 12 0 91 3 299823 15 0 0 0 0 0 1 0 0 0 3 1 4 7 7 14 0 0 3 1 3 9 15 0 5 0 6 1 0 0 1 53 28
541 GTG 0 0 0 0 5 5 0 12 0 0 0 0 1 6 23 1 0 0 0 0 8 0 11 3 0 0 0 0 3 0 33 0 0 0 6 0 3 0 16 0 0 0 0 0 44 60 302556 17 0 8 0 0 3 0 0 0 0 1 12 2 0 13 16 2
542 CTT 0 0 0 0 12 0 12 2 0 0 0 0 0 0 5 4 0 0 0 1 0 0 0 62 0 0 0 5 10 13 19 299135 0 8 0 0 2 0 6 0 1 19 0 0 5 0 3 7 0 0 0 0 22 6 3 9 0 4 0 7 0 2 1 38
543 TTG 0 0 0 0 0 0 4 0 0 0 0 0 0 2 4 0 0 0 0 0 0 0 0 0 0 0 0 0 1 0 9 0 0 0 0 0 2 0 14 4 0 0 0 0 2 0 0 0 0 0 0 0 6 0 35 0 0 0 55 3 10 0 303356 7
544 GTC 0 0 0 0 2 0 0 0 0 0 0 0 0 29 0 0 0 0 0 0 0 0 0 0 0 0 0 0 0 0 1 0 0 4 0 0 0 24 0 0 0 0 0 0 8 300156 1 21 0 0 0 0 0 0 0 0 0 0 0 0 0 0 0 0
545 TCC 0 0 0 0 0 4 0 0 0 0 0 0 0 0 0 0 0 0 0 0 0 87 0 0 0 0 0 0 15 3 0 3 0 0 0 0 0 0 0 0 0 0 0 0 0 0 0 0 0 3 0 0 9 302267 7 10 0 0 0 0 0 8 0 0
546 CTG 0 0 0 0 0 0 0 0 0 0 0 0 0 0 18 0 0 0 2 0 0 0 66 1 0 0 21 0 24 14 300410 1 0 0 0 12 0 0 0 0 0 0 0 0 0 0 1 0 0 0 0 11 0 0 0 0 0 0 0 0 0 0 8 0
547 GGG 0 0 0 0 0 0 0 0 0 0 21 0 0 0 0 0 0 0 0 0 0 0 0 0 0 0 1 0 0 0 0 0 0 0 15 0 0 0 0 0 6 0 303132 3 0 0 9 0 0 0 0 0 0 0 0 0 0 0 2 0 0 0 0 0
548 GCA 0 0 0 0 117 0 0 0 0 0 0 0 0 0 0 0 0 0 0 0 0 0 0 0 0 0 0 0 0 0 0 0 9 0 0 0 303087 0 11 9 13 0 0 0 27 0 0 0 0 0 0 0 8 0 0 0 0 0 0 0 0 0 0 0
549 ATC 0 0 0 0 0 45 0 0 0 4 0 0 8 301288 3 20 0 0 0 6 0 0 0 0 0 0 0 0 11 3 0 25 0 0 0 0 0 0 0 0 0 0 0 0 0 7 0 8 0 0 0 0 0 0 0 0 0 0 3 0 0 3 24 2
550 AGT 0 0 2 9 13 5 0 14 0 19 3 303279 0 8 0 11 0 0 0 0 0 0 0 0 0 0 0 3 0 0 0 7 0 0 0 0 64 0 0 11 6 0 1 26 12 0 5 11 0 0 0 3 1 3 10 8 0 5 0 0 11 4 0 11
551 TTC 0 0 0 0 0 0 0 6 1 0 0 0 8 6 0 0 0 0 3 0 0 0 0 0 0 0 0 0 0 6 0 0 2 0 1 0 0 5 0 21 11 2 6 0 0 26 1 9 0 10 0 7 0 4 0 0 0 10 0 0 34 303253 0 29
552 TGG 0 2 0 0 0 0 4 0 0 0 0 0 0 0 2 0 0 4 0 0 4 0 0 0 0 0 21 0 10 0 0 3 0 3 0 0 8 0 0 5 0 0 21 0 0 0 3 0 0 0 33 0 0 4 0 0 19 2 303547 10 0 0 5 4
553 ATG 0 0 0 0 2 6 16 0 1 2 0 5 21 0 303171 8 0 0 0 0 0 0 0 0 0 6 0 0 0 0 0 0 0 0 0 0 0 0 2 17 0 8 4 0 0 0 17 0 5 0 0 0 0 0 3 4 0 0 0 0 9 4 3 0
554 TGT 0 2 0 0 2 0 0 3 0 0 0 0 2 5 1 0 0 0 0 0 0 0 0 0 0 0 0 11 0 4 13 0 0 0 0 1 0 0 8 0 0 0 3 1 13 4 0 0 0 0 0 19 0 0 0 0 0 19 0 303418 9 2 0 2
555 TCT 2 0 0 2 0 4 2 0 3 3 2 29 0 23 0 0 0 5 0 0 0 0 0 7 0 4 5 0 10 6 0 0 8 7 29 0 0 0 5 0 6 0 5 1 9 0 0 7 0 7 0 20 8 62 5 302607 0 0 17 0 0 17 5 16
556 AAT 7 16 29 304170 0 3 0 3 0 16 2 9 6 0 0 19 0 0 0 19 0 0 0 0 0 4 0 2 10 10 0 0 3 0 0 10 0 3 4 0 0 0 0 0 0 0 13 22 0 0 0 1 1 1 0 0 0 0 0 0 1 0 0 0
557 GGG 0 0 0 0 0 0 0 0 0 0 13 0 0 0 0 0 0 0 5 1 0 0 0 0 0 0 0 0 0 0 0 0 0 2 13 0 0 1 0 0 18 0 303778 9 0 0 9 0 0 0 0 0 0 0 0 0 0 0 13 0 0 5 1 0
558 TCT 1 0 0 0 3 0 0 3 0 0 0 0 0 0 0 0 8 0 0 0 0 0 0 16 0 0 0 0 0 6 4 4 8 0 0 0 0 0 1 5 0 0 0 0 0 0 4 0 0 0 0 5 7 15 5 302464 0 0 0 1 0 2 3 41
559 TTG 0 0 0 0 0 0 0 0 0 0 0 0 0 0 5 0 0 0 0 0 0 0 0 0 0 0 0 0 0 0 35 0 0 0 0 0 0 0 0 0 0 0 0 0 1 0 9 2 0 0 6 0 0 0 17 0 0 0 5 0 45 0 303268 6
560 CAG 0 0 18 0 0 4 0 2 0 0 0 0 0 0 2 0 42 0 303949 0 0 0 13 0 0 0 38 0 0 0 19 0 9 0 10 0 0 0 0 0 0 0 0 0 0 0 5 0 0 0 122 0 5 1 0 7 0 0 0 0 0 0 3 0
561 TGC 0 0 0 0 0 0 0 0 0 2 0 0 17 0 0 4 0 0 0 0 0 0 0 0 0 2 0 0 21 0 0 0 0 0 0 0 3 0 0 0 0 0 0 15 14 0 15 7 0 131 0 0 0 0 0 0 6 303164 0 28 0 3 4 4
562 AGA 29 12 0 0 0 0 0 38 303965 5 21 0 7 1 0 1 3 0 0 0 0 0 0 0 42 0 6 2 8 11 0 2 14 4 2 0 0 7 0 14 15 3 18 0 3 5 4 4 0 0 0 0 0 0 0 1 6 0 0 0 2 9 13 0
563 ATA 0 0 0 0 31 0 0 0 0 0 0 0 304496 12 18 14 0 0 0 0 0 0 0 0 0 0 0 0 1 12 0 0 0 0 0 0 5 0 0 0 0 0 0 0 14 0 0 20 0 0 0 0 0 0 0 0 0 0 0 0 1 0 9 0
564 TGC 0 0 0 0 0 0 0 0 0 4 0 0 0 0 0 0 0 0 0 0 0 0 0 0 0 13 0 0 0 0 0 3 0 0 0 0 0 0 0 0 0 0 0 0 0 0 0 0 0 48 0 0 0 1 0 0 5 303945 0 94 0 0 6 0
565 ATC 0 1 0 0 0 17 0 0 0 0 0 0 12 303604 0 9 0 0 0 0 0 0 0 0 0 0 0 0 3 7 0 5 0 0 0 0 0 0 0 0 0 0 1 0 0 14 0 0 0 0 0 0 0 0 0 0 0 0 0 6 0 2 0 0
566 TGA 0 0 0 0 0 0 0 0 1 0 0 0 0 0 0 0 0 0 0 0 0 0 0 0 102 0 0 0 0 0 0 0 0 0 0 0 0 0 0 0 3 0 0 0 0 0 0 0 35 0 0 0 0 0 0 0 304151 0 38 1 1 0 0 0
