# POSITION WT AAA AAC AAG AAT ACA ACC ACG ACT AGA AGC AGG AGT ATA ATC ATG ATT CAA CAC CAG CAT CCA CCC CCG CCT CGA CGC CGG CGT CTA CTC CTG CTT GAA GAC GAG GAT GCA GCC GCG GCT GGA GGC GGG GGT GTA GTC GTG GTT TAA TAC TAG TAT TCA TCC TCG TCT TGA TGC TGG TGT TTA TTC TTG TTT
1 ATG 0 0 7 0 0 0 1 0 0 0 4 0 24 1 316944 4 0 0 0 0 0 0 0 0 0 0 0 0 0 0 1 0 0 0 0 0 0 0 0 0 0 0 0 0 0 0 10 0 0 0 0 0 0 0 0 0 0 0 0 0 0 0 4 0
2 AAG 67 0 316084 52 22 26 16 30 3 14 33 15 2 9 36 17 1 4 0 16 4 1 15 17 15 0 4 3 21 7 9 1 8 0 53 0 11 11 0 0 1 0 0 26 1 0 3 5 0 58 0 4 17 38 0 15 1 8 2 5 16 7 8 0
3 GCA 10 0 0 6 41 4 1 4 20 1 9 8 1 16 0 0 3 1 5 1 5 7 4 1 2 3 5 2 1 0 9 1 39 7 0 5 316229 7 23 17 0 0 0 0 43 1 0 12 0 0 0 8 9 1 2 3 3 7 0 2 25 0 10 1
4 AAA 316687 16 16 3 1 7 5 1 13 26 2 8 3 4 1 1 8 1 0 2 1 1 2 5 0 16 2 0 1 8 2 1 19 0 4 6 1 3 2 20 0 2 0 0 10 27 6 0 5 3 3 5 3 6 28 8 0 1 0 0 5 1 20 0
5 CTA 0 0 0 0 7 0 1 0 0 0 0 0 14 2 0 14 6 4 1 8 35 0 0 0 1 0 0 0 316565 31 19 5 0 0 0 0 2 5 0 19 1 4 4 0 19 0 1 2 2 0 0 0 0 0 0 0 0 5 9 4 12 3 0 20
6 CTG 0 1 0 0 0 0 0 0 0 0 0 4 0 1 11 2 0 0 3 0 0 0 16 0 0 0 2 2 35 5 316796 18 1 0 0 6 0 1 4 0 2 0 0 0 0 1 2 13 0 1 1 4 0 0 0 0 0 0 1 1 8 23 23 1
7 GTC 15 1 0 2 14 0 0 2 24 1 1 2 5 12 27 1 0 0 0 0 0 0 0 0 0 2 0 0 0 115 1 0 0 0 8 0 3 26 12 0 4 1 0 3 6 316194 4 33 2 4 2 4 2 1 0 4 1 2 0 19 0 22 2 0
8 CTG 0 0 0 6 0 0 0 1 0 0 1 0 17 7 29 0 0 0 3 0 0 0 68 4 0 0 12 0 53 7 316699 2 0 0 0 0 6 0 0 0 0 0 0 0 32 0 3 2 3 0 1 0 0 0 0 1 0 8 7 3 1 0 9 8
9 TTA 0 0 0 2 1 0 0 4 1 0 0 0 1 0 0 2 0 1 0 0 3 0 0 3 0 0 0 0 54 5 0 7 1 0 0 1 0 2 0 0 0 0 2 0 6 1 16 2 4 6 0 1 12 0 0 0 0 0 0 4 316796 2 28 21
10 TAT 0 0 1 0 2 1 11 2 0 1 0 0 4 19 6 1 0 1 0 35 0 0 2 0 2 0 0 4 5 13 2 36 0 0 0 2 0 0 1 1 0 0 6 0 8 4 0 0 8 35 2 316269 3 3 8 1 1 8 0 206 2 0 15 7
11 GCA 0 0 0 0 55 4 2 25 0 5 0 2 3 0 16 4 4 34 0 0 2 2 0 0 0 9 1 3 20 5 1 5 11 0 0 0 316456 11 7 5 13 0 0 0 56 4 0 4 1 5 0 6 28 4 8 0 0 5 8 19 6 0 26 9
12 TTT 0 4 0 0 0 3 3 0 0 5 0 0 15 4 0 3 0 0 0 0 0 0 0 4 0 1 0 3 0 2 7 64 0 0 0 0 2 3 1 13 0 0 0 0 1 3 24 9 0 3 0 0 0 0 0 24 0 17 2 7 1 25 14 316650
13 GTA 0 8 0 0 8 4 0 3 1 0 1 0 19 1 0 5 5 0 0 6 0 0 2 0 0 1 1 2 2 0 0 2 0 0 0 0 72 1 2 5 0 0 0 0 316634 2 53 4 0 0 1 0 42 0 0 0 0 0 0 0 1 0 1 0
14 GCT 0 0 0 0 0 0 0 35 0 4 0 0 0 0 0 0 2 0 0 0 1 0 0 0 0 0 0 3 2 1 0 0 0 0 0 9 4 218 7 316609 0 0 3 0 1 0 0 12 0 0 0 0 0 0 0 17 0 0 0 0 0 0 0 0
15 ACA 4 0 0 0 316517 33 183 29 0 2 0 0 19 0 0 1 0 0 0 0 3 0 0 0 0 0 0 0 0 0 0 0 0 0 0 0 13 0 6 0 0 6 0 0 7 3 2 0 0 0 0 0 1 2 2 2 0 0 0 0 0 0 0 0
16 GAT 0 0 0 15 0 0 0 0 0 0 0 0 0 0 0 0 0 5 0 2 0 0 0 0 12 0 0 8 0 0 0 0 3 15 7 316234 0 0 5 0 0 0 5 13 0 0 0 1 0 8 0 2 0 0 2 0 0 0 0 0 0 0 0 0
17 GCA 0 0 0 0 61 0 0 0 0 0 0 0 0 0 0 0 0 0 0 0 0 0 0 0 0 0 0 0 0 0 0 0 5 0 0 0 316340 10 151 24 13 0 0 0 50 0 0 0 0 0 0 0 11 0 0 0 0 0 0 0 0 0 0 0
18 GAC 0 11 0 0 0 0 0 0 0 0 0 0 0 0 0 0 0 1 0 0 0 0 0 0 0 0 0 0 0 0 0 0 8 316683 1 14 0 2 0 0 0 19 0 0 0 2 0 0 0 8 4 0 0 0 0 0 3 0 0 0 0 0 0 0
19 ACA 20 7 0 0 316467 8 70 46 12 0 0 4 12 0 5 4 3 2 2 2 3 0 0 0 16 4 5 6 2 1 0 10 7 0 1 7 3 0 0 0 0 0 0 0 8 24 1 3 0 0 0 1 0 0 0 22 0 0 1 0 5 6 2 3
20 ATA 4 0 0 0 16 0 0 0 3 0 0 0 316026 2 32 20 0 0 0 0 0 0 0 0 0 0 0 0 0 0 2 4 0 2 0 0 0 0 0 0 0 0 0 0 15 0 4 0 1 0 0 1 0 0 0 0 2 0 0 0 6 0 1 0
21 TGT 0 0 0 0 0 0 0 0 0 0 0 8 0 0 0 0 0 0 0 0 0 2 0 0 0 0 0 10 0 0 0 0 0 0 0 0 0 2 0 0 0 0 0 3 0 0 0 0 2 0 0 37 0 0 0 0 0 86 3 316666 0 0 0 8
22 ATA 2 0 0 0 3 0 0 0 0 0 0 0 316776 4 57 8 0 3 2 0 0 0 0 0 0 0 0 0 2 0 0 1 0 0 0 0 2 0 0 0 1 0 0 0 39 0 1 0 3 0 0 0 0 0 0 0 5 0 0 0 0 0 0 0
23 GGC 0 0 0 0 0 0 0 0 0 4 0 0 0 0 0 0 0 0 0 0 0 0 0 0 0 1 0 0 0 0 0 3 0 21 0 0 0 1 0 0 37 315952 24 13 0 4 0 0 1 0 0 0 0 0 1 1 0 23 1 0 0 0 0 0
24 TAC 0 0 1 0 63 11 1 4 5 3 0 0 0 0 0 0 0 23 1 0 0 0 0 0 0 0 0 0 0 0 0 0 0 2 0 0 0 0 0 1 0 0 0 0 0 0 0 0 1 316713 2 51 0 0 3 0 1 10 2 0 0 14 0 0
25 CAT 0 0 0 7 0 2 4 2 0 2 0 0 0 3 0 1 27 17 0 316733 0 0 0 11 0 0 0 34 1 3 0 21 0 1 2 1 0 3 1 4 0 0 0 0 1 0 7 1 0 0 0 17 2 0 0 2 0 0 0 4 4 0 12 0
26 GCG 0 5 0 0 0 1 30 0 0 13 0 2 0 0 1 1 0 0 0 0 0 0 0 0 0 0 2 0 0 0 0 0 0 0 11 0 73 4 316015 20 0 0 3 1 0 0 50 0 0 0 0 0 1 1 8 5 1 0 0 0 0 0 0 0
27 AAC 5 316852 3 36 0 4 0 0 0 14 0 0 0 0 0 0 0 0 0 0 0 0 0 0 0 0 0 0 0 0 0 0 0 6 0 0 0 0 1 0 0 0 0 0 0 0 0 0 0 0 0 0 0 0 0 0 0 0 0 0 0 1 0 0
28 AAC 5 316951 2 28 0 2 0 0 0 8 0 0 0 1 0 0 0 0 0 0 0 0 0 0 0 0 0 0 0 0 0 0 0 6 1 0 0 0 0 0 0 0 0 0 0 0 0 2 0 0 3 0 0 0 0 0 0 0 0 0 0 0 0 0
29 TCA 4 4 0 11 4 1 0 0 0 2 0 3 0 0 2 0 1 0 0 0 25 0 0 0 1 0 1 0 0 0 0 0 0 0 0 0 8 0 13 0 1 0 2 0 0 1 2 1 13 0 4 0 315720 8 54 10 1 0 0 3 4 0 0 0
30 ACC 1 48 1 4 23 316135 30 79 0 2 0 0 0 23 0 0 0 1 0 0 0 4 3 0 1 0 0 0 1 0 0 0 1 1 0 0 0 21 0 0 0 0 0 0 0 0 0 0 0 0 1 0 5 11 1 4 0 0 0 0 0 0 0 0
31 GAC 0 43 0 2 14 4 5 0 1 0 1 0 0 0 0 0 2 1 0 0 0 0 0 0 0 0 0 0 0 2 0 0 6 314666 21 21 0 1 0 0 0 8 0 0 1 0 1 2 0 6 0 0 0 3 0 0 0 0 0 0 1 0 0 0
32 ACT 1 0 0 7 7 32 1 316541 0 0 2 3 0 0 1 13 5 0 1 0 0 0 0 3 2 9 4 0 0 1 0 1 0 0 3 0 0 0 0 10 0 0 0 0 2 0 1 3 1 0 1 0 0 3 0 2 0 0 0 0 5 0 0 0
33 GTT 0 0 0 0 0 1 0 0 0 0 0 0 0 8 0 56 0 0 0 0 0 0 0 0 0 0 0 0 0 0 0 1 0 0 0 3 2 2 0 6 0 0 0 1 17 34 19 316160 0 0 4 0 0 3 0 0 0 3 0 0 0 0 0 4
34 GAC 0 11 0 0 0 3 0 0 0 0 0 1 0 0 0 0 0 0 0 0 0 0 0 0 0 0 0 0 0 0 0 0 7 316151 3 21 0 0 0 0 0 18 0 0 0 0 0 0 0 6 0 0 0 0 0 0 0 0 0 0 0 0 0 0
35 ACA 3 0 1 0 316688 10 45 7 2 0 0 0 13 0 0 0 0 0 0 0 1 0 0 0 0 0 0 0 0 0 1 0 0 0 0 0 8 0 0 0 0 0 0 0 0 0 0 0 1 0 0 0 1 0 0 0 0 1 0 0 0 0 0 0
36 ATA 3 0 0 0 22 0 1 11 3 0 0 0 316303 5 5 2 1 0 0 1 0 1 0 1 0 0 0 0 5 0 0 0 0 0 0 0 1 0 0 0 0 0 0 0 10 0 0 0 6 0 0 0 0 0 1 0 0 0 0 0 8 0 0 0
37 CTC 1 1 0 0 8 11 51 1 31 33 20 1 5 8 1 1 9 3 1 0 0 11 0 0 8 17 2 2 15 315019 1 48 1 1 0 0 0 0 0 0 3 0 0 0 0 0 2 0 0 0 0 1 5 21 11 3 0 0 1 7 0 11 0 1
38 GAG 1 2 28 0 0 0 0 0 0 0 0 0 0 0 0 0 24 0 0 1 0 0 0 0 0 0 0 0 0 0 0 0 36 0 314912 10 0 0 1 7 0 0 16 0 0 0 7 0 1 0 3 0 0 0 0 1 0 0 0 0 0 1 0 2
39 AAG 37 3 313371 9 6 1 8 0 0 0 38 0 0 0 4 0 0 0 2 0 0 0 0 0 0 0 7 0 0 0 0 0 0 0 13 0 0 0 6 0 0 0 0 0 0 0 0 0 0 0 1 0 0 0 0 0 0 0 0 0 0 0 1 0
40 AAT 6 10 5 315251 0 0 0 3 0 0 0 21 0 0 0 1 2 2 3 0 0 0 0 0 0 0 0 0 0 0 0 0 0 2 0 18 0 0 0 0 0 0 0 1 0 0 0 0 0 0 0 2 0 1 1 0 0 0 0 0 0 0 0 0
41 GTG 0 0 0 0 0 0 0 0 0 0 0 0 11 0 11 0 0 0 0 0 0 0 2 0 0 0 0 0 0 0 0 0 0 0 4 0 0 0 5 0 0 0 5 0 30 2 302444 12 0 0 0 0 0 0 0 0 2 0 0 0 0 0 4 0
42 GCA 0 0 0 0 27 3 0 0 0 0 0 2 5 0 0 0 0 0 2 3 0 4 1 0 0 0 1 0 0 0 0 0 13 0 1 0 303679 3 26 2 4 0 0 0 89 0 0 0 0 0 0 0 5 0 0 0 0 0 0 0 0 0 0 0
43 GTG 0 0 0 0 0 0 0 0 0 0 0 0 0 0 31 0 0 0 0 0 0 0 0 0 0 0 0 0 0 0 0 0 0 0 0 0 0 0 2 0 0 0 0 0 20 0 310423 25 0 0 3 0 0 0 0 0 0 0 0 0 0 0 6 0
44 ACA 4 0 0 0 314487 4 18 1 1 0 0 0 10 0 0 0 0 0 0 0 1 0 0 0 0 0 0 0 0 0 0 0 0 0 0 0 20 0 0 0 0 0 0 0 0 0 0 0 4 0 0 0 3 0 0 0 0 0 0 0 0 0 0 0
45 CAT 0 0 0 6 1 0 0 0 0 0 0 1 0 0 0 0 2 45 4 315787 0 0 1 0 0 0 0 5 0 0 0 2 0 2 0 2 0 0 1 0 0 1 1 0 0 0 0 0 1 0 0 5 0 4 0 4 0 0 0 0 0 0 0 0
46 TCT 0 0 0 0 0 0 0 6 0 1 0 0 0 0 0 0 0 0 0 0 0 2 0 5 0 0 0 0 0 1 1 0 0 0 0 0 0 0 0 4 0 0 0 0 0 0 0 0 0 0 0 9 10 41 1 313422 0 0 1 0 0 0 0 7
47 GTT 6 0 2 0 2 1 3 0 0 0 2 1 5 3 2 36 0 4 8 1 0 0 0 0 1 1 0 1 1 1 0 2 0 0 0 0 0 3 12 19 1 0 0 1 22 61 12 310382 2 7 2 2 0 0 0 0 0 3 0 0 2 4 2 21
48 AAC 7 314908 5 44 1 9 5 0 0 24 0 0 0 0 0 0 0 0 0 0 0 0 0 0 0 1 0 0 0 0 0 0 0 18 0 0 0 0 0 1 0 0 1 0 2 0 0 0 0 1 0 0 0 0 0 0 0 0 0 0 0 0 0 2
49 CTG 1 0 0 0 0 2 0 0 0 0 0 0 0 0 9 1 0 0 1 0 0 0 16 1 0 1 1 0 99 30 301516 19 0 0 0 0 0 0 0 0 0 0 0 0 0 0 0 0 0 1 0 0 0 0 0 0 0 2 0 0 1 0 32 0
50 CTC 0 0 0 0 0 0 0 0 0 0 0 1 0 6 2 2 0 6 0 0 0 10 0 0 0 0 0 0 30 311193 3 44 0 0 0 0 0 0 0 1 0 0 0 0 0 2 1 0 0 0 0 0 0 0 3 0 0 2 0 0 0 13 1 0
51 GAA 21 0 0 0 2 10 0 2 2 2 0 0 11 5 1 0 7 0 12 2 0 0 0 0 0 0 1 0 0 0 1 0 308520 4 40 4 3 7 95 5 22 0 0 0 5 17 7 0 6 0 0 2 1 0 0 1 1 1 0 5 0 0 0 1
52 GAC 9 15 0 0 10 2 8 0 0 4 4 5 1 3 2 2 4 21 0 9 0 0 0 0 10 3 0 0 1 0 2 1 15 304804 10 61 8 61 30 0 4 58 7 13 2 4 0 0 0 11 4 0 5 2 1 42 1 1 0 0 1 1 0 1
53 AGC 9 83 2 1 3 8 93 0 19 301384 3 100 0 24 4 16 7 8 6 0 0 0 0 0 26 17 18 0 30 1 1 1 11 1 44 10 3 12 16 4 5 89 14 2 8 4 12 1 0 6 0 2 9 3 4 4 0 2 4 0 1 3 13 4
54 CAC 0 9 0 0 4 8 11 8 0 3 3 0 0 0 0 0 6 308087 2 83 0 5 0 3 0 3 0 0 1 0 0 1 0 0 0 0 1 4 1 1 0 0 2 0 0 0 1 0 3 6 0 0 1 2 2 2 0 0 0 3 0 0 0 0
55 AAC 7 307412 4 104 0 1 4 2 0 21 0 1 0 2 0 0 1 2 0 0 0 0 0 0 1 0 0 0 1 0 0 0 0 48 0 3 2 0 0 0 0 0 0 0 0 0 0 0 0 1 0 0 1 0 0 1 0 0 0 0 0 0 0 0
56 GGG 1 0 1 0 0 0 2 0 0 10 21 3 0 0 0 0 0 0 0 0 0 0 0 0 0 0 12 0 0 0 0 0 0 1 41 0 0 0 1 3 71 2 312019 3 0 0 3 0 0 3 0 0 0 0 0 1 0 0 20 0 0 0 0 2
57 AAA 314612 10 15 0 4 0 0 1 8 0 4 0 0 0 6 0 3 4 3 5 0 2 0 0 0 1 3 0 4 0 0 0 15 0 0 0 47 4 5 1 8 1 2 0 5 0 10 2 2 9 0 3 1 0 1 0 1 0 5 2 1 3 0 1
58 CTA 0 0 0 0 0 0 0 1 0 2 0 0 20 6 0 4 4 3 0 3 26 0 0 0 1 0 0 0 306579 6 20 10 0 0 4 0 0 0 0 0 0 0 1 0 3 0 0 0 1 0 0 1 0 0 0 0 6 0 0 0 16 0 3 0
59 TGT 0 0 0 0 0 0 0 0 0 0 1 0 0 0 1 0 0 0 0 0 0 1 0 0 0 0 0 5 0 0 2 0 0 0 0 0 0 0 0 1 0 0 0 5 0 0 0 1 0 0 3 14 0 2 0 0 1 40 0 314077 0 0 0 7
60 AAA 315981 22 26 21 5 13 2 10 10 14 2 6 3 2 10 0 14 10 5 4 0 0 0 0 22 17 9 23 22 19 3 9 30 4 0 4 13 9 1 33 0 0 1 0 0 0 0 0 5 13 0 45 10 17 19 2 3 1 0 3 20 61 0 3
61 TTA 0 2 0 0 0 0 1 0 0 2 0 0 4 9 6 25 0 0 0 1 2 1 0 0 2 0 0 0 39 23 7 15 2 0 0 0 0 0 0 0 0 0 0 0 17 30 1 5 8 2 0 1 21 0 0 0 2 0 0 0 313663 12 50 5
62 AAA 311281 44 436 18 3 0 0 1 19 12 0 0 1 2 1 0 11 1 13 56 0 0 0 0 11 0 1 9 9 0 0 5 24 5 1 19 11 3 8 1 1 4 0 3 0 2 0 0 2 12 7 13 1 3 1 1 0 0 1 0 3 11 0 1
63 GGA 0 7 0 0 0 0 0 0 21 5 0 2 0 0 0 1 2 0 0 3 0 1 0 0 0 0 0 0 0 0 0 0 28 1 0 0 0 0 0 0 315511 0 14 0 3 0 0 0 0 0 0 0 1 4 0 0 19 0 0 0 1 3 0 0
64 ATA 8 0 6 8 33 0 5 4 3 3 13 0 314154 17 104 17 1 0 0 7 0 0 0 0 3 5 0 19 2 5 0 0 10 0 0 1 3 7 0 2 0 0 4 1 27 5 2 28 0 3 5 1 4 0 0 3 1 0 2 0 2 0 1 0
65 GCC 19 2 7 6 1 15 8 5 0 3 11 2 0 0 8 0 4 5 1 0 24 8 7 2 2 9 1 5 1 0 0 0 42 7 0 3 9 313417 25 37 1 7 2 5 0 27 5 6 2 1 6 14 1 7 0 0 0 0 3 0 0 0 1 0
66 CCA 0 0 0 0 3 0 0 0 0 0 0 0 0 0 0 0 5 0 0 0 311924 13 7 2 1 0 0 0 11 0 0 0 0 0 0 0 3 0 0 0 0 0 0 0 0 0 0 0 0 0 0 0 5 0 0 0 0 0 0 0 0 0 0 0
67 CTA 0 0 0 0 0 0 0 0 0 0 0 0 13 0 0 0 4 0 0 0 40 0 0 0 8 0 0 0 314020 2 27 4 0 0 0 0 0 0 1 0 0 0 0 0 1 0 0 0 0 0 2 0 0 0 0 0 0 0 0 0 8 1 0 2
68 CAA 5 0 6 3 20 4 0 7 1 4 1 0 50 32 2 15 312788 16 18 9 2 20 0 3 8 0 2 0 11 29 3 38 40 86 1 3 9 30 0 2 7 0 17 5 21 9 16 12 10 1 1 26 4 2 3 1 0 0 2 8 9 0 1 14
69 TTG 0 0 0 0 0 1 0 0 0 0 0 0 0 0 3 0 0 0 0 0 0 0 1 0 0 1 0 0 5 0 16 5 0 0 0 0 0 0 0 0 0 0 0 0 0 0 3 0 0 0 3 0 0 0 1 0 1 0 2 1 18 0 313599 6
70 GGG 4 12 1 10 1 2 3 6 0 5 23 7 2 0 1 0 4 17 9 4 0 0 0 0 7 2 0 2 1 11 5 2 10 1 70 6 14 13 0 3 57 96 315304 49 0 0 3 3 0 4 0 8 0 0 2 4 2 0 8 1 2 2 5 0
71 AAA 315712 3 82 23 4 0 2 0 13 0 0 12 7 0 0 0 1 9 5 1 0 1 0 0 14 11 0 4 1 4 2 1 101 0 0 0 9 1 71 0 5 0 0 0 0 2 2 0 4 4 0 5 7 0 0 0 0 0 1 1 3 0 0 0
72 TGT 0 0 0 1 0 0 0 0 1 0 0 5 0 0 0 0 0 0 0 0 0 0 0 0 0 0 0 13 2 0 3 0 0 0 0 0 0 0 0 0 0 0 0 0 0 0 0 0 1 0 0 17 0 0 0 0 6 74 1 316436 0 0 0 8
73 AAC 8 314753 2 180 74 15 6 4 1 32 2 6 0 1 0 0 19 3 1 1 0 0 0 0 0 0 2 0 1 1 0 1 1 61 3 1 2 0 7 2 4 26 1 5 0 0 0 0 1 0 0 0 25 22 6 2 0 0 0 2 0 0 0 0
74 ATC 0 1 0 0 0 18 0 1 0 0 0 0 79 313417 15 12 0 0 0 0 0 0 2 2 0 0 0 0 5 13 73 7 0 0 0 0 0 0 0 0 0 0 0 0 9 13 2 1 2 0 5 0 0 0 0 0 3 0 0 0 17 10 2 3
75 ACC 0 5 0 3 32 315291 13 52 0 1 0 1 8 46 6 7 1 2 1 3 3 7 9 1 1 1 2 0 0 9 1 7 2 1 0 0 3 17 51 0 10 3 2 0 4 11 3 2 1 0 0 3 2 7 1 1 13 3 2 2 10 0 2 5
76 GGA 0 0 0 0 0 0 0 0 28 0 0 0 0 0 0 0 0 0 0 0 0 0 0 0 2 0 0 0 0 0 1 0 30 0 0 0 4 12 3 3 316163 3 38 13 0 0 0 0 0 0 0 0 0 1 0 0 8 0 0 0 0 0 0 0
77 TGG 0 0 0 3 0 0 0 0 0 0 2 0 0 0 0 0 0 0 0 0 0 0 0 0 0 0 6 0 0 0 0 0 0 0 0 0 0 0 0 0 0 0 5 0 1 0 0 0 0 0 13 0 0 0 0 0 33 0 315790 4 0 0 9 0
78 CTC 0 0 0 0 0 0 0 0 0 0 0 0 3 10 1 0 0 2 0 0 0 22 0 0 0 3 0 0 23 314690 6 19 0 4 0 0 0 0 0 0 0 0 0 0 1 5 11 1 1 0 0 0 0 0 0 0 0 0 0 0 1 13 10 0
79 TTG 0 0 0 0 1 2 0 3 0 1 0 0 7 7 8 5 0 0 0 0 0 0 0 1 0 0 0 0 7 4 79 22 0 0 0 0 0 2 0 3 0 0 0 0 0 2 5 2 6 10 1 1 0 0 30 0 0 1 3 0 28 1 315200 5
80 GGA 0 0 3 0 0 0 0 0 12 0 0 0 0 0 1 0 0 0 0 0 0 0 0 1 0 0 0 0 0 0 0 0 17 0 0 0 2 0 3 5 316167 17 35 31 5 0 0 0 0 0 3 0 0 0 0 0 8 0 0 0 1 0 0 0
81 AAT 6 73 0 315456 1 0 1 0 0 1 0 6 3 2 0 6 1 8 0 13 0 0 0 0 0 7 0 0 0 1 0 0 0 0 0 6 1 0 0 1 1 0 0 1 1 0 1 0 1 0 3 1 4 0 1 2 0 0 0 0 0 0 0 0
82 CCA 0 0 0 0 6 0 0 0 0 0 0 0 0 0 0 0 9 1 1 0 316296 58 134 30 0 0 0 0 18 0 0 0 1 0 0 2 3 1 0 1 0 1 0 0 1 4 0 0 6 0 0 0 10 0 2 0 6 0 0 0 0 0 0 0
83 GAA 11 7 0 3 10 14 0 0 0 3 0 0 7 0 6 2 6 7 2 1 0 0 0 0 0 0 0 0 2 4 1 2 316277 5 15 5 0 5 21 4 10 2 4 0 0 1 1 0 16 12 2 21 2 0 1 10 3 2 1 0 12 1 0 5
84 TGC 0 0 0 0 0 2 0 0 0 1 0 0 0 0 0 0 0 0 0 0 0 0 0 0 0 8 0 0 0 0 0 0 0 0 0 0 0 1 0 0 0 2 0 0 0 0 0 0 0 13 0 0 0 0 0 0 10 315627 6 280 0 2 0 0
85 GAC 0 19 0 0 4 0 0 0 1 3 0 1 0 0 0 0 0 2 0 0 0 0 0 0 0 0 0 0 5 0 0 0 25 316258 17 28 0 6 0 2 0 24 0 0 2 6 1 0 3 8 0 0 1 0 0 0 0 0 0 0 0 0 0 0
86 TCA 2 12 0 0 6 0 3 23 0 8 0 4 20 2 2 0 13 75 7 15 30 25 0 5 0 2 0 1 3 2 3 0 3 8 2 0 8 16 6 0 26 0 1 2 37 3 0 3 6 7 0 28 315050 5 31 9 2 0 3 0 38 2 0 9
87 CTG 0 0 0 0 2 0 2 1 0 0 0 0 7 19 2 4 0 0 6 1 1 0 11 0 0 0 1 0 90 2 316358 4 0 1 0 0 0 0 0 0 0 0 0 0 1 4 1 0 0 0 6 0 0 0 0 0 0 0 0 1 21 0 61 0
88 CTT 1 5 1 0 6 0 1 0 1 4 0 4 20 14 2 13 3 2 7 2 0 0 1 13 0 0 1 3 9 82 9 316075 1 2 0 0 3 7 3 0 1 0 0 0 11 0 15 1 0 3 0 0 1 0 1 6 1 1 3 0 6 1 9 44
89 CCA 9 23 9 61 14 27 13 7 6 56 0 9 11 21 18 11 20 3 2 7 315504 34 38 39 2 4 4 6 49 34 29 38 70 60 15 43 17 5 9 0 4 17 31 1 8 19 4 16 0 27 3 3 16 41 8 3 1 0 8 0 12 0 41 39
90 GCG 8 16 12 1 22 21 14 14 6 0 11 8 15 315 34 7 3 57 2 21 1 26 36 3 0 21 4 0 5 7 1 2 1 8 29 1 56 11 315259 30 3 11 8 2 1 13 173 0 0 5 0 3 29 0 25 2 0 0 2 0 14 3 21 11
91 AGA 79 5 3 9 4 24 4 1 316398 7 15 2 24 0 33 0 2 12 0 58 10 1 0 1 2 3 0 3 15 5 3 6 0 1 0 4 3 2 0 2 20 0 5 17 9 22 0 4 0 2 0 8 7 14 1 2 1 0 0 0 1 4 9 2
92 TCA 2 16 2 7 9 3 0 0 1 1 0 9 2 1 20 9 7 2 4 4 24 3 0 2 1 6 0 6 0 0 2 3 2 5 1 1 8 4 3 2 6 1 8 0 5 4 13 0 7 5 0 12 316455 4 63 6 1 0 0 0 15 3 3 1
93 TGG 0 0 0 0 0 0 0 0 0 0 7 0 0 0 0 0 2 0 0 0 0 0 0 0 0 0 12 0 0 1 0 0 0 0 0 0 0 0 0 0 0 0 2 0 0 0 0 0 1 0 18 0 0 0 0 0 23 0 316521 1 0 8 12 8
94 TCC 0 0 0 0 0 3 1 2 0 19 0 28 0 0 0 0 0 0 1 0 0 8 0 0 0 0 0 2 0 0 0 0 0 0 0 0 16 5 23 1 4 8 0 2 0 0 0 0 0 7 0 0 90 315607 24 9 4 0 0 0 3 7 0 0
95 TAC 0 1 0 0 0 0 0 1 0 0 0 0 0 0 0 0 0 48 0 0 0 0 0 0 0 0 0 0 0 0 0 0 0 3 0 2 1 0 0 0 0 0 0 0 0 0 0 0 5 316653 4 68 0 5 0 0 0 33 0 0 0 0 0 3
96 ATT 0 1 0 0 0 1 0 8 0 0 0 0 35 46 1 395961 0 0 3 0 0 0 0 0 0 0 0 0 0 0 0 4 0 0 0 0 0 0 0 0 0 0 0 0 1 6 0 11 0 0 0 0 0 0 0 1 1 0 0 0 0 0 2 0
97 GTA 0 0 1 0 2 3 0 0 0 0 0 0 28 10 0 10 0 1 0 1 0 0 1 0 0 0 0 0 3 3 0 3 3 0 0 0 17 2 0 1 2 0 0 0 395511 138 130 18 0 0 0 0 0 0 0 0 0 1 0 0 3 0 0 0
98 GAA 27 0 0 0 0 0 0 1 0 1 0 0 0 0 1 0 0 1 5 0 0 0 0 0 0 0 0 0 1 1 1 0 396048 12 13 3 2 0 0 0 12 0 0 0 2 0 1 11 8 0 5 0 0 0 0 0 0 0 0 0 0 0 0 0
99 ACA 16 7 5 34 395299 9 23 16 9 46 110 1 70 6 1 0 0 19 7 5 21 0 0 6 18 9 2 9 3 45 10 3 25 7 3 7 14 8 0 1 0 7 2 10 5 9 18 1 1 38 1 0 12 36 13 0 0 3 16 1 7 0 4 1
100 CCA 3 1 2 1 4 18 2 0 0 27 1 0 0 1 0 1 15 32 11 38 395156 30 45 33 3 5 2 0 14 2 4 0 1 2 6 3 8 22 6 6 3 4 0 0 29 1 3 0 0 10 0 0 34 0 9 3 1 0 13 0 0 2 0 3
101 AAC 9 395810 3 33 0 11 0 6 3 24 0 2 5 9 0 1 0 4 6 5 0 0 0 0 0 2 0 0 5 0 0 0 11 29 9 10 2 0 19 0 3 5 3 0 12 1 8 2 0 1 0 0 1 4 1 0 0 0 0 0 13 0 0 0
102 TCT 0 14 0 25 5 22 0 26 0 1 0 10 1 1 0 0 30 0 0 0 12 4 37 30 0 0 0 0 0 0 0 0 0 0 0 1 10 1 0 4 2 0 18 1 14 3 4 1 0 0 0 11 73 97 2 394967 0 4 0 2 0 0 0 1
103 GAG 1 4 21 0 21 20 4 2 2 2 0 3 1 5 0 0 14 3 2 5 13 0 0 0 0 2 0 0 10 0 4 0 27 7 394976 25 2 0 2 3 1 1 124 1 20 1 8 36 0 5 4 0 1 0 0 3 0 0 5 0 1 1 0 2
104 AAT 16 56 14 395358 3 30 12 6 1 0 3 23 8 5 0 26 2 3 4 141 0 0 0 0 3 0 1 3 3 0 0 37 0 17 14 21 18 0 5 8 3 2 2 0 49 1 2 0 0 14 0 32 6 2 5 0 0 2 9 2 17 37 17 5
105 GGA 0 0 0 0 0 0 1 0 23 5 0 1 0 0 0 0 0 1 0 0 0 0 0 0 0 0 0 0 0 0 0 0 19 0 4 0 8 1 0 2 395360 28 57 10 2 0 0 0 0 1 0 0 3 1 0 2 4 0 0 0 0 0 0 0
106 GCA 1 5 0 0 56 0 1 1 0 0 0 11 2 0 0 2 0 0 3 7 4 7 13 4 0 0 0 0 0 2 0 0 9 4 0 0 395461 5 15 10 5 0 0 0 75 4 2 0 0 0 0 6 16 13 6 2 0 0 1 10 1 10 0 0
107 TGT 0 1 0 0 1 0 1 0 0 0 0 3 0 0 0 0 0 0 0 0 0 0 0 0 0 0 0 9 0 0 0 0 0 0 0 0 0 0 0 0 1 0 0 0 0 0 0 1 0 0 0 31 0 0 0 2 6 26 0 395507 0 0 0 2
108 TAT 0 0 0 1 0 2 0 0 0 0 0 0 0 0 1 0 0 2 0 26 0 0 0 0 0 0 0 0 0 1 0 0 0 1 0 2 0 0 0 0 0 0 0 0 0 0 1 4 1 52 3 395842 0 2 0 0 1 0 0 11 0 1 0 0
109 CCA 0 0 0 1 2 0 2 2 0 4 0 0 0 0 0 0 7 0 0 0 395262 22 217 25 1 0 0 0 8 0 0 0 0 0 0 1 0 0 1 0 0 0 2 0 0 0 0 0 0 2 0 0 7 0 0 0 1 0 1 0 0 0 0 0
110 GGA 0 0 0 0 0 0 0 0 13 2 0 0 0 0 0 0 0 0 0 0 0 0 0 0 0 0 0 0 0 0 0 0 4 0 0 0 1 0 0 0 395694 15 51 35 7 0 0 0 0 0 0 2 0 0 0 0 27 0 2 0 0 1 0 0
111 GAT 0 1 0 32 6 1 1 0 1 11 0 0 1 0 3 1 3 2 37 2 3 1 1 0 0 0 0 0 7 0 0 4 1 22 26 395147 8 0 3 3 0 1 2 11 22 0 8 4 0 3 0 5 1 12 7 1 0 3 7 2 3 0 1 5
112 CTC 0 0 0 0 0 0 0 2 0 0 0 0 15 41 1 89 0 5 1 0 0 49 0 0 0 1 0 0 47 393734 7 41 0 0 0 0 0 0 0 0 0 0 0 0 0 9 5 0 0 0 0 0 0 0 0 0 0 0 1 0 2 16 2 1
113 ATC 2 0 7 0 11 19 9 5 9 1 0 0 53 394982 12 112 1 98 8 6 0 5 0 0 1 2 1 0 11 13 0 20 5 11 23 0 10 28 47 8 14 71 22 3 8 33 11 1 0 7 0 0 5 0 15 15 0 19 1 4 9 24 8 1
114 GAC 1 47 0 1 0 3 0 0 0 5 0 2 0 0 11 0 9 5 10 5 1 2 0 0 0 0 0 0 2 6 0 0 100 395380 9 14 1 0 18 1 0 9 0 0 0 1 0 0 2 9 3 0 9 0 4 28 0 0 0 2 2 0 2 1
115 TAT 0 2 2 5 10 2 1 1 0 2 1 9 12 14 2 14 1 11 1 19 21 1 4 2 0 0 1 2 0 2 2 0 0 0 1 3 0 17 5 1 0 8 21 0 3 5 19 7 6 53 4 395325 5 3 9 7 0 0 2 12 12 0 14 22
116 GAG 0 0 12 0 0 0 2 2 0 1 0 0 0 0 1 0 17 18 27 2 1 6 4 2 0 0 0 0 1 0 0 0 93 0 394858 29 2 1 13 10 0 0 103 4 0 0 14 0 0 1 7 0 0 0 0 0 0 0 0 0 0 1 0 0
117 GAA 21 0 0 0 0 0 0 0 0 0 0 0 0 0 0 0 0 1 0 1 0 0 0 0 0 0 0 0 0 0 0 0 393577 0 23 0 0 1 0 0 7 0 0 0 0 0 0 0 5 0 0 0 0 0 0 0 0 0 0 0 0 0 0 0
118 CTG 0 0 0 0 0 0 0 0 0 0 0 0 0 0 10 1 0 0 9 0 0 0 35 0 0 0 2 0 69 34 394903 12 0 0 0 1 0 0 0 0 0 0 0 0 0 0 3 0 0 0 0 0 0 0 0 0 0 0 0 0 3 0 17 1
119 AGG 0 0 30 4 0 6 3 0 36 0 393948 4 2 0 33 21 0 40 1 9 0 0 0 0 25 26 8 0 0 2 5 5 0 0 0 0 0 1 3 1 0 0 58 0 0 0 0 0 0 42 0 3 0 0 1 0 0 1 8 0 18 1 12 5
120 GAG 0 0 21 0 0 0 0 0 0 0 0 0 0 0 0 0 0 2 1 0 0 0 0 0 0 0 0 0 0 0 0 0 92 0 393134 5 1 0 1 0 0 0 32 0 0 0 2 0 0 0 3 0 0 0 0 0 0 0 1 0 0 0 0 0
121 CAA 9 0 0 0 0 0 2 0 2 8 0 0 0 4 0 0 395373 8 13 6 2 0 0 0 21 0 2 0 5 2 0 0 5 0 0 0 0 0 0 0 0 0 3 0 0 0 0 2 121 7 0 0 3 2 0 0 0 0 0 0 0 0 0 1
122 TTG 0 0 0 0 0 0 0 0 0 0 0 0 0 0 8 1 0 0 0 0 0 0 0 0 0 0 0 0 3 0 46 7 0 2 0 0 0 0 0 0 0 0 0 0 10 0 4 0 0 0 3 0 0 0 14 0 0 0 1 0 40 0 395114 8
123 AGC 5 44 0 23 0 1 2 15 14 394820 4 28 3 15 0 2 1 2 2 12 0 0 0 0 0 1 0 0 1 0 3 1 0 0 2 0 0 1 10 3 25 33 3 1 6 1 0 1 0 1 0 4 1 0 0 4 0 12 3 2 0 0 0 14
124 TCA 2 4 2 3 34 23 0 3 1 0 6 0 0 1 5 6 0 1 19 4 23 0 0 1 0 0 1 0 0 0 0 6 2 1 3 4 1 2 5 10 46 0 0 6 0 4 0 3 6 0 0 2 393504 33 52 18 1 2 0 0 19 22 0 5
125 GTA 0 0 1 0 10 7 1 2 0 0 0 3 39 0 2 8 0 0 0 0 0 0 0 0 0 1 0 1 0 3 8 0 0 0 0 0 68 0 0 3 0 0 0 0 395107 6 45 15 0 1 6 2 0 2 0 0 0 1 0 8 10 0 2 0
126 TCA 4 3 1 3 11 3 26 2 9 0 0 69 15 0 0 3 15 0 11 0 20 0 2 0 7 10 0 11 0 0 3 6 6 8 6 3 3 0 0 0 6 4 10 5 10 19 4 8 5 0 0 0 395112 18 34 1 0 0 2 0 15 0 14 1
127 TCA 1 12 6 3 9 0 30 11 2 5 0 4 0 0 2 0 0 1 7 0 17 0 0 0 0 0 3 2 0 2 0 0 23 7 1 9 0 0 0 10 3 0 0 0 0 0 1 2 8 5 0 0 394859 5 11 1 0 0 0 0 18 0 0 3
128 TTA 0 0 0 0 1 0 26 2 0 0 0 0 23 18 0 5 0 1 0 0 2 0 0 0 0 0 0 0 23 9 2 0 0 1 0 0 0 9 4 14 0 0 1 0 8 3 0 0 0 0 0 0 10 10 0 1 1 0 2 0 394958 14 28 4
129 GAA 23 0 0 0 8 0 0 3 0 0 0 0 2 0 0 2 3 1 0 8 0 0 0 0 0 0 0 0 1 0 1 0 393469 5 22 3 4 0 0 1 17 0 0 0 3 0 1 2 7 0 2 0 14 0 1 5 1 0 0 0 3 0 0 0
130 AGA 37 0 0 0 0 0 0 3 394586 0 23 0 4 0 0 0 0 0 0 0 0 0 1 0 13 41 0 76 0 0 0 0 0 1 0 0 0 0 0 0 12 0 0 0 0 0 0 0 1 0 0 0 0 0 1 0 3 0 0 0 0 0 0 0
131 TTC 0 0 0 0 0 0 0 0 0 0 0 0 2 0 0 2 0 0 0 0 0 0 0 0 0 0 0 0 0 8 0 0 0 0 0 0 0 0 0 0 0 0 0 0 0 4 0 1 4 7 3 0 0 11 0 0 0 2 0 0 7 392169 0 25
132 GAA 23 0 0 1 0 0 1 0 0 1 0 0 0 0 0 0 7 0 0 0 0 3 0 0 0 0 0 0 0 0 0 0 395258 4 17 2 14 0 0 1 10 0 0 0 5 0 5 0 5 2 0 0 1 1 0 0 1 0 0 0 0 0 0 0
133 ATA 5 0 0 0 8 0 0 0 1 0 0 0 395354 1 20 8 0 0 0 0 0 0 0 0 0 0 0 0 19 0 0 0 1 0 0 0 1 0 0 15 0 0 0 0 12 0 6 1 0 0 0 0 0 0 0 0 0 0 0 0 2 0 4 0
134 TTT 0 0 0 0 0 0 0 0 0 0 0 0 0 0 0 1 0 0 0 0 0 0 0 0 0 0 0 0 0 0 0 9 0 3 0 0 0 0 0 0 0 0 0 0 0 0 0 2 0 2 0 1 0 0 0 2 0 0 0 6 2 36 0 395092
135 CCC 0 30 1 13 7 9 0 7 2 22 2 24 0 1 0 2 13 13 3 3 51 393478 59 38 0 2 0 1 1 10 0 0 13 19 2 7 7 21 3 0 4 0 7 9 2 0 0 4 0 2 1 0 18 23 0 0 0 0 0 1 0 4 0 0
136 AAG 76 4 391597 14 22 16 7 4 6 37 36 15 6 22 12 0 5 6 30 14 0 64 0 31 7 1 5 11 30 6 1 13 6 20 33 10 11 11 8 0 0 4 20 2 26 13 12 3 4 37 2 41 5 13 2 1 1 3 10 0 53 28 65 3
137 GAA 15 4 0 5 0 41 0 0 0 32 0 17 13 23 1 3 1 3 5 7 6 3 4 0 0 0 0 0 0 2 8 21 388445 35 36 37 12 8 13 7 27 4 0 1 30 8 6 6 8 0 1 3 10 0 16 0 5 0 0 0 6 6 1 2
138 AGT 16 5 2 63 1 14 11 15 17 14 20 388442 0 20 0 43 34 7 37 6 23 7 13 13 15 1 5 5 7 5 1 17 17 2 1 20 12 3 0 8 5 1 16 50 2 4 2 0 0 67 0 6 20 104 7 24 0 0 3 1 7 21 5 12
139 TCA 1 9 0 10 33 7 11 1 2 16 1 1 5 8 9 0 2 10 8 8 12 0 0 0 20 0 1 0 0 1 1 4 0 1 0 0 84 37 5 5 0 14 0 0 0 1 2 5 10 8 0 3 392484 6 62 4 2 6 48 2 23 0 2 1
140 TGG 0 0 0 0 0 0 0 0 0 0 7 0 0 0 0 0 0 0 0 0 0 0 0 0 0 0 10 0 0 0 4 0 0 0 0 0 0 0 1 0 0 0 3 0 0 0 0 0 0 5 31 3 0 0 0 0 26 1 376015 3 0 9 12 0
141 CCC 2 3 0 1 9 20 0 2 2 11 0 2 4 2 10 0 1 8 1 2 70 391104 12 41 0 8 2 0 5 26 2 3 18 1 17 8 0 20 3 5 0 1 4 9 6 6 1 6 1 0 0 1 1 84 3 1 0 0 0 0 3 1 19 0
142 AAC 13 393570 0 70 0 11 0 0 0 14 2 0 0 1 0 0 2 6 0 0 0 0 0 0 0 0 0 0 3 2 0 0 1 18 1 0 0 0 0 0 0 0 0 0 0 0 0 0 5 7 2 0 1 0 0 0 0 0 0 0 21 0 0 0
143 CAC 1 26 0 17 6 9 2 0 0 0 0 3 1 5 0 0 15 392703 7 49 0 1 0 0 3 12 1 0 3 10 0 1 4 0 2 0 2 0 1 1 0 0 0 0 0 11 0 1 1 174 0 18 0 3 19 9 0 0 0 0 1 0 0 2
144 ACA 2 0 0 0 389893 34 17 97 1 13 0 2 34 0 0 0 0 0 0 0 10 0 0 0 0 0 1 0 0 0 0 0 0 1 0 1 46 0 0 0 11 0 24 1 0 1 0 1 0 0 0 0 4 4 1 1 0 0 0 0 0 0 0 0
145 TTC 6 5 0 0 0 2 5 4 2 1 4 8 6 4 5 7 0 2 1 0 0 2 0 0 2 3 0 2 1 20 3 2 126 31 106 4 7 95 36 12 18 11 18 3 1 24 3 0 0 14 0 0 10 25 9 4 0 11 3 4 16 371917 6 14
146 AAC 33 382993 15 223 9 19 2 2 11 26 68 2 13 11 1 0 34 26 10 97 5 55 18 6 13 2 9 0 4 21 29 14 9 56 32 8 9 13 16 2 7 4 22 4 24 9 41 14 0 76 3 17 2 7 4 6 0 0 7 0 7 12 2 19
147 GGA 4 0 2 2 1 7 3 5 58 7 1 4 2 4 0 2 0 1 4 11 2 0 2 0 1 4 2 0 3 3 1 2 31 1 2 4 7 5 3 19 369841 37 54 17 9 4 1 0 0 4 0 2 4 0 3 13 13 1 6 0 3 2 2 3
148 GTA 4 4 4 7 74 38 31 8 0 15 1 11 231 31 0 9 2 2 4 12 5 6 8 4 1 0 0 8 16 29 4 19 4 9 1 1 16 27 2 9 26 0 18 7 373122 9 37 3 1 7 0 0 10 29 29 10 0 0 3 1 21 5 17 6
149 ACA 2 0 1 1 382891 19 92 39 0 41 0 11 31 0 0 1 2 0 1 1 2 0 0 0 0 0 0 0 0 1 0 1 1 1 0 1 16 0 1 1 0 0 6 0 0 0 1 3 0 2 0 0 22 22 17 29 0 1 0 0 2 0 0 0
150 GTA 1 3 2 4 1 5 14 1 1 14 0 12 32 10 0 0 10 9 0 15 2 1 0 6 0 0 0 0 55 20 9 15 6 2 5 1 86 6 12 59 21 3 10 11 370608 20 16 18 0 5 1 7 87 93 11 0 0 0 1 0 36 61 6 3
151 TCA 0 0 0 0 11 0 4 2 2 4 0 0 0 0 4 1 5 1 0 1 15 1 1 0 0 0 0 0 0 6 0 0 0 2 0 1 67 13 1 2 3 0 1 1 0 0 5 0 3 0 0 0 368439 26 114 0 2 1 0 0 17 2 0 1
152 TGC 0 0 0 0 0 0 0 0 0 3 0 0 0 0 0 0 0 0 0 0 0 0 0 0 0 11 0 0 0 0 0 0 3 0 1 0 0 0 0 1 1 3 1 0 0 0 0 0 1 54 3 0 1 1 0 0 12 377115 2 47 0 10 0 0
153 TCC 8 13 22 24 12 23 46 5 27 12 14 17 45 6 6 9 10 4 8 17 61 442 0 15 8 18 3 5 38 568 83 48 4 1 32 3 55 3 3 3 31 52 21 39 13 10 43 23 0 34 0 5 11 365757 31 17 0 16 6 3 6 20 12 3
154 CAT 4 23 5 158 62 36 53 76 23 1 55 49 361 3 63 40 18 58 34 383722 567 0 0 8 8 4 1 15 50 71 13 20 4 0 9 127 58 8 9 0 0 0 4 2 269 25 0 10 3 1 1 15 11 0 6 75 1 16 2 8 8 28 26 10
155 AGG 2 1 45 5 1 10 3 0 21 12 387816 30 30 8 55 45 0 4 17 7 0 0 0 1 54 1 3 0 3 3 4 3 0 5 6 0 29 4 1 4 15 13 506 66 0 5 0 25 0 0 573 3 13 0 18 44 0 0 17 0 0 1 0 5
156 GGA 19 7 0 0 0 10 6 2 16 3 0 3 0 0 8 1 18 3 2 3 0 0 0 0 0 0 3 0 0 3 0 0 277 15 5 3 30 50 0 6 388359 20 450 10 5 1 0 0 0 1 0 1 4 8 1 1 4 0 0 0 3 2 0 0
157 AAA 392878 16 45 9 15 61 0 44 19 1 0 24 1 8 11 7 34 191 10 15 0 2 0 0 0 1 0 11 0 25 12 1 45 0 9 35 0 0 0 0 5 11 15 132 6 1 22 0 2 0 0 0 51 11 0 4 0 0 0 0 15 7 17 25
158 AGC 0 70 5 4 2 23 10 3 3 388170 2 131 1 20 2 3 28 8 117 77 5 80 2 16 1 2 0 4 2 7 0 0 2 3 0 0 15 774 4 75 2 133 2 1 3 0 3 29 2 7 0 1 0 19 2 0 0 0 0 0 0 7 0 7
159 AGT 0 19 0 29 37 15 0 20 3 55 17 393312 0 0 9 11 0 8 2 3 0 0 3 4 0 0 0 9 3 7 3 1 0 23 0 0 11 2 2 3 8 6 0 31 1 0 0 1 0 0 0 0 11 6 4 6 0 0 4 0 16 1 0 0
160 TTT 0 0 0 0 0 0 1 0 0 0 0 0 0 0 22 0 0 0 0 0 1 0 0 1 0 0 0 0 0 0 0 6 0 0 0 0 0 0 0 0 0 0 3 0 0 0 0 0 0 0 0 1 0 0 0 13 0 0 0 0 1 10 2 394344
161 TAC 0 6 0 0 0 0 0 0 0 0 0 1 0 0 0 0 0 21 0 0 0 0 0 0 0 0 0 0 1 0 1 0 0 8 0 0 0 0 0 0 2 0 0 0 0 0 0 0 2 392966 0 53 0 0 1 0 0 12 0 0 0 8 0 2
162 AGA 29 45 35 15 1 5 2 0 393084 5 10 7 2 0 0 0 0 1 0 4 0 1 0 0 45 13 1 2 0 0 0 1 0 1 0 0 0 3 0 1 105 0 0 0 0 0 0 0 0 0 1 1 0 4 3 1 8 0 0 0 0 0 0 0
163 AAT 2 21 5 389365 1 2 0 7 0 0 0 8 0 0 0 7 0 0 0 3 0 0 0 0 0 0 0 0 0 0 0 0 0 0 0 7 0 0 0 0 0 0 0 0 0 0 0 0 0 0 0 2 0 1 1 1 0 0 0 0 0 0 0 0
164 TTG 0 0 0 1 0 0 0 0 0 0 0 0 8 2 12 0 0 2 0 0 0 0 1 0 0 0 0 0 1 7 4 7 0 0 0 0 0 0 0 0 0 0 0 0 0 16 20 17 0 0 3 0 0 0 6 0 0 0 0 0 32 0 393721 6
165 CTA 0 7 0 3 0 0 0 2 1 0 1 8 6 0 1 1 7 7 0 7 21 0 0 0 3 0 0 0 393184 30 42 6 0 1 1 0 1 1 0 0 1 1 3 0 9 0 1 0 0 4 0 0 0 2 0 0 0 0 0 0 68 0 0 0
166 TGG 0 0 0 0 0 0 0 0 0 1 6 2 0 0 0 0 1 0 0 0 0 0 1 0 0 0 5 0 0 0 0 0 0 0 0 0 0 0 0 0 0 0 1 0 0 1 0 0 0 0 85 0 0 1 0 0 33 1 394892 5 2 0 6 0
167 CTG 0 0 0 0 3 0 0 0 0 0 0 0 0 6 17 23 0 0 7 0 4 10 27 0 0 0 2 0 44 9 389580 25 0 0 0 0 0 0 0 0 0 0 0 0 1 0 11 18 0 0 0 0 0 0 0 0 0 0 0 2 0 0 83 0
168 ACG 0 1 18 2 51 55 391520 36 18 5 9 2 2 0 86 0 3 2 6 3 0 0 3 0 7 1 2 0 1 21 0 6 1 0 0 0 0 1 40 0 3 10 9 8 2 0 2 1 0 0 0 0 1 4 4 5 0 0 0 2 4 0 1 0
169 AAG 77 10 393222 41 4 9 17 22 3 98 33 62 1 1 56 0 3 33 8 15 0 2 0 0 2 7 8 1 26 39 5 7 0 0 28 0 14 45 9 148 12 16 0 0 27 42 48 8 0 1 1 0 59 43 59 167 0 10 0 5 0 0 8 0
170 AAG 39 51 393346 52 16 5 60 10 2 18 88 10 3 14 38 8 16 43 1 7 1 1 0 1 7 34 0 17 87 77 48 9 0 33 37 3 83 38 121 0 13 11 9 0 12 2 2 3 0 12 2 10 70 30 17 11 1 2 15 0 1 33 44 0
171 GGG 0 17 0 12 4 11 13 7 0 6 14 1 7 3 0 0 7 33 0 2 0 8 4 2 0 0 2 0 13 45 16 2 0 33 101 57 27 59 31 27 43 7 389958 4 2 1 23 1 1 8 1 5 9 5 3 6 0 0 16 0 0 0 20 18
172 GAT 0 13 5 46 48 3 14 3 0 17 0 1 8 1 1 2 21 8 4 0 5 21 7 11 0 0 0 0 4 0 0 6 74 12 80 393382 4 7 1 15 2 0 0 47 4 16 18 13 1 1 3 4 5 14 4 14 0 0 0 0 0 0 6 0
173 TCA 1 32 1 52 97 31 3 12 0 14 0 3 31 32 12 3 3 9 71 35 31 18 4 20 0 1 0 3 13 25 30 7 43 47 26 3 11 7 12 21 0 7 21 12 6 16 79 16 5 6 0 33 393286 21 108 31 1 0 3 0 76 12 6 0
174 TAC 0 6 0 0 0 0 0 0 1 1 0 0 0 0 1 0 0 28 0 0 1 0 1 0 0 0 0 0 0 0 0 1 0 2 0 0 0 0 0 0 0 0 2 0 0 0 0 0 6 393904 2 31 0 5 0 0 0 53 1 0 0 6 0 4
175 CCA 23 22 95 11 94 94 2 48 11 2 3 27 0 17 5 2 88 41 217 0 390361 25 28 20 32 85 4 36 21 85 4 12 8 21 2 50 241 2 105 4 5 6 2 29 16 9 14 24 0 64 0 23 66 6 30 37 0 12 4 3 0 41 4 12
176 AAG 33 15 394118 27 18 5 59 39 11 39 59 10 27 1 98 0 27 13 77 81 49 41 55 91 26 8 0 75 35 48 11 7 0 2 21 0 3 11 0 3 7 2 4 3 17 5 48 2 0 13 1 56 9 9 6 13 0 0 8 7 1 15 2 24
177 CTG 0 0 1 1 6 30 94 9 0 2 0 0 1 9 10 12 0 4 4 3 0 0 15 0 1 0 2 0 54 1 394585 25 0 0 0 0 24 1 53 1 0 0 5 0 47 35 12 49 0 3 0 3 25 6 21 7 0 9 1 4 1 9 21 3
178 ACC 0 8 0 10 36 394286 32 19 0 3 0 13 0 46 0 3 0 13 2 47 0 1 0 0 4 0 4 1 11 7 1 10 3 0 16 0 0 55 35 10 6 0 4 0 0 0 0 25 0 0 0 0 6 26 0 0 0 1 5 0 1 20 1 0
179 AAT 32 29 14 394271 0 4 5 4 0 5 0 18 6 0 2 9 3 1 3 6 0 5 4 3 1 0 2 0 0 4 1 1 0 15 5 10 0 5 2 0 29 8 6 4 19 1 4 0 0 1 0 2 7 0 8 0 0 0 0 3 0 0 1 0
180 TCC 4 8 0 12 1 56 5 50 5 13 15 27 4 2 15 2 1 22 4 1 0 17 0 0 10 1 0 1 17 10 7 0 60 7 4 1 3 6 11 1 6 0 6 0 17 7 0 58 0 45 0 0 38 393072 41 8 0 2 0 0 1 27 0 2
181 TAT 0 0 0 5 0 0 0 0 0 0 0 0 0 0 0 0 0 1 0 73 0 0 0 1 0 0 0 0 0 0 0 2 0 0 0 3 0 0 0 0 0 0 0 0 0 0 0 0 3 6 1 394531 0 0 0 1 0 0 4 12 0 13 0 3
182 GTG 7 10 5 4 0 10 3 17 32 20 0 3 9 4 61 3 23 4 25 0 1 0 0 0 2 2 7 17 8 3 3 1 18 2 16 1 10 39 31 0 1 1 1 0 36 8 393978 18 1 4 0 1 21 0 17 13 0 0 61 0 9 2 4 7
183 AAC 7 395613 3 16 0 5 1 0 0 20 0 0 0 1 0 0 0 1 0 0 0 0 1 0 0 0 0 0 0 0 0 0 0 34 0 0 0 0 0 1 0 0 0 0 0 0 0 0 0 1 0 0 0 0 0 0 0 0 0 0 1 0 0 0
184 AAT 6 13 4 394566 5 9 2 56 3 0 0 49 2 1 2 2 0 2 4 4 0 0 0 1 3 0 6 0 15 7 2 0 0 0 2 22 1 6 0 2 0 3 1 37 4 14 5 7 0 3 0 3 4 0 0 8 0 0 2 5 4 1 0 0
185 AAA 394908 30 79 15 6 0 0 0 65 3 0 0 11 2 12 4 6 2 6 1 0 0 0 0 3 1 7 0 3 2 9 1 43 0 8 0 0 2 1 0 1 22 3 5 0 0 0 6 6 2 0 0 0 0 0 0 0 0 1 0 2 1 10 2
186 GGG 0 0 0 0 3 10 3 3 0 0 52 0 0 0 0 1 0 0 0 7 0 1 4 2 6 0 0 4 0 3 10 2 0 6 91 11 32 1 1 2 36 15 394959 13 0 0 19 1 0 0 0 2 1 2 0 53 0 0 38 0 2 0 0 3
187 AAA 395425 19 72 7 0 1 1 1 20 0 0 4 1 5 4 0 26 2 1 0 0 0 0 0 0 0 0 5 1 10 0 0 51 0 4 0 5 10 0 10 3 3 2 0 6 1 0 18 1 2 0 1 0 3 0 0 0 8 2 7 5 2 0 3
188 GAA 20 6 1 0 0 0 7 0 5 35 5 5 2 8 1 8 3 28 3 2 12 16 2 4 0 1 0 0 1 19 8 0 395181 52 25 13 18 1 0 0 19 0 2 0 11 4 0 12 12 0 4 2 4 12 0 2 0 0 0 0 9 8 0 0
189 GTC 0 0 0 0 0 0 0 0 0 0 0 0 12 65 0 2 0 0 0 0 0 0 0 0 1 0 0 0 6 2 8 0 0 2 0 0 0 9 0 0 0 3 0 1 24 394959 27 59 1 0 0 0 0 0 0 0 0 0 0 0 0 0 1 0
190 CTT 0 0 0 0 1 0 0 0 0 0 0 0 0 0 26 24 0 0 0 11 0 0 0 57 0 0 0 13 10 28 10 394144 0 0 1 0 0 0 0 0 0 0 0 0 0 1 0 2 0 0 0 0 0 0 0 0 0 0 0 0 11 0 1 10
191 GTA 0 0 0 0 0 0 0 0 0 0 0 0 19 1 2 7 0 0 0 0 0 0 0 0 0 0 0 0 25 0 5 9 6 0 0 0 11 0 0 0 0 0 2 0 297358 1 33 10 0 1 0 0 0 0 0 0 0 0 0 0 13 0 5 3
192 CTA 0 0 1 0 0 0 0 0 0 0 0 0 28 4 2 0 4 0 0 0 25 0 0 0 0 0 0 0 297477 2 12 11 0 0 0 0 0 0 0 0 0 0 0 0 1 4 0 5 0 0 0 1 0 0 0 0 0 0 0 0 19 0 6 2
193 TGG 0 0 0 0 0 0 0 0 0 0 1 0 0 0 0 0 0 0 0 0 0 0 0 0 0 0 12 0 0 0 0 0 0 0 0 0 0 0 0 0 0 0 1 0 0 0 1 0 0 0 10 1 0 0 0 0 13 0 296464 9 0 1 6 4
194 GGT 0 0 0 0 0 0 0 0 0 0 0 19 0 0 0 0 0 0 0 0 0 0 0 0 0 0 0 0 0 0 0 0 0 0 0 17 10 0 0 0 7 25 26 296429 0 0 0 1 0 0 0 0 0 0 0 0 0 0 0 3 0 0 0 0
195 GTT 0 0 0 0 0 2 0 0 0 0 0 0 1 6 2 56 0 0 0 0 0 0 0 0 0 1 0 0 26 1 0 5 0 0 0 2 0 0 0 35 0 0 0 1 2 45 9 296794 1 0 0 2 0 0 0 0 2 0 0 1 0 4 0 5
196 CAT 0 0 0 2 0 0 0 0 0 0 0 0 0 0 0 0 1 36 1 296930 0 0 0 0 0 0 0 15 0 0 0 2 0 0 0 1 0 0 0 0 0 0 0 0 0 0 0 0 0 0 0 12 0 0 0 0 0 0 0 0 0 0 0 0
197 CAC 1 114 2 11 1 6 6 10 0 3 0 1 0 0 0 6 3 296982 1 25 0 0 0 0 1 16 0 0 0 7 2 0 1 76 3 10 7 4 3 3 0 4 0 1 0 0 0 0 0 26 0 6 2 31 12 0 0 1 10 7 58 2 9 3
198 CCG 0 0 1 0 0 0 8 0 0 0 0 2 0 0 0 0 0 0 17 0 75 1 297155 10 0 0 0 0 0 0 9 0 0 0 0 0 0 1 0 9 0 0 0 0 0 0 0 0 0 0 0 0 0 0 33 0 1 3 0 0 0 0 0 0
199 TCT 0 0 0 2 0 0 0 4 0 0 0 13 2 0 3 2 0 0 0 0 0 2 0 17 0 0 0 0 0 0 0 0 0 1 0 5 0 0 0 1 2 0 5 0 0 0 5 0 0 3 0 46 3 24 4 297325 0 0 0 0 0 0 0 15
200 AGC 0 28 0 0 0 0 0 0 11 296603 0 40 0 12 0 0 0 0 0 0 0 0 0 0 0 1 0 0 0 0 0 0 0 0 0 0 0 0 0 1 0 22 0 0 0 0 0 0 0 0 0 0 0 0 0 1 0 6 0 0 2 0 0 0
201 AGT 0 20 6 16 0 49 2 6 6 8 3 296816 1 43 9 18 10 3 0 4 0 0 0 1 4 0 0 3 8 1 2 1 12 0 12 0 0 1 0 0 0 12 0 39 2 0 0 2 0 2 0 6 2 25 4 0 0 0 12 5 1 2 1 2
202 GAT 2 3 0 14 0 1 0 1 0 68 0 2 8 5 2 0 2 0 1 2 0 0 0 1 0 0 1 0 0 4 3 8 38 26 4 297172 10 2 0 3 1 3 1 14 1 2 2 4 0 0 0 11 9 3 11 4 0 0 0 0 0 1 6 1
203 GAG 0 0 12 0 0 0 0 0 1 0 0 0 1 0 0 0 0 0 0 1 0 0 0 0 0 1 0 0 0 0 0 1 67 3 296649 9 0 2 0 0 1 0 46 0 0 0 1 1 1 0 7 0 0 0 0 0 0 0 1 2 0 0 0 0
204 CAA 9 0 0 0 0 0 0 0 0 0 0 0 0 0 0 0 297172 2 14 6 1 0 0 0 5 0 0 0 2 0 0 0 4 0 0 0 0 9 22 3 0 0 0 0 0 0 0 0 18 0 0 0 3 0 0 0 0 0 0 0 0 0 0 0
205 CAG 0 5 3 42 3 3 0 3 7 3 4 6 0 0 0 12 11 1 295847 5 0 1 6 0 0 1 63 0 26 2 2 0 1 0 38 1 0 5 17 0 4 10 0 4 1 1 13 1 1 0 5 30 0 0 11 0 0 0 1 0 0 2 5 3
206 AGT 0 1 0 20 0 13 0 0 0 15 0 296728 7 8 2 13 6 0 1 0 0 0 0 0 0 0 0 1 10 0 1 2 15 35 5 49 1 26 4 2 1 4 10 42 0 0 0 5 0 1 0 3 4 1 13 5 0 0 0 5 1 4 2 2
207 CTC 1 0 0 0 0 1 0 1 5 1 1 0 0 5 47 2 7 7 0 10 0 6 0 1 1 2 3 0 27 296851 91 7 0 0 0 0 0 2 0 2 0 0 0 0 0 0 6 5 0 0 0 7 0 0 0 0 0 0 0 1 1 7 0 0
208 TAT 0 0 0 2 0 0 0 0 0 0 0 1 0 0 0 0 0 0 0 27 0 0 0 0 0 0 0 0 0 0 1 0 0 0 0 3 0 0 0 0 0 0 0 0 0 0 0 0 1 19 2 296973 0 0 0 3 0 0 0 4 0 0 0 0
209 AGT 3 6 1 36 6 1 49 47 4 18 4 296263 15 1 14 23 8 0 4 0 10 7 10 0 1 1 2 3 28 9 10 35 5 71 0 20 3 0 0 8 24 6 5 130 4 1 0 0 0 5 0 30 1 1 1 13 0 0 0 13 13 7 31 11
210 AAT 7 10 35 294908 3 1 1 7 1 3 0 14 25 16 2 2 4 0 15 24 22 14 57 7 1 8 0 2 2 0 5 0 1 2 46 64 19 0 30 94 0 38 0 1 5 0 3 12 0 7 0 3 61 21 0 2 1 0 6 0 30 10 14 2
211 GGA 0 7 0 10 9 45 2 1 15 16 1 1 8 9 0 1 5 4 4 1 7 33 0 2 1 2 0 0 0 2 1 0 29 3 4 2 0 3 0 0 296047 3 25 5 0 0 0 0 0 1 0 0 0 29 24 10 8 0 0 1 8 9 21 9
212 AAT 5 15 14 296580 2 1 2 4 2 0 1 49 16 2 13 2 8 35 7 9 3 71 1 4 0 1 2 1 0 6 4 0 12 0 0 18 17 0 2 11 2 22 0 5 4 6 4 23 0 10 0 5 0 1 2 3 0 0 6 1 3 1 8 19
213 GCT 12 0 0 1 42 11 16 46 2 2 8 21 3 1 1 3 2 6 0 1 4 53 5 45 0 6 2 0 0 1 9 5 0 1 0 5 24 21 6 295221 0 0 4 0 1 11 4 23 0 0 0 2 6 0 6 85 1 7 0 0 1 0 1 20
214 TAT 10 0 0 1 1 0 1 3 1 0 2 0 0 18 1 0 3 0 37 54 0 0 0 0 0 2 1 0 1 1 0 0 1 3 0 1 0 1 0 0 0 1 4 2 323 4 2 9 3 6 0 296644 9 1 15 7 0 0 2 18 5 18 6 2
215 GTC 0 0 0 0 0 0 0 0 0 0 0 0 12 20 0 0 0 0 0 0 0 0 0 0 0 0 0 0 0 2 2 0 0 1 0 0 0 8 0 0 0 1 0 0 14 297284 5 14 0 0 0 0 0 0 0 0 0 0 0 0 5 2 0 1
216 TCT 9 3 7 0 17 0 6 8 145 0 7 4 34 11 3 23 1 4 3 0 0 0 0 35 1 0 19 9 15 1 0 4 2 1 0 8 29 11 7 12 0 3 0 0 21 1 5 87 0 146 1 23 10 35 16 296385 0 0 7 5 1 14 36 9
217 GTA 0 0 0 0 0 0 0 0 0 0 0 0 39 0 0 4 0 0 0 0 0 0 0 0 0 0 0 0 0 0 0 0 0 0 0 0 10 1 2 1 2 0 0 0 296728 6 65 6 0 0 0 0 0 0 0 0 0 0 0 0 2 0 0 0
218 GCG 0 0 0 0 2 87 33 1 0 36 6 0 2 12 27 8 20 39 38 0 0 0 0 0 2 0 0 10 11 7 5 0 2 1 7 0 61 20 293156 31 0 2 5 1 0 7 109 0 0 0 0 3 11 9 18 19 0 6 16 0 0 4 3 0
219 TCT 17 0 4 2 12 6 2 30 0 6 0 7 0 0 0 0 2 0 12 4 0 0 0 22 0 1 0 0 0 0 0 0 0 0 0 0 3 4 6 5 19 22 12 0 0 3 0 0 0 0 0 8 30 93 44 295871 0 3 1 7 0 0 1 13
220 TCA 22 3 2 21 11 6 43 2 40 13 2 1 1 3 45 1 10 6 6 74 149 41 15 10 0 22 0 4 8 33 9 2 2 92 1 10 5 4 4 49 15 25 6 2 1 33 4 0 3 3 2 10 295294 3 21 7 2 6 7 1 57 1 14 1
221 AAT 9 16 4 296443 5 1 2 21 7 4 6 14 2 1 0 9 1 6 17 14 2 0 0 2 0 4 4 3 1 0 6 0 0 0 14 31 10 14 2 2 9 3 7 8 0 2 0 1 1 0 0 3 7 6 14 2 0 0 1 0 1 1 1 2
222 TAT 0 0 3 8 14 9 21 9 4 4 0 2 1 2 22 6 0 5 2 32 0 0 0 0 2 0 1 1 18 3 9 7 3 3 1 3 1 3 2 2 0 0 0 0 8 6 13 18 8 50 1 296502 2 3 1 6 0 3 26 18 16 4 13 9
223 AAC 10 295202 2 67 0 6 2 0 0 23 1 1 41 106 7 5 12 47 11 238 0 0 0 0 3 4 5 2 1 18 15 2 190 61 4 1 11 32 27 1 2 4 3 11 11 21 13 52 2 42 0 31 1 0 7 0 0 2 3 11 66 96 43 49
224 AGG 29 17 28 21 1 28 12 11 25 10 290951 13 1 2 24 3 3 19 67 21 0 0 0 0 12 14 18 48 1 3 16 7 1 2 1 3 17 2 3 8 1 15 41 46 4 18 2 1 1 2 0 2 39 7 13 10 0 3 10 1 8 2 0 5
225 AGA 30 2 8 3 2 0 0 0 291801 0 26 1 6 4 29 1 2 3 4 0 0 0 1 0 3 2 0 7 1 17 18 1 0 0 0 0 1 1 2 0 42 0 0 0 1 2 0 0 0 1 0 0 0 2 0 0 3 0 0 0 0 0 3 0
226 TTC 0 2 0 1 2 22 9 2 0 7 0 0 18 16 5 16 2 3 2 2 0 0 0 0 0 0 0 0 19 16 12 4 3 0 5 0 5 0 1 0 0 0 0 0 39 24 44 22 0 3 0 27 4 28 9 0 1 4 17 3 31 293954 2 55
227 ACC 45 10 1 13 18 295423 5 28 10 25 8 1 30 23 37 7 0 13 9 2 1 3 1 1 7 22 2 3 0 12 7 1 7 1 0 0 10 140 10 10 0 12 0 0 1 5 2 3 0 5 0 6 3 14 2 31 0 4 16 2 1 55 0 15
228 CCG 1 3 0 2 8 5 16 1 0 6 0 4 6 8 5 62 2 0 10 0 61 36 295402 35 1 2 54 3 0 5 19 1 3 0 7 0 3 23 8 9 3 0 4 0 21 4 12 25 0 3 1 3 0 2 43 6 0 0 0 6 2 0 3 0
229 GAA 10 2 2 0 20 2 11 45 0 14 2 10 0 6 0 0 2 14 8 3 1 6 0 5 0 10 4 6 6 0 2 0 288623 26 32 12 11 1 5 7 53 49 24 26 11 7 3 6 9 50 0 41 100 25 11 37 0 21 10 17 9 96 9 43
230 ATA 9 1 1 16 27 12 15 0 0 1 2 1 296685 9 53 27 6 6 2 3 12 29 9 15 9 7 1 1 3 8 3 17 0 2 3 3 2 0 2 11 1 2 2 2 50 22 3 16 0 8 4 3 1 19 7 2 0 4 0 5 7 2 4 5
231 GCT 9 4 0 2 42 12 73 39 43 23 21 14 0 2 3 2 56 8 63 9 0 0 0 0 2 7 14 11 40 30 14 2 1 2 0 12 11 54 15 283914 2 2 2 3 13 48 64 303 0 135 1 19 14 2 18 16 0 8 10 27 21 16 18 0
232 GCA 15 24 24 50 128 2 2 28 36 65 14 10 41 104 67 113 16 81 11 168 57 11 39 26 16 30 47 10 20 9 19 37 43 38 23 65 292063 48 97 10 14 2 42 13 29 34 43 109 0 29 0 147 17 2 7 7 3 20 35 19 24 84 75 56
233 AGG 32 7 40 1 1 0 4 4 77 1 280681 12 2 0 35 0 1 0 1 2 0 0 2 0 1 1 29 22 2 0 6 0 2 0 0 0 1 3 6 0 0 0 54 0 0 0 0 3 0 3 0 6 2 0 1 1 0 0 20 0 6 9 3 1
234 CCC 13 4 7 3 2 29 4 0 44 0 3 5 2 8 2 40 8 31 0 0 34 292795 2 90 6 65 0 17 4 13 4 19 0 0 0 0 23 47 13 1 1 1 5 5 9 1 6 1 0 52 0 1 8 26 8 1 0 0 0 1 6 6 0 15
235 AAA 289550 17 58 10 6 1 40 3 23 34 5 1 12 5 47 13 31 9 65 0 6 11 16 2 8 107 1 9 35 101 191 7 57 7 17 0 51 12 52 25 1 3 3 2 78 21 0 30 1 122 0 2 62 37 4 12 0 168 28 3 57 1 25 33
236 GTA 1 34 5 13 49 16 6 9 24 12 5 14 63 9 71 17 16 70 28 2 0 3 2 0 7 20 2 0 5 12 17 70 1 3 0 26 36 9 9 44 1 0 0 0 294115 34 53 8 8 8 1 2 3 21 18 18 0 3 1 6 46 3 6 9
237 AGA 64 51 69 24 3 7 1 3 292496 28 43 4 18 19 49 7 58 13 28 4 0 1 1 0 13 4 0 2 22 25 6 12 2 1 19 2 7 28 13 8 75 2 3 3 7 17 2 23 0 3 0 12 42 9 26 0 0 21 3 1 7 29 3 35
238 GAT 0 9 0 13 8 3 7 0 1 1 0 0 0 12 0 0 0 2 0 1 0 2 0 0 0 0 0 0 0 0 0 0 5 25 3 286910 0 0 0 0 1 0 0 9 0 0 0 1 0 0 0 5 3 0 0 1 0 0 2 0 0 0 0 0
239 CAA 17 21 1 14 13 5 2 1 1 5 1 8 8 7 21 4 291248 10 83 7 7 3 1 2 30 0 0 4 12 12 6 1 2 0 2 2 3 2 2 8 2 0 0 1 16 0 8 25 10 0 0 0 2 5 5 6 0 4 0 0 8 3 5 1
240 CAT 0 24 0 24 3 0 3 15 0 0 0 15 48 12 4 0 7 18 17 271337 22 6 0 16 0 8 6 14 14 16 1 8 11 0 3 1 3 6 5 0 1 0 0 2 21 23 7 0 0 3 0 18 10 17 2 0 0 0 0 0 2 2 23 0
241 GGG 0 0 0 0 0 0 0 0 0 2 7 0 0 0 0 0 0 0 0 0 0 0 0 0 0 0 0 0 0 0 0 0 0 0 19 0 0 0 0 0 15 2 266232 7 0 0 8 0 0 0 0 0 0 0 0 0 0 0 6 0 0 0 2 0
242 AGG 0 0 42 0 2 0 0 1 19 0 269698 10 0 2 4 0 1 0 0 0 0 0 0 0 0 0 9 4 0 0 0 0 0 0 0 0 0 0 0 1 0 0 21 0 0 0 2 0 0 0 0 0 0 0 5 0 0 0 6 0 1 0 1 1
243 ATG 0 0 0 0 1 3 8 1 0 0 0 1 26 6 276958 16 1 0 2 0 0 2 0 0 0 0 0 1 1 3 0 4 0 0 0 0 0 0 0 0 0 0 0 0 0 0 16 0 0 1 0 0 0 0 0 0 0 2 0 0 0 3 2 1
244 AAC 20 283094 13 16 0 1 1 3 3 9 4 0 18 45 17 16 15 59 3 1 3 1 2 3 0 0 0 1 3 8 8 0 0 27 9 0 4 13 8 6 0 1 2 2 0 1 0 8 1 43 0 10 11 0 1 2 1 1 2 0 35 2 21 12
245 TAT 0 0 0 1 2 3 4 1 2 0 0 0 0 0 5 1 0 0 0 25 0 0 0 0 0 0 0 0 1 0 0 0 0 0 0 1 0 1 0 1 0 0 0 0 2 0 1 0 14 17 3 280457 0 0 0 0 0 0 0 9 0 1 0 3
246 TAC 0 6 0 0 0 0 0 0 0 0 0 0 2 0 4 1 0 99 0 32 0 0 0 0 0 0 0 0 5 2 3 2 0 3 0 0 2 5 9 2 2 2 3 1 0 0 1 0 5 286978 1 27 0 5 0 0 0 15 0 1 1 31 2 12
247 TGG 0 0 0 0 0 0 0 0 0 0 2 0 0 0 0 0 0 0 0 0 0 0 0 0 0 0 35 0 0 0 0 1 0 0 0 0 0 0 0 0 0 0 1 0 0 0 0 0 0 0 14 0 0 0 0 0 18 0 291093 3 1 1 9 2
248 ACC 4 7 3 5 18 270913 8 36 4 5 2 6 3 33 8 2 13 10 3 14 0 3 0 0 1 2 0 0 10 7 7 7 1 0 2 0 1 13 0 12 0 1 0 0 2 0 7 3 1 4 0 0 1 14 1 16 0 0 1 1 13 0 13 1
249 TTG 2 2 0 0 0 1 30 4 0 0 3 0 19 1 9 22 0 0 0 0 0 0 1 0 0 2 4 0 0 34 18 11 0 0 0 0 1 0 1 0 0 0 0 0 16 15 15 4 3 0 2 1 0 0 32 0 0 0 2 2 188 1 287978 10
250 CTA 0 0 0 0 0 0 0 0 0 0 0 0 14 24 1 10 0 0 0 0 12 0 0 0 1 0 0 0 278276 56 42 6 0 0 0 0 0 0 0 0 0 0 0 0 10 6 4 10 0 0 0 0 0 0 0 0 0 0 0 0 77 0 7 1
251 GAA 30 19 17 15 23 6 0 6 23 39 9 0 9 2 66 6 49 8 5 8 27 14 128 10 6 0 15 0 3 1 0 0 293269 10 19 12 15 17 19 2 42 12 11 1 4 27 8 0 7 31 0 87 6 13 0 5 1 2 1 2 9 14 4 0
252 CCC 0 0 0 2 1 3 0 3 0 0 2 1 0 1 1 0 1 15 2 9 31 284817 6 23 0 0 0 0 2 10 0 0 0 3 2 4 2 3 0 3 0 0 0 0 0 0 0 3 0 0 0 0 1 21 0 1 1 0 0 0 0 0 0 0
253 GGA 1 3 4 0 6 14 1 2 70 6 9 18 0 0 3 0 2 0 5 0 0 0 0 0 7 9 4 1 4 3 1 4 10 16 0 1 4 3 11 18 290228 0 124 21 2 0 0 1 0 9 0 0 0 2 5 0 4 0 0 0 2 7 1 0
254 GAC 0 25 0 0 1 2 0 0 0 3 0 0 0 0 0 0 76 41 15 15 0 3 0 0 0 1 0 0 0 0 0 0 27 289633 20 18 1 1 21 0 0 23 12 0 1 1 1 0 2 12 1 0 6 17 1 3 2 0 0 0 0 2 0 0
255 ACA 2 68 2 13 281377 23 15 51 2 0 6 21 21 4 1 9 20 15 4 12 2 0 5 0 1 3 6 4 0 1 0 1 12 0 12 8 8 11 22 2 1 12 3 3 14 15 0 15 0 20 0 12 9 10 0 1 0 7 25 2 0 13 0 2
256 ATA 4 0 0 0 10 0 0 0 0 0 0 0 294074 9 9 22 0 0 0 0 0 0 0 0 0 0 0 0 7 9 1 8 0 0 0 0 0 1 1 0 0 0 0 0 9 0 6 0 1 0 1 0 0 0 0 0 1 0 0 0 37 1 10 0
257 ATA 0 5 4 38 52 15 0 13 4 22 2 19 291381 12 61 47 65 14 45 7 0 0 0 0 1 9 7 7 43 35 16 27 2 4 12 5 4 37 15 36 14 62 2 22 48 5 8 0 0 7 0 46 16 62 23 16 9 17 13 24 76 71 21 4
258 TTT 0 0 0 0 0 0 0 0 0 0 0 2 0 7 2 24 0 0 0 0 0 2 0 1 0 0 0 0 3 2 0 9 0 0 0 0 0 0 0 0 0 0 0 0 4 1 0 5 0 10 0 3 0 0 0 8 0 1 3 1 10 13 2 293994
259 GAG 0 0 8 0 3 0 5 1 0 0 0 2 0 0 5 1 0 1 5 0 0 0 0 0 0 1 0 1 0 0 0 0 16 0 295776 11 0 0 7 0 2 0 58 0 0 21 8 0 0 0 3 0 3 1 2 4 0 0 0 0 0 0 0 0
260 GCA 0 0 0 0 39 1 0 0 0 4 0 1 0 0 0 0 0 0 0 0 0 0 0 0 0 0 0 0 0 0 0 1 7 0 0 0 288916 17 24 21 4 2 1 0 20 0 0 0 0 0 0 0 12 1 0 1 0 0 0 1 0 0 0 0
261 ACT 0 0 0 12 60 60 12 290950 0 12 0 24 9 0 1 12 0 0 2 0 0 0 0 2 1 0 0 0 0 1 0 0 5 2 4 0 0 4 5 7 0 0 0 0 1 0 1 0 0 8 0 0 8 5 11 2 0 0 1 0 1 1 4 0
262 GGT 0 0 0 0 0 0 0 0 0 0 0 28 0 0 0 0 0 0 0 0 0 0 0 1 0 0 0 0 1 0 0 0 0 0 2 18 1 1 0 1 12 40 23 295476 0 0 0 4 0 0 0 0 0 0 0 0 0 0 0 4 0 0 0 0
263 AAT 0 21 0 294701 0 0 0 0 0 0 0 13 0 0 0 0 0 0 0 1 0 0 0 0 0 0 0 0 0 0 0 0 0 0 0 15 0 0 0 0 0 0 3 0 0 0 0 0 0 0 0 3 0 0 0 0 0 0 0 0 0 0 0 0
264 CTA 0 0 0 0 0 0 0 0 0 0 0 0 9 6 3 1 1 0 0 0 53 0 0 0 2 0 0 0 294671 9 12 3 1 0 0 0 1 2 1 0 0 0 0 0 1 2 0 0 0 7 0 0 0 0 0 0 0 0 2 0 21 13 0 5
265 ATA 5 0 0 0 6 0 0 0 0 0 0 0 295149 17 97 3 0 0 0 0 0 0 0 0 0 0 0 0 3 148 14 5 0 0 1 0 3 9 14 8 0 0 0 0 22 3 20 4 2 0 0 2 0 0 0 0 0 0 0 0 35 0 13 0
266 GCA 0 0 0 0 18 0 0 0 0 1 0 1 0 2 6 0 0 0 0 1 1 6 0 0 0 0 1 0 0 2 0 0 7 1 0 0 295518 31 9 13 4 0 0 0 19 6 3 1 0 0 0 0 4 0 0 3 0 0 0 1 1 0 0 0
267 CCA 0 0 0 0 2 0 0 0 0 0 0 0 0 0 0 0 3 0 0 0 293370 31 28 20 0 0 0 0 7 0 0 0 0 0 0 0 2 0 0 0 0 0 0 0 0 0 0 0 0 0 0 0 8 0 0 0 0 0 0 1 0 0 0 0
268 TGG 2 1 2 2 9 2 1 6 0 0 3 0 1 2 0 4 3 1 0 2 0 0 0 0 1 0 8 2 0 1 2 3 2 0 1 0 0 5 10 0 0 0 6 2 0 29 1 1 0 3 7 4 37 11 1 2 23 2 294643 2 8 0 10 2
269 TAT 2 0 0 6 0 1 0 3 0 0 0 0 0 3 14 0 4 12 2 72 0 0 0 0 0 1 0 0 0 0 0 0 0 0 0 0 1 0 0 0 0 0 0 0 0 1 1 2 3 11 1 296056 1 0 0 1 0 1 23 10 1 0 0 22
270 GCT 0 0 0 0 0 0 0 29 0 0 0 6 0 0 0 0 0 0 0 1 0 0 0 1 0 0 0 0 0 0 0 0 0 0 0 12 6 31 25 295186 10 2 17 10 0 0 0 20 0 2 0 0 4 11 3 16 0 1 0 0 0 0 0 2
271 TTC 0 0 0 0 0 1 1 0 0 0 0 0 0 1 0 0 0 10 1 3 0 0 0 0 0 0 1 0 5 18 1 5 0 0 0 0 0 0 1 0 0 0 0 0 0 0 0 0 0 15 0 17 0 16 0 0 1 0 1 0 15 295859 5 111
272 GCA 5 0 1 0 57 2 3 2 3 7 0 2 1 7 0 5 4 0 45 2 0 0 0 0 1 1 0 3 2 3 3 11 17 0 26 0 295605 11 43 31 7 13 5 20 32 21 33 0 1 6 0 3 14 7 4 14 0 2 0 0 2 2 47 3
273 CTG 0 0 0 0 1 1 0 1 0 0 0 0 2 0 15 17 0 0 4 0 0 0 99 0 0 0 5 0 131 13 295263 26 0 0 0 0 0 0 0 1 0 0 0 0 18 2 10 17 1 0 0 0 0 0 0 0 0 1 0 6 4 3 52 0
274 AGT 15 5 1 43 25 12 1 27 5 12 19 295704 3 18 19 9 14 2 0 1 0 1 0 1 1 5 3 4 21 16 1 6 19 11 4 2 5 4 3 3 19 0 4 35 1 17 6 41 1 12 0 5 11 25 12 7 0 1 5 2 10 4 48 5
275 AGA 48 1 16 0 6 4 4 2 296696 1 67 4 4 0 0 0 1 3 0 11 2 4 5 2 7 32 0 1 2 0 0 2 0 0 1 0 0 0 0 2 14 0 4 0 0 0 0 0 1 4 0 2 0 0 3 5 0 0 0 0 1 3 0 0
276 GGG 6 159 1 78 6 1 28 1 13 27 16 15 1 0 9 2 26 8 9 16 0 4 0 0 7 14 4 7 9 0 1 12 28 16 24 0 21 11 7 3 28 26 295914 14 7 14 10 3 0 0 0 33 69 36 36 47 1 1 29 1 0 0 6 1
277 TTT 7 8 8 6 5 12 1 48 9 51 17 38 74 14 7 17 74 50 9 35 20 17 1 10 5 17 7 1 14 19 4 16 8 11 14 2 8 1 3 58 18 5 24 32 20 9 22 41 0 12 0 7 28 21 7 50 3 1 29 7 7 134 7 295724
278 GAG 25 42 16 31 1 27 1 6 20 25 14 16 18 11 0 7 3 11 49 5 48 5 11 9 18 6 5 11 1 41 3 9 54 12 296173 30 8 2 27 32 17 1 123 26 9 3 17 11 0 60 6 1 1 7 0 1 0 0 4 0 8 5 5 6
279 TCC 7 4 0 21 7 4 1 0 9 0 0 3 0 1 0 0 3 10 2 3 0 18 1 0 0 11 0 0 0 5 0 0 0 0 0 0 3 2 1 3 0 0 0 1 0 1 0 0 1 7 0 0 34 295315 10 66 1 1 0 1 0 11 0 0
280 GGC 0 0 1 1 6 19 4 1 0 67 0 0 0 0 0 0 0 2 3 2 1 5 0 8 0 3 0 0 1 1 0 0 0 38 0 0 1 14 0 2 12 295821 11 36 0 8 0 1 0 0 0 0 0 1 3 12 0 6 0 0 0 0 0 0
281 ATC 0 1 0 0 0 21 1 0 0 0 0 2 29 295679 2 26 0 0 0 0 0 0 0 1 0 0 0 0 7 12 11 5 0 0 0 0 0 0 0 1 0 0 0 0 21 9 5 1 2 7 3 5 0 0 0 0 0 0 0 0 0 45 3 48
282 ATC 2 3 0 0 0 16 0 0 0 0 0 0 14 294891 0 30 0 0 0 0 0 0 0 0 0 0 0 0 3 6 0 0 0 0 0 0 0 0 0 0 0 0 0 0 12 16 1 3 2 0 0 1 0 1 3 0 0 0 0 1 5 38 11 8
283 ACC 5 6 4 2 40 295982 24 45 38 2 32 11 20 20 15 14 76 1 38 13 0 5 1 0 9 3 2 6 108 16 2 28 32 0 5 1 34 3 1 4 0 0 2 1 16 0 11 25 0 3 0 13 40 2 2 59 0 10 3 16 7 6 12 49
284 TCA 0 0 0 1 29 1 37 8 0 9 0 12 0 1 0 0 0 1 6 1 55 0 0 0 0 0 0 0 4 0 1 0 1 0 0 1 16 6 0 1 0 1 1 3 3 4 1 13 5 2 1 0 295383 7 103 61 2 1 0 0 2 3 0 0
285 AAC 10 294627 4 189 10 24 3 8 17 9 10 5 3 15 5 1 11 4 4 4 0 0 1 1 23 2 3 18 6 3 3 2 6 22 16 54 20 48 1 6 2 1 4 1 60 7 8 15 1 3 0 7 15 23 12 16 0 0 0 0 26 3 2 8
286 GCG 8 21 15 9 2 0 57 16 0 0 3 4 22 10 12 8 6 23 12 0 0 0 1 0 3 13 9 7 31 3 1 43 3 1 21 0 76 5 392933 21 0 4 0 0 25 4 23 3 0 0 0 5 19 11 18 14 2 2 0 4 56 18 156 4
287 TCA 5 0 21 20 19 0 0 46 2 25 0 6 20 9 0 10 2 3 0 43 100 16 0 14 2 11 0 3 5 0 0 0 7 6 4 7 1 1 0 0 0 0 0 1 4 0 0 0 5 4 0 9 393200 37 23 42 0 0 0 0 49 0 1 11
288 ATG 3 2 12 6 92 4 23 55 5 1 10 2 146 5 392809 16 0 1 36 10 3 104 6 2 0 0 0 6 4 12 47 35 3 0 2 0 4 0 0 2 1 6 3 1 5 1 23 5 1 3 0 7 13 2 0 11 0 0 18 2 24 5 5 4
289 CAT 0 3 5 11 17 8 0 163 0 24 2 2 4 2 3 6 39 33 3 392977 0 0 0 4 1 2 0 48 4 1 3 1 11 3 0 3 59 23 5 2 3 19 5 32 7 3 5 2 1 0 0 84 17 22 10 0 0 2 5 2 1 2 4 1
290 GAG 0 2 16 5 13 0 12 11 1 2 0 3 3 6 0 1 5 1 1 0 1 9 0 2 0 0 0 0 11 3 6 0 34 19 392890 36 0 5 4 3 8 6 82 0 1 4 1 2 0 1 7 0 19 0 8 11 0 0 2 0 6 3 0 3
291 TGT 0 0 0 0 0 0 0 0 0 0 0 1 0 0 1 0 0 1 0 0 0 0 0 0 0 1 0 5 2 0 0 0 0 0 0 0 0 1 0 0 0 0 1 1 0 0 0 0 0 0 0 54 0 0 0 0 17 197 0 393404 0 0 0 6
292 AAC 7 392841 2 69 4 6 0 13 0 104 0 3 9 13 0 7 3 32 6 0 0 0 0 0 0 0 0 0 5 9 0 9 11 117 0 2 2 1 0 1 0 1 0 0 7 3 0 3 0 7 0 1 12 1 1 18 0 0 0 0 0 5 0 1
293 ACG 0 0 15 4 80 14 393104 23 0 21 10 22 0 0 24 0 0 0 0 1 0 0 3 2 0 0 0 0 0 0 0 1 1 0 0 0 1 3 77 3 1 0 0 0 0 0 0 2 0 0 2 1 0 8 1 6 0 0 0 1 0 0 1 2
294 AAG 50 41 392730 23 31 7 37 4 7 3 55 5 3 54 13 19 54 44 33 2 4 1 1 14 11 11 0 6 4 15 32 16 10 1 35 9 65 3 6 5 7 26 7 1 7 2 16 17 1 5 3 8 11 10 6 33 0 0 3 1 12 54 6 22
295 TGT 0 2 1 0 0 0 0 1 0 0 0 6 0 0 0 0 0 0 0 0 2 0 0 0 1 1 0 9 0 0 0 0 0 0 0 0 0 0 0 0 0 0 0 2 0 0 0 0 0 0 1 27 2 0 0 1 3 91 1 393633 1 0 0 16
296 CAA 1 0 1 0 0 2 0 0 0 0 0 0 0 0 11 2 393450 24 38 0 5 0 0 0 99 0 0 0 3 0 0 0 1 0 0 0 0 0 0 0 0 0 1 0 0 0 0 0 23 0 0 0 0 0 0 0 0 0 0 0 0 0 0 1
297 ACA 6 1 0 1 393151 13 32 1 9 0 0 1 31 0 0 0 0 0 0 0 19 0 0 0 0 0 0 0 0 1 1 0 0 0 0 0 59 0 1 0 0 0 0 0 0 0 0 1 0 0 0 2 13 1 9 0 1 0 0 1 0 0 14 0
298 CCC 0 0 0 0 3 6 0 0 0 0 0 0 0 0 0 0 0 6 3 0 26 393651 0 26 0 2 0 0 0 10 0 0 0 0 0 0 5 4 0 0 0 0 0 2 0 0 0 0 0 0 0 0 0 14 2 0 0 0 0 0 0 1 0 0
299 CAG 2 75 15 8 6 4 12 26 6 6 3 12 2 2 61 20 57 212 392170 198 6 1 27 3 1 11 115 1 35 3 43 10 4 130 32 3 7 4 21 3 0 2 0 8 78 1 4 14 0 3 12 6 1 0 7 9 0 7 6 31 11 0 106 9
300 GGA 0 0 0 0 0 0 6 0 10 0 0 0 0 0 0 0 0 0 0 0 0 0 0 2 0 0 0 0 0 1 2 0 16 0 0 0 0 0 0 0 392887 11 73 76 3 2 0 0 0 0 0 0 2 0 0 0 14 0 0 0 0 0 0 0
301 GCT 1 0 0 0 1 1 0 47 1 12 1 36 1 8 2 0 0 0 0 0 4 0 0 0 0 1 0 0 0 0 0 2 0 0 0 10 39 52 13 393330 3 0 0 3 0 0 2 30 0 0 3 0 15 5 3 41 0 1 2 0 1 0 0 1
302 ATA 7 0 2 0 18 0 1 0 3 0 1 0 392712 13 20 30 0 0 0 0 0 0 0 0 0 0 0 0 13 23 12 9 0 1 0 0 0 0 0 0 1 0 0 0 5 16 0 21 0 0 0 0 0 0 0 0 0 0 0 0 5 0 5 3
303 AAC 13 392906 0 69 3 12 0 0 2 49 7 8 0 4 3 0 2 60 0 0 6 3 7 18 1 9 13 1 2 22 2 0 9 18 19 8 6 17 2 0 11 4 17 39 5 8 33 9 1 8 0 13 6 10 5 6 0 2 0 3 15 1 13 8
304 AGC 0 129 0 2 1 6 2 0 5 393011 5 250 0 8 0 0 0 0 0 0 0 0 0 0 0 3 0 0 0 0 0 1 0 0 0 0 1 1 2 0 11 23 14 1 0 0 0 0 1 0 0 0 1 5 1 10 0 1 0 0 2 0 0 0
305 AAT 5 26 0 393469 0 1 3 2 0 1 0 31 1 0 0 14 0 0 0 7 0 0 0 0 13 25 0 1 0 0 0 3 2 0 0 15 9 0 0 5 9 12 6 9 4 3 0 16 0 0 0 1 3 0 0 14 0 0 0 1 2 0 0 17
306 CTC 1 0 5 0 0 0 1 1 1 0 17 0 8 11 2 0 3 8 1 1 1 62 0 0 13 21 4 7 9 393166 12 33 0 0 5 0 10 22 0 0 0 0 0 0 4 0 3 0 0 0 0 4 2 8 0 2 0 0 0 0 7 52 1 0
307 CCT 0 0 0 0 1 0 0 7 0 0 2 1 0 0 0 0 0 0 0 16 11 113 39 392097 0 0 0 1 0 0 0 21 0 0 1 0 0 3 0 2 1 0 0 0 0 0 1 2 4 0 1 2 1 1 0 10 0 0 0 1 5 0 0 0
308 TTC 0 0 0 0 0 0 4 0 2 0 3 0 0 5 0 0 0 0 0 0 0 1 0 0 0 0 0 2 1 10 1 1 0 0 0 0 0 0 1 0 0 0 0 0 1 8 0 1 4 9 3 4 0 39 0 1 1 1 2 0 21 393366 6 63
309 CAG 0 0 7 0 0 0 0 2 1 0 0 0 0 0 0 1 15 0 392774 15 0 0 6 0 0 0 79 0 0 1 4 0 0 0 2 2 0 1 0 0 0 0 0 2 0 0 0 0 1 1 19 0 0 0 0 0 0 0 0 0 0 0 0 0
310 AAT 7 13 0 393597 0 0 0 3 1 0 0 9 0 0 2 1 0 0 1 5 0 1 0 0 2 0 0 1 0 0 0 3 0 0 0 20 2 0 0 0 1 0 0 1 0 2 0 0 2 0 0 4 10 2 2 0 0 0 1 0 1 0 5 0
311 ATA 4 0 0 0 25 0 0 0 3 0 0 0 393409 21 42 15 0 0 0 0 0 0 0 0 1 0 0 0 3 0 0 1 0 1 1 0 0 0 0 0 0 0 0 0 33 0 9 11 6 0 0 0 0 0 0 0 0 0 4 0 0 0 0 0
312 CAC 0 16 0 7 11 0 7 0 0 16 0 20 0 0 1 0 5 393213 3 35 0 18 0 0 0 22 0 0 0 3 0 0 0 28 0 3 3 18 6 5 5 6 18 18 0 1 0 0 0 71 0 0 8 32 8 57 0 1 2 1 0 0 0 2
313 CCA 5 0 14 0 12 2 0 0 30 1 6 3 0 0 0 0 5 3 0 3 393504 11 36 18 6 6 10 1 19 0 0 0 0 0 1 0 4 26 11 0 0 2 1 0 0 0 4 1 0 0 0 2 17 4 0 2 0 0 3 0 0 0 0 0
314 GTC 1 5 5 59 26 38 13 8 0 14 29 5 24 22 3 7 21 25 25 14 0 0 0 1 3 14 35 0 18 12 6 1 0 16 1 1 2 39 4 7 2 4 3 0 39 391557 3 29 1 60 1 20 12 10 0 15 0 0 2 2 5 53 10 36
315 ACA 6 15 0 3 393012 38 89 18 2 21 9 40 17 4 1 25 0 7 0 1 1 2 1 0 0 1 8 3 0 2 0 4 0 0 0 0 41 2 2 8 19 3 4 9 5 9 18 83 0 14 3 26 23 6 5 3 0 1 2 16 4 18 2 5
316 ATA 2 0 0 0 15 2 0 0 2 0 1 0 393273 17 78 20 1 0 2 0 2 0 1 0 0 0 0 0 6 5 4 2 0 0 0 0 0 0 0 3 0 0 0 3 19 41 6 4 2 1 0 2 1 0 2 0 1 0 0 0 4 0 1 4
317 GGA 4 2 0 3 2 0 0 0 13 0 2 0 2 0 0 1 0 0 0 0 1 0 0 0 5 0 0 0 0 0 0 1 14 2 1 0 0 0 0 0 392786 18 135 19 3 0 0 0 2 1 0 0 0 1 0 1 12 1 0 0 2 1 0 0
318 GAG 21 12 27 80 11 21 2 32 1 4 3 12 16 6 1 15 14 38 9 19 0 0 0 0 10 3 1 47 7 5 5 8 70 10 389979 33 9 11 2 13 4 2 29 0 3 5 21 0 0 1 5 1 40 31 37 69 0 4 8 2 7 2 20 5
319 TGC 1 0 0 0 2 0 0 0 0 1 1 0 0 0 0 0 0 0 0 0 0 0 0 0 0 2 0 0 2 0 0 0 0 0 0 0 0 1 0 0 0 0 0 0 2 0 0 0 16 89 0 0 3 2 0 0 8 391150 1 147 0 6 0 0
320 CCA 0 0 0 0 8 1 0 0 0 0 0 0 0 0 0 0 4 1 0 0 392943 58 8 40 0 0 0 0 22 0 0 0 0 0 0 0 0 0 0 0 3 0 6 1 0 0 0 0 2 0 0 0 19 0 0 0 1 0 0 1 0 0 0 0
321 AAA 393029 1 14 15 21 0 1 3 107 0 4 4 124 20 0 6 5 5 8 2 0 0 0 1 7 2 5 62 6 7 0 1 6 0 0 0 3 3 0 4 0 1 5 0 57 19 13 5 0 1 0 0 5 0 5 6 0 1 0 1 17 0 0 1
322 TAT 0 0 0 1 2 2 0 0 0 1 0 1 2 1 0 0 0 0 2 31 0 0 0 0 0 0 0 1 0 0 0 0 0 0 1 3 0 1 1 0 0 0 0 0 0 0 0 0 9 38 5 387669 2 0 0 0 0 0 1 49 3 39 0 10
323 GTC 0 0 1 0 0 2 1 0 0 1 0 0 8 300 0 9 0 0 0 1 0 1 0 0 0 0 0 0 18 21 2 0 0 3 0 0 0 16 0 0 0 3 0 0 33 381819 45 43 4 0 0 0 1 1 1 0 0 0 0 0 1 5 1 1
324 AGG 18 0 38 0 17 42 3 0 84 2 386958 10 0 0 18 0 13 5 9 3 0 0 6 0 12 21 20 19 6 0 5 8 0 0 0 0 1 9 0 6 0 0 70 0 0 0 0 0 0 2 0 2 4 3 1 1 1 1 7 0 1 2 5 1
325 AGT 0 1 0 42 1 4 3 9 1 50 4 389430 2 0 0 13 0 0 1 2 2 0 2 1 0 0 0 0 4 5 4 9 0 0 0 1 8 5 0 6 1 0 0 20 0 0 0 1 2 0 4 0 42 6 29 15 8 1 0 3 4 0 9 0
326 ACC 0 9 0 0 33 391785 17 25 5 2 0 0 5 48 2 48 56 0 2 4 6 16 3 0 1 3 0 5 2 16 3 22 6 6 2 0 3 70 1 11 6 16 3 5 0 2 3 1 0 0 0 0 69 4 0 11 0 5 0 4 4 0 6 16
327 AAA 392976 3 15 8 1 1 0 1 43 0 0 0 0 0 0 0 6 2 3 0 0 0 2 0 4 3 1 7 0 0 0 0 23 0 1 0 0 2 0 0 2 5 5 1 0 0 0 1 3 0 0 0 2 5 0 5 0 0 0 0 0 0 0 0
328 TTG 0 0 0 0 1 0 0 0 0 0 0 0 1 6 5 3 0 0 0 0 0 0 3 0 0 0 0 0 36 9 47 20 0 0 0 0 0 0 0 0 0 0 1 0 1 2 0 0 0 0 2 2 0 0 4 0 0 0 1 0 81 0 382209 1
329 AGG 12 0 63 1 1 0 4 10 37 7 384205 7 0 0 47 1 0 0 0 1 0 0 0 0 9 24 8 0 3 0 0 3 1 0 2 0 2 0 3 0 0 0 58 1 3 0 3 0 0 0 1 0 0 0 0 8 0 0 3 0 0 0 0 0
330 ATG 0 0 3 0 0 0 7 0 0 0 1 0 33 0 383448 11 0 0 0 0 0 0 0 0 0 0 0 0 0 11 6 1 0 0 0 1 0 0 0 0 0 0 0 1 0 0 39 0 0 0 0 0 0 0 0 0 0 0 0 0 6 1 9 3
331 GTT 0 0 0 0 0 2 0 0 0 3 0 0 0 3 0 33 1 0 0 0 0 0 0 0 0 0 0 0 0 0 0 0 0 0 2 0 9 0 3 20 2 0 1 2 14 33 37 385802 0 0 0 0 2 0 1 0 0 6 0 2 0 0 0 5
332 ACA 6 0 2 0 389388 39 265 17 1 0 0 0 46 0 0 0 0 0 0 0 0 0 0 0 0 0 0 0 0 0 0 0 0 0 0 0 19 0 0 0 1 0 0 0 1 0 1 0 3 0 2 0 2 0 0 0 0 0 2 0 0 0 0 0
333 GGA 5 0 0 0 0 0 0 0 13 0 0 0 0 0 0 0 3 0 0 1 0 0 0 1 0 0 0 0 0 0 0 0 46 2 0 0 0 0 0 0 386256 19 76 7 3 0 0 0 0 2 0 0 0 0 0 0 21 1 0 1 0 0 0 0
334 CTA 0 0 0 0 2 0 0 1 0 0 0 0 5 0 11 0 5 0 0 0 39 4 0 4 1 0 2 0 389939 47 26 22 0 0 0 6 0 0 0 0 0 0 0 0 11 14 5 4 2 0 0 0 0 0 0 0 1 0 0 0 20 0 14 0
335 AGA 18 0 0 0 0 0 0 0 390341 0 60 0 1 0 0 0 0 0 0 0 0 0 0 2 16 3 12 9 0 0 0 0 4 0 0 0 0 0 0 0 27 0 0 0 0 0 0 0 0 0 0 0 0 0 0 0 2 0 0 0 0 1 0 0
336 AAC 12 363541 0 99 0 1 0 1 0 8 0 0 0 1 1 0 0 2 0 0 2 0 0 0 1 1 0 0 0 0 0 0 0 11 0 0 0 0 0 0 0 0 0 0 0 0 0 0 0 0 0 0 3 0 0 0 0 0 0 0 0 0 0 0
337 ATC 149 171 10 40 32 53 0 1 13 19 5 51 5 372516 39 40 22 4 20 0 0 0 0 0 31 14 5 52 19 2 3 5 4 2 0 18 3 5 3 0 3 17 13 0 9 9 7 4 0 16 0 0 6 29 0 2 0 3 4 8 5 2 0 5
338 CCA 1 0 0 3 9 0 0 0 1 2 0 0 0 0 1 0 17 15 9 2 364538 76 15 15 5 0 8 1 12 0 0 0 0 3 1 0 6 3 15 0 27 0 5 6 11 1 2 0 0 2 0 1 20 0 0 0 0 0 0 0 2 0 0 2
339 TCC 17 0 0 1 5 6 0 11 38 48 6 2 16 7 4 22 52 3 20 6 0 53 19 62 17 5 6 6 1 0 5 18 0 3 2 0 38 126 4 43 7 0 1 1 6 2 1 20 0 5 1 0 63 357976 13 30 0 2 0 1 7 12 9 2
340 ATT 6 0 1 1 2 1 0 25 34 0 16 5 24 60 8 370458 6 0 5 4 0 1 0 0 10 0 43 11 1 1 12 2 0 0 0 0 1 0 3 0 0 0 0 0 0 0 1 43 1 0 0 3 0 0 1 0 0 0 1 0 5 0 3 3
341 CAA 13 0 1 1 1 0 0 2 0 9 1 1 0 0 0 1 362809 1 30 2 0 0 0 0 22 0 1 4 0 0 0 0 1 0 4 1 0 1 8 0 1 1 0 0 1 1 0 0 19 0 1 1 1 3 0 0 0 2 0 0 0 1 0 0
342 TAC 0 4 2 0 2 1 1 2 0 0 0 0 0 1 0 0 1 25 1 0 0 0 0 0 0 0 0 0 2 0 0 2 0 1 0 0 2 0 0 0 0 0 0 0 1 0 1 0 2 343518 5 81 1 0 1 0 0 19 1 0 0 7 0 5
343 AGA 37 0 39 0 1 0 0 0 378549 1 185 6 13 0 0 0 0 0 18 0 0 0 0 3 48 79 7 12 3 0 0 0 0 0 1 0 0 0 0 0 42 0 0 0 0 0 0 0 0 0 1 0 0 0 0 0 4 0 0 0 0 2 0 0
344 GGT 0 0 1 0 0 0 0 0 2 0 17 27 0 0 0 0 0 0 0 0 0 0 0 0 0 0 0 0 0 0 0 0 0 0 0 23 3 0 1 9 15 63 14 383816 0 1 0 3 0 1 0 0 0 0 0 0 0 1 1 6 2 0 0 0
345 CTA 0 0 0 0 0 0 0 0 0 0 0 0 33 4 0 3 2 0 0 0 44 0 0 0 1 0 0 0 357827 9 17 47 0 0 0 0 0 0 1 1 0 0 0 0 12 12 1 4 1 0 1 2 0 0 0 13 0 0 0 0 42 2 0 0
346 TTT 0 0 0 0 0 0 0 0 0 0 0 0 4 2 0 26 0 0 0 0 0 0 1 0 0 0 0 0 14 4 1 12 0 0 0 0 0 0 0 0 1 0 0 0 0 0 3 3 3 10 1 4 0 0 0 9 0 0 2 0 34 106 63 388479
347 GGA 0 2 4 7 2 3 0 2 10 12 2 9 0 0 0 0 3 0 11 0 0 0 0 0 16 1 2 2 1 6 14 5 12 0 0 3 22 14 15 0 384815 13 105 24 8 0 0 5 0 2 0 0 0 2 2 3 7 0 0 0 1 1 0 0
348 GCC 0 0 0 0 0 22 0 0 0 1 0 0 0 0 0 0 0 1 0 0 0 0 0 0 0 0 0 0 0 0 0 0 0 9 0 0 35 333130 6 26 0 1 0 0 0 56 0 0 0 0 0 0 0 14 0 0 0 0 0 0 0 0 0 0
349 ATT 1 0 0 3 0 1 1 17 0 0 0 4 28 25 2 389191 0 0 0 0 0 0 0 0 0 0 0 0 7 0 3 8 0 0 0 0 0 0 4 4 1 0 0 0 23 6 23 20 1 0 0 0 0 0 0 0 0 1 0 0 2 0 0 7
350 GCT 1 0 0 0 3 2 0 116 0 10 0 21 0 0 0 1 0 0 0 0 2 1 0 2 2 0 0 0 0 0 1 0 0 1 0 7 28 67 61 391943 0 0 0 3 0 0 1 29 0 1 0 1 11 12 8 25 0 2 0 2 0 0 0 0
351 GGT 0 0 1 0 0 0 0 0 1 0 0 12 0 0 0 0 0 0 0 1 0 0 0 0 0 0 0 1 0 0 0 0 0 0 0 16 1 0 0 1 3 62 98 392699 0 0 0 5 0 0 0 0 0 0 0 0 0 0 0 2 1 0 0 0
352 TTT 0 0 0 0 0 3 0 0 2 0 0 1 0 0 0 4 0 0 0 0 0 0 7 1 0 0 0 0 2 3 0 19 0 0 0 0 2 0 1 1 1 7 0 0 0 0 2 0 0 5 0 5 0 0 0 9 5 0 1 0 3 38 0 390292
353 ATT 0 0 0 0 1 3 1 12 0 0 1 4 27 51 6 391931 0 0 0 0 0 0 0 0 1 0 0 0 15 29 6 18 0 0 0 0 0 0 0 0 0 0 1 0 35 6 78 57 0 0 1 0 0 0 0 1 0 0 0 0 10 1 11 0
354 GAG 0 0 22 0 0 0 0 0 4 0 2 1 1 0 0 0 0 1 0 1 0 0 0 0 0 0 0 1 1 0 0 1 68 2 392963 38 0 0 4 1 0 0 51 0 0 0 9 0 0 0 3 0 1 1 0 0 0 0 1 0 0 0 2 0
355 GGG 0 0 0 0 1 0 0 0 1 0 19 1 0 0 0 0 0 3 0 0 0 0 0 0 0 1 2 1 0 0 0 0 0 0 28 0 0 0 0 0 84 29 392942 83 0 0 2 1 0 0 0 0 0 0 0 1 1 1 7 0 0 0 1 0
356 GGA 0 0 0 0 0 0 0 0 47 0 0 0 0 0 0 1 0 0 0 0 1 1 0 7 0 0 0 1 0 0 0 1 45 0 0 0 1 2 0 0 391348 6 764 51 5 0 0 0 0 0 4 0 0 0 0 2 12 0 0 0 2 0 1 0
357 TGG 0 0 0 0 0 0 0 0 5 0 3 0 2 1 0 1 0 0 0 0 0 1 0 0 0 0 18 0 1 0 0 0 0 0 0 0 0 0 0 2 0 0 3 0 0 0 0 0 1 1 58 0 0 0 0 0 22 3 392855 9 0 1 12 0
358 ACT 1 13 0 17 15 268 1 381115 4 8 0 10 10 25 0 16 11 20 5 19 8 18 5 29 3 7 0 7 26 27 4 6 30 31 0 2 0 7 0 47 3 0 0 0 9 2 0 0 2 10 0 31 1 17 0 7 0 5 0 4 44 6 0 0
359 GGA 0 0 1 0 2 0 0 0 43 1 1 1 0 0 0 1 1 3 5 0 0 0 0 0 0 0 0 0 1 0 0 0 38 0 1 0 12 0 8 5 391610 24 43 21 8 0 0 0 5 0 1 0 0 0 0 0 4 1 0 0 0 0 1 0
360 ATG 0 0 6 0 0 1 9 0 0 0 0 0 18 0 391385 6 0 0 0 0 0 0 0 0 0 1 1 0 74 33 28 30 0 0 0 0 0 0 0 0 0 0 0 0 0 0 32 0 2 1 0 0 0 0 0 0 2 0 0 0 107 1 18 0
361 ATA 101 1 91 1 10 11 0 1 17 0 3 2 391614 66 107 110 0 0 0 1 0 0 0 0 4 3 2 1 3 3 5 21 1 3 6 0 3 2 3 7 0 0 1 0 81 11 27 29 0 2 1 0 0 2 0 4 1 1 2 4 13 6 22 8
362 GAT 0 0 0 8 0 0 0 0 0 0 0 0 0 0 0 0 0 0 1 0 0 2 0 0 0 0 0 0 1 0 0 0 3 10 1 392832 0 0 0 2 0 0 3 19 0 0 0 1 2 0 2 3 0 1 0 0 0 0 1 0 0 0 0 0
363 GGA 0 0 0 0 0 0 0 0 33 1 0 0 0 0 0 0 0 0 0 0 0 1 0 1 0 0 0 0 0 0 0 0 25 0 0 0 0 0 0 0 392837 27 73 14 7 0 0 0 0 0 0 0 0 0 0 0 6 0 0 0 0 0 0 0
364 TGG 0 0 0 0 0 0 0 0 0 0 3 0 0 0 0 0 0 0 0 0 0 0 0 0 0 0 5 0 1 0 0 0 0 0 0 0 0 0 0 0 0 0 0 1 0 0 0 0 4 1 35 0 0 0 0 0 27 0 390976 1 0 2 4 0
365 TAT 0 0 0 2 0 0 2 0 0 1 0 0 0 0 0 0 0 1 0 34 0 0 0 0 0 0 0 0 0 0 0 0 0 1 0 1 15 0 0 0 0 0 0 0 0 0 0 0 5 24 0 392519 0 0 0 2 0 0 0 14 0 0 0 0
366 GGT 0 0 0 0 0 0 0 0 0 0 0 12 0 0 0 0 0 0 0 0 0 0 0 0 0 0 0 1 0 0 0 0 0 0 0 20 0 0 0 0 16 27 28 393077 0 0 0 5 1 0 0 0 0 0 0 0 0 0 3 5 0 0 0 0
367 TAT 0 0 0 2 0 0 0 0 0 0 0 0 0 0 0 0 0 0 0 14 0 0 0 3 0 0 0 2 0 0 0 0 0 0 0 0 0 0 0 1 0 0 0 0 0 2 0 0 6 13 1 391878 0 0 0 1 0 0 0 14 0 2 0 19
368 CAT 2 0 1 8 0 1 0 0 6 0 4 1 0 0 0 0 7 51 4 391828 0 0 0 2 0 25 21 8 5 0 3 21 0 0 0 0 20 6 13 3 0 0 0 0 0 0 0 0 3 0 0 46 2 2 3 0 0 5 14 5 4 3 4 9
369 CAT 0 0 1 9 13 12 22 15 0 0 1 0 9 5 14 7 213 40 2 392521 0 0 0 1 0 0 0 10 2 0 1 5 0 0 0 0 0 1 0 0 0 0 1 0 8 8 18 0 0 10 0 28 0 6 0 12 0 0 3 19 1 6 4 0
370 CAG 8 10 19 2 3 0 8 4 2 36 3 36 24 0 8 29 37 4 391855 10 0 0 3 0 4 8 81 3 0 27 9 21 3 0 24 3 7 22 14 10 0 0 0 0 51 14 4 17 0 2 43 2 9 21 4 23 0 4 1 8 3 5 9 1
371 AAT 2 37 2 393489 2 0 0 0 0 0 0 13 0 0 0 6 0 0 0 3 0 0 0 0 0 0 0 0 0 1 0 0 0 0 0 24 0 0 0 0 0 0 0 0 0 0 0 0 0 3 0 0 0 0 0 0 0 0 1 0 0 0 0 0
372 GAA 3 0 0 2 0 20 0 2 2 0 0 4 0 0 0 0 1 0 0 0 0 0 0 0 0 3 2 0 0 0 1 0 393367 44 26 12 3 4 2 15 27 1 6 1 4 0 0 0 2 0 0 0 4 4 3 15 0 1 0 0 0 1 2 0
373 CAG 0 2 4 0 3 0 0 0 0 0 0 0 0 0 4 0 19 2 392865 35 0 0 9 0 0 1 89 0 2 6 11 14 7 4 15 2 2 34 2 2 0 1 2 0 0 0 0 0 0 5 45 4 0 0 0 0 0 0 0 0 8 7 5 1
374 GGA 0 0 0 0 1 0 0 0 36 0 0 0 0 4 0 0 0 0 0 0 0 2 0 0 0 0 0 0 0 0 0 0 11 0 0 1 1 0 0 0 393317 28 46 8 8 0 0 0 0 0 0 0 0 3 0 3 13 0 0 0 0 0 1 0
375 TCA 3 10 0 4 6 0 5 1 1 16 23 4 0 0 7 4 0 21 1 0 11 0 0 0 4 0 5 2 0 0 0 1 0 23 8 7 30 2 7 3 0 3 2 2 1 12 6 0 5 0 0 5 392789 20 251 9 2 6 4 6 47 3 0 9
376 GGC 3 1 2 0 2 0 0 0 0 31 3 0 4 0 0 0 0 5 5 0 0 0 0 0 2 1 0 5 2 2 0 1 6 40 7 0 18 3 0 4 60 393071 34 74 1 6 0 0 0 4 0 0 4 2 9 0 0 19 1 1 11 0 1 0
377 TAT 0 0 0 1 0 0 1 0 0 0 0 0 1 0 0 0 0 2 2 41 0 0 0 0 0 0 1 0 0 0 0 0 0 0 0 4 3 1 0 0 0 0 1 0 2 0 0 0 3 28 3 393231 0 1 2 2 1 0 0 12 0 7 0 17
378 GCA 0 1 0 0 58 1 0 0 0 6 0 22 0 2 2 1 0 0 1 2 1 1 0 0 3 1 0 0 0 1 1 0 12 0 0 0 392307 35 115 38 5 0 0 0 211 28 18 33 0 4 0 2 18 12 3 7 1 6 0 20 1 2 0 1
379 GCG 0 0 0 0 0 0 27 0 0 1 0 2 1 0 1 0 0 0 0 0 0 0 0 0 0 0 0 0 0 0 0 0 0 0 6 0 136 3 393089 13 1 0 0 0 0 0 100 0 0 0 0 0 2 3 18 4 0 1 0 1 1 0 2 0
380 GAT 0 0 0 25 0 0 0 0 0 0 0 0 1 0 0 0 0 0 0 1 0 0 0 0 0 0 0 0 0 0 0 0 3 45 0 393174 2 0 1 2 0 0 0 23 0 0 0 0 0 0 0 9 0 0 0 0 0 0 0 0 0 0 0 0
381 CAA 41 0 9 0 4 4 4 4 9 1 4 1 28 20 25 11 333315 39 45 13 1 0 0 1 70 5 14 9 22 21 3 23 23 0 10 1 5 0 9 7 0 0 2 1 20 5 3 2 2 8 0 6 6 5 4 0 0 1 5 0 14 22 13 15
382 AAA 333434 6 55 2 11 21 6 5 27 13 7 7 5 15 7 1 23 0 69 17 4 5 9 12 16 5 22 70 3 4 17 4 21 3 4 8 3 15 5 11 7 9 0 5 5 2 24 22 0 3 1 6 10 7 0 5 0 4 0 1 4 3 18 3
383 AGC 0 52 0 0 22 7 4 0 3 333271 10 103 0 10 0 0 1 0 0 0 0 0 1 0 0 2 0 0 0 0 0 1 3 0 1 0 3 17 3 8 0 109 0 1 0 2 0 0 0 0 0 0 15 12 6 0 2 0 2 14 0 0 0 1
384 ACA 0 0 1 0 333829 48 23 5 1 3 0 2 7 0 0 0 0 0 0 0 1 2 0 0 0 0 0 0 0 0 0 0 0 0 1 0 3 0 0 0 0 0 0 1 0 2 4 0 0 0 0 0 1 4 0 2 3 1 0 0 0 0 0 0
385 CAA 3 0 0 1 0 0 5 1 0 2 0 2 0 0 1 0 333858 0 37 0 6 0 0 0 20 0 1 2 1 0 0 1 14 2 3 0 1 2 3 2 0 0 0 1 2 0 0 10 17 0 0 0 1 0 1 2 0 0 0 0 1 0 5 0
386 AAT 84 10 76 332725 0 0 17 2 15 3 58 49 32 3 22 151 14 5 1 20 0 0 0 0 35 2 14 0 3 6 4 3 10 9 11 11 22 1 7 1 2 14 13 1 4 2 3 18 0 5 0 22 36 4 1 22 0 0 0 4 8 4 12 4
387 GCC 0 0 0 0 0 16 0 0 0 0 0 0 0 0 0 0 0 0 0 0 0 1 0 0 0 0 0 0 0 0 0 0 0 9 0 0 12 332958 1 5 0 1 1 1 0 59 0 0 2 0 0 0 0 8 0 0 0 0 0 0 0 0 0 0
388 ATT 0 0 0 4 0 0 0 7 0 0 2 1 8 10 30 333839 1 0 0 0 0 0 0 0 0 0 0 0 3 0 2 9 2 0 0 1 0 1 1 3 0 0 0 0 1 26 10 28 0 0 0 12 0 0 0 0 0 0 0 0 14 2 5 13
389 AAC 11 333081 0 85 15 14 1 8 12 13 0 13 1 2 0 4 3 1 5 10 0 0 0 0 2 1 7 13 2 6 0 3 24 27 2 3 2 0 0 2 0 5 0 0 11 0 1 1 0 1 0 3 26 2 0 11 0 3 1 0 3 2 0 8
390 GGG 29 0 26 1 23 21 6 7 71 14 142 59 10 8 91 35 17 1 134 11 0 0 0 0 34 20 38 29 24 39 12 51 1 1 23 0 2 4 13 8 31 6 332175 10 13 9 47 11 0 2 0 3 37 31 171 77 1 2 20 22 7 0 32 4
391 ATT 0 1 0 2 0 0 0 4 0 0 0 5 10 22 3 333185 0 0 0 0 0 0 0 0 0 0 0 0 0 2 1 2 0 0 0 0 0 3 0 0 0 0 2 1 35 11 8 49 0 1 0 0 0 1 0 0 0 0 0 0 2 0 3 3
392 ACA 5 2 4 9 332973 31 34 13 3 3 5 2 35 2 11 8 34 5 9 5 2 0 0 0 14 8 9 12 4 2 1 0 1 0 1 0 53 2 0 2 0 0 0 8 1 0 1 1 0 11 0 31 6 11 2 24 0 0 5 1 9 3 0 0
393 AAC 6 333775 3 15 21 26 0 7 0 11 5 0 1 1 1 5 8 12 0 0 0 0 0 0 11 8 10 6 3 2 1 0 0 8 0 3 4 1 0 0 0 1 1 1 0 3 0 7 0 2 0 4 0 0 2 0 0 7 0 1 1 0 0 0
394 AAG 108 1 333718 27 0 0 3 0 0 1 25 0 1 0 3 0 1 0 6 0 0 0 0 0 3 3 6 10 0 0 0 0 0 0 15 0 0 0 0 0 3 0 0 3 0 0 0 0 0 0 2 0 0 3 0 0 0 0 0 0 1 0 0 0
395 GTG 0 0 0 0 1 0 0 0 0 1 0 2 14 74 19 1 0 0 0 0 0 0 0 0 0 0 0 0 3 4 1 3 0 0 1 0 0 0 12 0 0 1 2 1 44 27 333306 28 1 5 1 0 0 0 0 0 0 1 0 0 3 0 4 0
396 AAC 4 333824 2 42 0 11 0 0 1 18 0 13 0 0 0 0 0 0 0 0 0 0 0 0 2 1 1 3 1 0 0 0 0 10 0 1 0 0 0 0 0 0 0 1 0 0 0 2 0 0 0 0 0 0 14 0 0 2 0 0 0 0 0 0
397 TCT 0 0 0 3 1 1 0 6 1 0 0 12 0 1 0 0 1 0 7 2 0 0 0 17 13 0 0 0 0 0 0 0 0 1 0 0 3 3 3 1 23 0 0 0 0 0 0 0 0 0 0 7 6 80 14 333557 0 0 0 4 1 0 0 3
398 GTT 0 0 0 0 0 0 1 0 0 1 0 0 6 1 0 85 0 0 2 0 0 0 0 0 0 0 0 0 2 6 0 5 0 0 0 1 1 0 0 7 0 0 1 7 15 23 5 332398 0 0 0 0 0 1 0 0 0 0 1 3 0 2 5 15
399 ATC 0 2 0 0 0 5 1 0 2 1 1 0 29 333587 10 76 0 0 0 0 0 2 0 0 0 0 0 0 0 10 1 2 0 0 0 0 0 0 2 1 0 0 0 0 5 44 25 4 0 0 0 2 1 0 0 0 0 7 0 0 1 2 4 1
400 GAG 0 0 52 0 9 0 0 2 0 6 5 0 0 0 0 0 1 4 14 6 0 0 1 0 0 0 2 0 0 5 0 0 36 2 333053 18 10 5 3 4 0 1 33 5 0 0 5 0 0 4 5 0 0 4 24 1 2 0 2 0 0 0 3 0
401 AAA 333525 1 24 3 23 3 4 0 23 2 3 0 15 0 8 4 1 8 10 0 0 0 0 0 6 8 37 0 0 0 0 0 12 0 0 0 2 2 4 7 0 0 0 0 5 16 1 2 1 0 0 1 0 0 0 1 0 0 0 0 0 0 10 0
402 ATG 0 0 2 0 1 0 16 0 0 0 4 0 25 18 333431 49 0 0 0 0 0 0 0 0 0 0 0 0 0 6 13 10 0 0 0 0 0 0 1 3 0 0 0 0 0 1 11 0 2 2 0 0 0 0 0 0 0 0 4 0 7 0 15 7
403 AAC 7 331501 0 60 0 8 0 0 0 29 2 0 0 0 1 2 6 4 0 6 2 1 0 0 4 2 8 3 0 0 0 0 0 30 1 0 2 6 4 9 2 12 0 6 0 2 1 0 0 7 0 4 5 18 6 21 0 0 0 7 3 3 1 0
404 ACT 3 27 7 5 30 78 3 332466 15 1 47 44 1 3 4 15 1 12 5 7 2 0 0 13 0 2 7 13 23 3 8 15 22 0 2 0 14 40 28 5 2 9 24 5 2 2 1 3 1 0 0 4 64 20 3 18 0 2 6 4 9 1 3 2
405 CAA 19 0 0 13 0 1 0 1 5 0 5 0 0 0 0 0 333191 7 92 9 3 2 0 1 83 7 2 17 5 0 0 0 18 0 9 0 17 40 2 1 6 5 47 2 3 4 4 5 8 0 0 0 0 0 0 0 0 0 0 24 0 4 0 0
406 TTC 0 1 0 4 0 0 0 0 0 1 0 2 3 20 6 0 3 0 3 0 0 0 0 0 1 2 1 0 0 27 4 0 0 0 0 0 2 0 3 5 3 4 3 1 2 2 0 9 1 12 0 7 0 13 0 3 0 1 11 4 18 330101 10 10
407 ACA 16 10 3 0 332873 30 95 6 15 7 3 0 90 0 1 0 36 13 1 5 7 0 0 0 45 11 10 11 3 0 3 0 8 0 0 1 13 4 22 6 0 0 4 0 0 0 1 2 0 0 0 0 9 5 1 3 1 8 1 2 3 0 2 0
408 GCT 1 0 1 0 5 1 6 21 2 44 7 4 11 0 12 16 4 1 8 0 7 11 0 1 2 5 78 0 3 17 9 7 3 1 7 21 20 104 32 330221 5 6 24 16 2 2 0 95 0 0 0 5 0 1 6 12 0 4 4 1 7 0 3 20
409 GTG 2 2 2 1 0 8 0 2 23 5 0 1 6 0 34 0 5 2 1 1 0 1 0 0 2 18 3 2 0 3 2 2 0 2 2 0 1 0 20 6 5 0 6 0 20 9 329725 132 0 0 0 0 3 9 4 1 0 0 0 7 3 1 45 6
410 GGT 0 11 4 0 0 2 0 1 7 1 2 48 0 0 0 0 0 0 8 1 5 1 0 0 17 1 5 11 4 0 1 0 0 13 5 77 0 8 5 9 17 42 35 331679 5 0 4 9 0 0 0 20 4 0 2 11 0 0 13 9 0 0 0 0
411 AAA 333656 19 53 2 5 0 0 1 10 5 2 0 0 0 0 0 0 6 12 5 3 0 1 0 0 0 0 0 2 4 2 2 19 0 0 0 10 6 12 0 28 4 16 2 14 13 2 2 1 6 0 0 0 6 0 0 0 0 0 0 0 0 2 2
412 GAA 25 2 3 28 78 7 20 2 1 4 13 3 5 2 9 1 50 42 107 13 1 0 0 0 7 15 4 15 14 3 12 4 331998 8 22 5 48 3 15 15 11 1 5 0 24 15 9 4 3 9 0 4 1 2 3 5 0 0 7 0 20 3 4 31
413 TTC 0 0 0 0 0 0 0 0 0 0 0 0 0 6 0 0 0 0 0 0 1 0 0 0 0 0 0 0 0 9 0 0 2 0 0 0 0 0 0 0 0 0 2 0 0 0 0 0 0 7 0 2 0 12 0 0 0 0 11 0 4 331433 2 24
414 AAC 9 333409 10 74 9 25 13 16 2 45 0 20 0 0 0 0 1 3 0 0 0 0 0 0 1 1 0 0 0 0 0 0 0 32 0 1 11 3 1 6 33 11 11 69 1 0 0 1 2 0 1 0 14 15 6 11 0 0 0 0 0 0 0 0
415 AAC 19 333099 1 32 13 10 1 0 11 23 2 5 6 8 9 15 4 25 4 3 0 29 1 1 5 0 17 4 7 6 4 15 4 10 13 12 1 2 43 3 8 16 5 20 17 55 31 0 0 36 0 12 15 16 10 5 0 3 4 7 24 15 26 27
416 TTA 2 0 0 0 0 0 0 0 1 0 0 0 7 0 0 0 0 0 0 0 0 0 0 0 1 2 0 1 15 7 21 9 0 0 0 0 1 1 0 0 0 0 0 0 6 3 6 2 4 15 0 11 17 0 0 1 0 0 1 9 331669 21 62 11
417 GAA 15 0 0 0 0 0 0 0 0 0 0 0 0 0 0 0 0 0 0 0 0 0 0 0 0 0 2 0 0 0 0 0 333389 0 13 1 0 0 0 0 16 0 13 0 0 0 0 0 3 0 1 0 0 0 1 0 0 0 0 0 0 0 0 0
418 AAA 334102 5 25 1 1 0 0 0 11 0 11 0 2 1 0 0 6 0 0 0 0 0 0 0 10 0 0 0 13 0 4 0 7 0 0 0 0 0 2 0 0 0 0 0 0 0 0 0 1 0 4 0 0 0 0 0 0 0 0 0 0 0 0 0
419 AGG 0 0 53 0 0 0 0 0 25 0 323965 3 0 0 37 0 0 0 0 0 0 0 0 0 15 0 7 0 0 0 0 0 0 0 0 0 0 0 0 0 0 0 258 0 0 0 0 0 0 0 0 0 0 0 0 0 0 0 3 0 0 0 0 0
420 ATG 0 1 2 0 0 0 11 0 0 0 2 0 37 3 326036 8 0 0 0 2 0 0 0 0 0 0 0 0 0 1 2 0 0 0 0 0 0 0 0 0 0 0 0 0 0 0 17 0 0 0 0 0 0 5 0 0 0 0 0 0 0 0 0 0
421 GAA 19 0 3 0 0 0 0 0 0 3 0 0 0 0 0 0 42 2 2 0 0 0 0 0 0 0 2 0 0 0 2 0 329103 1 14 0 2 0 1 0 32 0 0 0 2 0 0 0 2 3 0 0 1 0 0 0 0 0 0 0 0 1 0 0
422 AAT 5 29 1 328390 0 5 0 5 0 12 0 13 0 0 0 14 0 0 0 2 0 0 0 0 0 0 0 0 0 5 0 0 0 0 0 9 1 0 6 0 0 0 1 0 0 0 0 0 0 2 0 1 0 1 3 3 0 0 1 0 0 0 0 0
423 TTA 0 0 0 0 0 0 0 0 0 0 0 0 5 0 0 0 0 0 0 0 0 0 0 0 0 0 0 0 26 3 0 0 0 0 0 0 0 0 0 0 0 0 0 0 4 0 0 2 6 0 0 0 22 0 0 0 0 0 0 0 312156 0 49 8
424 AAT 3 30 0 331457 0 0 0 2 0 0 0 4 0 0 0 0 0 0 0 11 0 0 7 0 0 0 0 0 0 0 1 0 0 0 0 13 0 0 0 0 0 0 0 0 0 0 1 0 0 0 0 1 0 0 0 1 0 0 2 1 0 5 0 0
425 AAA 333138 7 26 6 7 0 0 1 11 3 0 0 2 0 0 0 4 11 0 3 0 0 0 0 10 3 2 64 0 0 0 0 10 0 0 0 1 23 1 1 0 0 0 0 0 0 0 0 4 1 2 0 0 6 1 1 0 0 0 0 3 1 0 0
426 AAA 333321 1 443 3 2 0 0 0 24 0 4 2 1 0 0 0 4 0 0 0 0 0 0 0 0 1 5 5 0 3 0 0 15 0 0 0 1 0 0 0 0 0 0 0 0 0 0 0 4 0 0 0 0 0 0 0 0 0 0 0 0 0 0 0
427 GTT 5 0 1 0 0 0 0 1 0 0 0 112 4 0 0 28 0 0 0 0 2 0 0 0 1 0 0 0 2 2 2 0 0 0 0 2 0 0 0 7 0 0 0 2 3 4 5 239712 0 0 0 0 1 0 0 0 2 0 0 0 1 0 243 2
428 GAT 2 1 1 13 0 0 4 0 0 0 0 3 0 0 272 1 0 0 2 0 0 0 0 0 0 0 0 0 1 0 0 0 4 13 5 322949 0 0 1 0 0 4 0 22 0 0 0 1 0 0 0 3 0 0 0 0 120 0 0 0 0 0 1 0
429 GAT 0 2 0 19 0 0 1 0 0 0 0 0 0 1 266 0 0 0 0 0 0 0 0 0 0 0 0 0 0 0 0 0 6 12 2 322968 0 4 0 1 0 0 0 16 0 0 0 5 0 1 0 3 1 1 0 0 117 0 2 0 0 0 0 0
430 GGG 1 0 7 0 0 0 1 0 0 0 9 1 0 0 0 0 1 0 0 0 0 0 0 0 1 0 0 0 0 0 0 0 0 0 21 0 0 1 2 0 63 2 267891 18 0 0 3 0 2 3 2 0 0 0 0 0 0 0 9 0 0 0 1 0
431 TTT 0 0 0 0 0 0 0 0 0 0 0 0 0 0 1 2 0 0 0 0 0 0 0 0 0 0 0 0 0 7 6 49 0 0 0 0 0 0 0 0 0 0 0 0 0 0 0 5 0 0 1 1 0 0 0 6 0 0 0 2 9 13 2 286285
432 CTG 0 1 2 2 11 1 1 14 0 0 14 0 0 1 11 7 2 0 4 2 0 0 48 3 3 0 2 1 50 0 293690 11 1 0 8 0 0 0 3 1 0 0 1 0 0 2 0 30 0 5 0 0 0 0 0 0 0 1 5 2 1 0 19 2
433 GAC 0 23 0 5 7 0 4 2 0 1 0 0 0 0 0 0 3 0 5 3 0 0 0 0 1 0 0 0 0 0 1 1 12 306342 9 13 3 4 7 7 0 27 2 0 0 1 2 0 0 3 0 0 3 1 0 0 0 0 0 0 0 0 0 0
434 ATT 0 0 0 2 0 0 0 6 0 2 0 5 4 18 8 308401 0 0 0 0 0 0 0 0 1 0 0 0 15 4 0 100 0 0 0 0 0 0 0 0 0 0 0 0 3 2 1 17 0 1 1 0 0 0 0 0 0 0 0 1 13 0 7 3
435 TGG 0 1 0 0 0 0 0 0 0 0 6 0 0 0 0 0 0 2 0 1 0 0 0 1 0 0 18 0 1 0 0 2 0 0 2 0 0 0 0 3 0 0 2 0 0 0 0 0 0 1 13 1 0 0 0 0 15 0 271915 4 0 0 9 0
436 ACA 5 0 0 0 316658 29 18 13 0 0 0 0 13 0 0 0 2 0 3 0 0 0 0 0 0 0 0 0 0 0 0 1 1 0 0 0 27 0 0 0 0 0 0 0 0 0 0 0 0 0 0 0 3 0 0 2 0 0 0 0 0 0 0 3
437 TAT 0 0 0 5 0 0 0 0 0 0 0 1 1 0 0 1 0 0 0 23 0 0 0 0 0 0 0 0 0 1 1 0 0 0 0 1 0 1 0 0 0 0 0 0 1 0 0 0 3 44 1 318060 0 2 0 5 1 0 2 19 0 0 2 7
438 AAT 4 15 3 323827 1 0 1 5 0 2 0 4 1 0 0 0 5 12 14 0 0 0 1 0 0 0 0 0 2 1 0 2 0 0 1 17 0 0 1 0 0 0 2 0 0 0 1 0 0 4 0 2 9 0 3 2 0 0 0 1 1 1 0 0
439 GCA 0 0 0 0 63 0 0 5 0 0 0 1 17 3 0 6 0 0 0 0 1 1 0 0 0 0 0 0 0 2 4 1 6 0 0 0 317143 10 39 27 3 0 0 0 41 1 1 0 0 0 1 0 6 0 2 0 0 2 0 1 5 0 1 0
440 GAA 16 0 0 0 0 0 0 0 2 0 0 0 0 0 0 4 0 0 0 1 0 0 0 0 0 0 0 0 0 0 0 0 330861 2 34 0 0 0 0 1 12 1 0 0 0 1 0 0 6 0 0 0 1 0 0 0 0 0 0 0 0 0 0 0
441 TTG 0 0 0 1 0 0 1 0 0 0 0 0 5 0 4 5 0 0 0 0 0 0 0 0 0 0 0 0 9 0 18 0 0 0 0 0 0 0 0 0 0 0 1 0 3 1 8 0 1 0 1 2 0 0 5 1 1 3 4 0 30 4 330639 8
442 TTA 0 0 0 0 1 0 0 0 0 0 0 1 1 20 3 18 0 0 0 0 0 0 0 1 0 0 0 0 13 6 1 11 1 0 0 0 0 0 0 0 0 0 1 0 17 0 4 4 2 0 0 0 7 0 0 0 0 0 0 0 332155 3 43 4
443 GTT 0 0 0 0 0 0 0 1 0 0 0 0 2 10 1 29 0 0 0 0 0 0 0 0 0 0 0 0 0 2 0 0 0 0 0 1 0 0 0 6 0 0 0 3 6 6 3 323073 0 0 0 0 0 1 0 0 0 0 0 0 0 0 0 8
444 CTA 0 0 0 1 1 0 0 0 1 0 0 0 10 0 0 0 0 1 0 0 25 0 0 0 1 0 0 0 325868 5 20 2 0 0 0 0 8 1 2 0 0 0 0 0 4 0 0 0 0 0 0 0 0 0 0 0 0 0 0 0 19 0 1 0
445 CTG 0 0 0 0 0 0 0 0 1 0 0 0 0 3 7 0 0 0 5 1 0 0 50 0 0 0 0 0 35 0 327659 6 0 0 3 0 0 0 0 0 0 0 0 0 0 0 2 0 0 5 0 2 0 0 0 0 0 0 1 0 6 0 6 4
446 GAA 16 0 0 0 0 0 0 0 0 0 0 0 0 0 0 0 0 1 0 0 0 0 0 0 0 0 0 0 0 0 0 0 333241 3 37 5 1 0 0 0 31 0 0 0 1 0 0 2 2 0 0 0 0 0 0 0 0 0 0 0 0 0 0 0
447 AAT 2 24 1 332859 0 0 0 6 0 0 0 14 0 0 0 4 0 0 0 0 0 0 0 0 0 0 0 0 0 0 0 0 0 0 0 7 0 0 1 0 0 0 0 0 0 0 0 0 0 0 0 0 0 0 0 0 0 0 0 0 0 0 0 0
448 GAA 20 0 0 0 0 1 1 1 0 6 1 0 0 0 0 0 0 0 0 0 0 0 0 0 0 0 0 0 0 1 0 0 332138 4 26 3 0 0 0 1 23 3 1 0 2 0 1 1 3 0 0 0 1 0 1 3 0 0 0 1 0 0 2 0
449 AGG 2 0 42 0 0 0 0 0 20 3 332253 10 0 0 15 0 0 3 0 0 0 0 0 0 5 0 22 0 0 0 0 0 0 0 0 0 0 0 2 0 0 0 44 0 0 0 0 0 0 0 1 0 0 0 0 0 0 0 8 0 0 0 0 0
450 ACT 0 1 0 6 9 22 6 331420 0 0 7 2 0 0 0 10 0 0 0 0 1 0 0 1 0 0 0 0 0 0 0 0 0 0 0 2 0 0 0 12 0 0 0 0 0 0 0 0 0 0 0 0 1 0 0 1 0 0 0 0 0 0 0 0
451 TTG 0 1 0 0 0 0 0 0 0 0 0 0 0 0 0 0 0 0 0 0 0 0 0 0 0 0 0 1 1 0 17 6 0 0 0 0 0 0 0 0 0 0 0 0 0 0 1 0 0 1 7 2 0 0 38 0 0 0 0 0 20 0 332178 12
452 GAT 0 0 0 23 0 0 0 2 0 1 0 2 0 0 0 0 2 0 1 0 0 0 0 0 0 0 1 0 0 0 0 1 3 27 3 331247 0 11 14 1 2 2 0 27 0 0 0 1 0 0 1 1 0 0 2 0 0 0 0 0 0 0 0 4
453 TTC 0 0 0 0 2 0 0 0 0 5 0 0 0 2 0 0 0 0 0 0 0 1 0 0 0 0 0 0 0 18 3 0 0 0 1 1 0 0 0 0 0 1 0 0 0 5 0 0 0 4 0 1 0 19 0 0 0 1 4 0 8 328309 2 24
454 CAT 0 0 0 15 0 0 0 0 0 0 0 0 0 0 0 0 7 13 1 332507 0 0 0 2 0 0 0 36 0 0 0 2 0 0 0 1 0 0 1 0 0 0 2 0 0 0 0 0 0 0 0 9 0 0 0 0 0 0 0 0 0 0 0 0
455 GAC 0 10 0 12 1 0 7 2 1 7 6 1 0 0 2 1 2 0 0 0 0 0 0 0 0 0 0 0 0 0 0 0 37 329909 14 13 0 3 1 0 2 16 0 3 2 9 0 1 0 13 0 2 1 1 0 0 0 0 3 0 0 0 0 0
456 TTA 1 1 0 5 12 1 2 5 5 3 0 0 5 2 1 0 3 11 9 1 0 1 1 0 12 2 7 12 17 3 0 0 5 1 8 10 0 1 0 0 0 2 4 18 3 0 4 2 6 4 0 6 34 0 2 1 3 2 0 0 330569 6 38 20
457 AAT 3 1 2 333133 0 0 0 5 0 0 0 9 0 2 3 0 0 0 5 3 1 0 0 0 0 0 0 0 1 0 0 0 0 0 0 12 1 0 0 0 0 1 0 0 0 0 0 2 1 0 0 0 0 1 3 0 0 0 0 0 0 0 0 0
458 GTG 4 0 0 0 0 1 0 0 0 0 0 0 1 4 34 7 0 0 0 0 0 0 0 0 0 0 1 0 7 0 6 0 0 0 2 0 0 0 13 0 0 0 1 0 41 0 332136 9 0 0 0 1 0 0 0 0 0 0 0 0 15 0 4 0
459 AAG 63 3 333260 13 0 0 11 0 0 2 29 0 0 0 3 0 0 2 7 3 0 0 0 0 3 1 10 0 0 0 0 0 0 0 42 0 0 2 0 1 0 1 0 1 0 0 1 0 0 0 1 1 0 0 0 0 0 0 0 0 0 0 0 0
460 AAT 13 14 35 331189 3 2 5 5 0 2 2 32 0 1 3 4 11 0 0 1 0 0 0 0 0 5 0 1 0 0 0 1 0 0 0 18 0 0 0 8 1 2 7 1 0 1 0 18 0 0 1 0 3 6 0 8 0 2 0 3 0 0 0 0
461 CTG 0 1 0 0 0 0 0 0 0 0 0 0 0 4 12 3 0 0 3 0 0 0 10 0 0 0 1 0 36 0 331820 5 0 0 0 0 0 0 0 0 0 0 0 0 0 1 1 0 0 0 0 0 0 0 0 1 0 0 0 0 0 0 22 0
462 TAC 0 4 0 0 0 0 0 0 0 0 0 0 2 0 0 1 0 12 0 0 0 0 2 0 0 1 0 0 0 0 0 0 0 0 0 0 0 0 0 0 0 0 0 0 0 0 0 0 3 333168 3 54 0 1 2 0 2 37 0 0 0 16 0 3
463 GAG 0 0 25 3 3 0 0 2 0 1 1 1 0 0 0 1 0 0 2 1 0 0 0 0 0 0 0 1 0 0 0 0 85 3 333685 13 6 0 1 4 0 1 41 0 0 0 9 3 0 2 7 5 8 6 1 3 0 0 0 0 1 0 0 0
464 AAA 332984 10 66 3 2 0 2 2 12 0 2 1 0 0 0 2 4 0 0 1 0 0 0 0 0 1 27 4 0 0 0 0 13 0 3 2 0 0 1 2 0 8 2 3 1 0 1 0 0 4 0 0 2 1 0 1 0 0 0 0 1 0 10 12
465 GTA 0 0 0 0 0 2 0 0 0 0 0 1 37 1 0 4 0 0 0 0 0 0 0 0 0 0 0 0 3 1 0 0 0 0 0 0 41 0 0 3 2 0 0 0 333240 8 27 14 0 0 0 0 0 0 0 0 0 2 0 20 5 0 3 0
466 AAA 333591 5 37 4 6 0 0 2 18 4 0 7 3 0 0 0 1 0 0 1 0 2 0 0 3 0 3 11 0 0 0 1 8 0 0 1 0 0 0 7 4 4 2 1 0 2 0 0 3 0 0 0 0 0 0 0 0 0 0 0 0 1 0 0
467 AGC 1 40 0 6 1 3 16 0 13 332733 9 116 1 12 0 0 5 12 2 3 0 0 1 0 0 6 0 5 3 0 0 0 19 4 0 6 24 1 6 8 31 77 9 20 0 15 5 5 0 0 0 0 6 3 5 0 0 0 0 0 2 0 2 2
468 CAA 20 2 10 2 14 1 6 3 46 5 2 8 23 22 24 2 333195 3 23 2 0 0 0 0 36 1 0 8 13 10 10 2 5 3 0 0 12 0 0 12 0 5 0 0 3 58 6 12 22 0 0 0 6 7 0 12 0 0 0 9 25 0 0 1
469 TTA 0 1 0 0 0 3 0 0 0 0 0 0 7 2 0 6 0 3 0 0 0 0 0 0 0 0 0 0 4 0 8 2 0 0 0 0 0 0 0 0 0 0 0 0 2 0 0 7 0 0 0 0 9 0 0 0 0 2 0 0 333663 0 22 3
470 AAG 30 13 333239 31 3 0 6 0 1 9 54 1 1 0 7 0 0 0 25 1 0 0 0 0 0 0 0 0 1 0 1 0 0 6 21 1 3 0 2 1 6 3 19 2 0 4 11 18 0 0 1 5 1 5 0 1 0 1 77 3 0 0 1 0
471 AAT 5 14 4 333357 0 1 15 6 0 0 1 21 0 0 1 4 37 0 51 1 0 0 0 0 2 0 2 2 6 0 17 3 1 0 10 29 5 1 0 7 5 1 3 1 2 1 2 0 2 0 0 8 0 1 13 1 0 0 5 3 1 2 2 3
472 AAT 0 9 3 333191 0 0 5 5 0 0 0 38 0 0 0 1 0 2 0 0 0 0 0 0 0 0 1 0 0 0 0 0 0 0 0 37 0 0 0 0 3 0 1 0 0 0 1 0 0 0 0 1 1 0 0 0 0 0 1 0 0 0 0 0
473 GCC 0 0 0 0 0 36 0 0 0 0 1 2 0 3 0 0 0 0 0 0 0 0 0 0 0 0 0 1 0 0 0 0 0 6 0 0 17 333478 2 18 0 10 2 15 4 22 4 2 0 1 0 0 0 6 0 0 0 0 0 0 0 0 0 0
474 AAA 332655 32 55 20 0 0 0 0 40 0 28 0 2 9 5 10 5 6 24 2 0 0 0 0 11 1 5 1 4 2 1 23 43 1 4 0 16 16 2 18 1 3 0 8 39 5 3 10 0 60 0 11 2 0 0 0 1 0 16 5 69 24 5 20
475 GAA 17 1 0 2 6 3 0 0 0 0 0 1 2 0 0 0 1 0 1 0 4 0 11 3 0 0 0 0 2 0 0 5 333474 15 15 17 2 3 0 0 9 2 0 0 3 50 3 23 7 0 0 0 0 2 3 1 0 0 0 0 0 1 0 0
476 ATC 12 16 12 7 7 14 139 2 12 26 4 16 34 318383 27 82 5 0 0 0 0 0 0 0 1 7 0 2 10 3 3 1 0 4 2 11 0 0 0 0 0 2 14 0 14 20 2 9 0 16 1 6 1 4 18 1 0 0 8 6 0 6 26 1
477 GGA 1 0 0 15 0 0 0 0 33 3 0 0 1 0 1 0 2 1 1 4 0 0 0 0 6 0 0 0 0 0 5 0 28 2 4 0 0 5 2 0 318222 5 33 35 0 0 0 0 0 4 0 7 0 13 3 6 7 0 0 0 2 10 2 0
478 AAT 11 19 16 318884 3 2 0 7 1 1 1 19 0 0 0 6 1 0 10 5 0 0 0 0 2 0 2 3 0 0 2 1 0 3 0 5 0 1 1 0 0 2 2 0 0 0 0 0 0 0 0 1 0 0 3 0 0 0 0 0 0 1 0 0
479 GGG 0 0 2 0 0 0 0 0 6 0 32 0 0 0 2 0 1 0 0 1 0 0 0 0 1 0 31 2 1 5 0 13 0 0 27 1 1 0 1 0 97 56 318371 11 0 0 4 0 0 0 0 0 0 0 1 0 0 3 7 0 3 0 3 0
480 TGT 0 0 0 0 0 0 0 0 0 0 0 3 0 0 0 0 0 0 0 0 0 0 0 0 0 0 0 10 0 0 0 0 0 0 0 0 0 0 0 0 0 0 0 1 0 0 0 0 0 0 0 32 0 0 0 2 4 30 15 318317 0 0 0 11
481 TTT 0 0 0 0 0 6 0 0 0 1 0 0 1 0 0 3 0 1 0 0 0 0 0 1 0 0 0 0 1 13 5 18 0 0 2 1 0 1 0 0 0 0 0 0 0 0 0 2 0 1 0 2 0 0 0 23 0 1 0 5 4 20 2 318938
482 GAG 31 0 23 10 0 11 5 0 18 3 9 0 3 0 0 4 5 0 11 1 0 4 0 0 0 0 2 2 0 3 75 0 32 4 318352 12 0 1 10 8 7 15 103 1 0 9 5 4 0 5 7 2 0 0 0 0 0 0 5 0 3 0 11 0
483 TTC 2 0 0 0 0 0 1 0 0 0 0 0 0 4 0 0 0 0 0 0 0 0 0 0 0 0 0 0 0 10 0 0 0 0 0 3 0 0 0 0 0 0 0 0 0 3 0 1 0 3 1 1 0 4 0 0 0 1 0 0 6 318677 3 32
484 TAC 0 7 0 0 0 0 0 0 0 0 4 0 0 1 0 1 0 58 4 3 0 0 0 0 0 1 6 0 5 1 1 3 0 1 0 1 0 0 0 0 0 1 2 0 0 0 0 0 4 318398 2 31 0 0 0 3 0 32 3 0 7 13 23 11
485 CAC 0 18 0 0 0 0 0 0 13 0 0 0 0 0 0 0 7 318624 5 14 0 2 0 0 29 10 0 0 0 0 0 0 0 0 12 0 0 0 0 0 0 0 4 0 0 0 0 0 0 9 0 0 0 0 0 0 0 0 0 0 0 0 0 0
486 AAG 16 0 318543 11 0 2 4 2 2 0 45 11 18 2 21 2 109 6 13 8 5 0 0 0 0 5 17 11 1 0 5 0 0 1 32 3 7 10 15 4 4 0 15 10 13 5 4 6 0 0 2 0 2 3 0 2 0 0 2 5 0 0 42 1
487 TGT 1 0 0 0 0 0 0 0 0 0 0 2 0 0 1 0 0 0 0 0 0 0 0 0 0 0 0 11 0 0 0 2 0 0 0 3 0 0 1 0 2 0 1 1 0 0 0 0 1 0 0 13 0 0 0 0 3 11 0 318802 0 1 1 3
488 GAC 0 41 1 0 0 0 2 4 0 0 0 20 0 0 0 0 0 3 0 0 1 1 8 3 0 0 0 0 1 0 0 1 4 318644 5 17 0 2 1 0 1 46 4 0 0 2 0 0 0 9 1 0 0 4 0 0 2 0 0 1 1 0 1 0
489 AAT 4 23 1 317938 0 1 14 1 0 0 1 6 0 0 1 4 4 0 0 4 0 0 2 0 1 0 0 0 0 1 0 1 0 4 0 43 0 0 0 0 0 0 1 0 0 0 0 0 0 0 10 1 0 0 2 0 0 0 0 0 2 0 0 0
490 GAA 17 2 1 30 33 1 2 2 12 10 3 8 8 1 7 0 6 41 1 2 1 0 1 1 0 4 12 4 22 4 2 1 317959 12 25 2 10 15 27 0 26 9 42 4 1 8 4 2 6 1 0 4 8 8 1 1 0 0 21 3 17 0 5 3
491 TGC 0 0 0 0 0 0 0 0 0 9 0 0 0 0 0 0 0 0 0 0 0 0 0 0 0 2 0 0 0 0 0 0 0 0 0 0 0 0 0 0 0 3 0 0 0 0 0 0 0 20 0 0 0 0 0 0 7 318625 6 113 0 5 0 0
492 ATG 0 0 3 0 0 0 10 0 0 0 1 0 47 7 318120 21 0 2 0 0 0 2 0 0 0 0 0 0 0 0 2 0 0 0 1 0 0 0 0 0 0 1 0 0 2 2 21 0 0 0 0 0 1 0 0 0 0 0 0 1 0 0 2 0
493 GAA 35 0 0 23 3 0 1 2 1 18 0 3 19 1 3 0 24 4 13 2 0 0 0 0 0 0 6 0 1 0 4 5 316915 16 15 6 37 4 4 12 32 9 1 116 7 1 4 1 3 2 0 1 11 31 22 2 4 1 1 4 2 5 6 2
494 AGT 5 3 6 30 1 0 0 7 2 2 8 316605 0 0 18 5 0 7 0 6 0 0 0 0 1 10 1 5 1 3 0 0 1 0 2 3 14 16 4 2 2 4 5 23 0 0 0 0 0 0 0 0 1 0 65 2 0 1 7 4 0 0 0 0
495 GTA 0 0 0 0 0 0 0 1 0 0 0 0 85 1 0 2 0 0 0 0 0 0 0 0 1 0 0 0 2 0 0 0 2 0 0 1 28 0 1 0 2 0 0 1 318136 45 77 4 0 0 0 0 0 0 0 0 0 0 0 1 8 3 4 0
496 AGA 21 0 0 0 0 0 0 1 318714 0 27 0 2 0 2 0 0 0 2 0 0 0 0 0 15 6 0 0 0 0 0 0 0 1 0 0 0 0 0 0 23 0 0 0 0 2 0 2 12 0 0 1 0 0 1 0 8 0 0 0 0 0 0 0
497 AAT 93 36 14 317879 9 27 17 32 2 0 15 38 17 13 13 89 20 3 27 34 0 0 0 0 2 0 3 3 1 14 0 17 33 6 6 33 33 4 8 45 6 14 17 40 4 97 64 9 0 5 0 12 25 51 25 8 0 0 1 6 3 17 10 24
498 GGG 0 3 0 3 0 0 0 0 0 2 16 2 0 0 0 0 0 0 3 0 0 0 0 0 1 0 0 4 0 0 0 0 0 0 28 1 6 2 1 1 56 8 318505 27 0 0 5 0 0 0 1 0 6 0 0 9 0 0 12 0 2 0 0 0
499 ACT 1 7 0 21 22 15 4 317917 0 4 61 5 3 0 38 22 0 0 8 4 0 0 0 2 0 0 0 5 4 0 11 12 55 5 73 13 19 0 0 43 5 0 3 23 13 0 13 11 0 1 0 5 0 0 2 1 0 2 4 0 8 4 63 2
500 TAT 0 0 0 0 0 0 1 0 0 0 0 0 0 0 0 0 0 1 0 30 0 0 1 0 0 0 0 0 0 0 0 29 0 0 4 1 0 0 0 0 0 0 1 0 0 0 2 0 3 8 3 318777 0 0 0 2 0 0 0 12 0 0 0 0
501 GAT 25 0 3 29 6 0 0 3 1 1 0 12 0 9 5 2 0 0 0 0 3 0 0 1 0 0 4 0 0 0 0 4 11 13 9 317652 4 3 5 18 3 1 0 20 2 3 2 3 0 2 0 28 18 4 15 4 0 0 10 0 8 1 1 0
502 TAT 0 0 0 3 3 0 1 0 0 0 1 0 0 2 0 2 2 6 0 35 0 0 0 0 2 1 0 0 0 0 1 5 0 0 6 4 3 2 7 5 0 0 7 3 9 0 0 1 4 25 2 317724 1 0 0 3 0 0 6 14 0 0 7 7
503 CCA 8 0 4 9 6 0 0 2 4 3 1 2 0 9 7 12 18 0 4 0 318181 14 22 9 0 3 4 1 9 1 8 2 0 5 2 0 2 4 2 4 0 4 13 1 28 0 2 0 0 1 0 2 8 3 0 0 0 0 6 0 1 0 0 12
504 AAA 317733 1 34 5 11 0 6 3 7 1 60 2 8 0 1 2 2 0 0 0 0 1 0 0 13 1 0 14 14 0 3 4 21 0 0 18 0 0 4 4 9 1 30 7 0 1 12 1 2 12 0 35 0 3 9 10 0 0 3 0 0 0 25 2
505 TAT 0 0 0 3 0 0 0 0 0 0 0 0 0 0 0 0 0 0 0 8 0 0 0 0 0 0 0 0 0 0 1 0 0 0 0 1 0 0 0 0 0 0 0 0 0 0 0 0 5 16 1 318721 0 0 0 0 0 0 1 9 0 0 0 5
506 TCA 2 0 0 3 9 2 0 1 0 1 0 0 4 0 2 3 0 8 2 2 13 0 0 0 0 2 11 1 0 5 14 0 7 0 1 0 37 0 0 63 2 0 2 6 0 1 1 10 6 0 0 0 317066 9 126 9 0 2 18 17 69 12 0 7
507 GAA 24 1 5 0 0 7 0 0 4 2 0 8 2 14 0 23 12 1 0 2 0 22 1 1 1 1 0 0 2 1 4 0 318127 2 34 9 1 5 1 0 32 9 47 3 2 2 6 4 12 7 0 0 0 0 2 6 0 0 2 3 11 1 6 2
508 GAA 27 0 0 0 3 3 0 2 0 5 0 14 5 0 3 37 35 0 25 1 0 4 0 0 0 2 0 0 2 12 3 0 317125 5 16 2 1 28 54 1 16 2 1 1 8 8 3 13 4 0 0 10 0 2 4 2 0 0 0 2 11 7 5 2
509 TCA 0 0 1 0 5 5 5 7 0 0 7 38 12 3 1 35 0 0 0 0 9 0 0 0 0 0 0 0 127 0 2 22 0 0 0 0 10 2 1 0 1 2 11 0 4 42 1 23 1 2 0 0 317295 8 48 8 1 0 0 3 43 0 27 3
510 AAG 54 1 317997 12 0 0 18 0 0 0 66 4 0 0 16 5 0 27 24 2 0 3 0 0 6 0 34 4 5 5 0 13 1 0 25 1 3 1 5 0 0 0 0 1 8 2 7 2 0 0 3 4 0 8 1 9 0 1 9 2 2 6 10 14
511 TTG 0 0 0 13 2 5 6 2 0 0 1 3 0 0 27 0 1 0 0 4 1 0 1 0 0 0 2 0 3 0 15 5 2 0 4 1 2 0 4 2 0 5 5 2 0 5 10 16 1 0 1 1 1 1 15 2 0 0 3 3 39 6 314722 22
512 AAC 5 316734 1 51 4 20 1 48 14 92 2 0 50 71 0 4 0 20 2 5 0 2 0 8 3 5 0 0 0 1 0 14 6 39 0 13 54 15 7 8 1 0 1 23 22 10 1 13 0 12 0 0 6 6 1 3 0 1 0 21 3 8 1 5
513 AGG 2 3 16 6 4 3 3 1 110 7 313860 9 8 3 24 8 9 0 1 13 0 0 0 0 11 1 14 9 3 8 5 14 1 0 0 0 4 8 1 0 0 0 69 0 10 0 2 0 0 7 0 3 4 0 4 15 0 0 15 4 1 7 18 1
514 GAA 24 0 3 6 9 0 3 0 0 0 2 0 0 9 0 1 0 1 0 1 3 0 0 1 0 3 2 14 3 2 2 12 312049 4 15 4 2 10 0 2 23 0 0 0 2 4 1 10 1 0 0 12 0 28 13 6 0 0 0 0 8 1 0 3
515 AAG 28 0 315153 83 6 0 16 0 2 0 133 56 25 0 2 0 0 0 8 0 19 0 0 11 2 3 2 3 0 0 9 4 3 1 39 18 11 1 4 0 6 8 4 16 7 7 5 6 0 3 1 5 0 0 3 3 0 0 2 2 0 0 0 5
516 ATA 4 0 0 0 2 0 0 0 2 0 0 0 317677 16 42 33 0 0 0 0 0 0 0 0 0 0 0 0 1 14 13 4 1 0 0 0 0 0 0 0 0 0 0 0 33 14 0 14 0 0 1 0 0 0 0 0 0 0 0 0 7 0 0 0
517 GAT 42 0 8 30 5 2 1 5 6 1 1 8 10 1 6 7 4 33 1 4 1 2 7 3 1 2 18 0 1 2 1 10 3 28 11 306569 7 29 10 4 5 14 14 50 18 37 6 2 0 11 0 8 3 19 3 27 0 0 8 0 8 29 17 6
518 GGA 6 4 1 0 9 53 18 35 47 26 4 29 24 8 2 92 4 2 16 1 2 5 4 0 4 12 7 5 1 5 8 6 33 3 28 2 5 13 15 14 305720 3 85 22 7 2 5 16 0 2 1 4 30 0 12 12 5 0 14 1 13 4 60 9
519 GTG 0 0 2 1 0 0 2 9 2 0 1 0 1 4 22 4 0 1 0 0 0 0 0 0 0 1 0 0 0 8 5 2 0 0 4 0 8 2 21 0 0 0 2 0 51 3 311314 45 0 0 0 0 0 0 0 1 0 1 0 0 0 1 33 0
520 AAA 316335 12 12 22 10 38 8 1 19 1 0 5 0 9 7 17 10 5 16 6 0 0 6 4 9 16 4 0 6 4 7 0 44 5 2 5 0 0 20 0 0 0 0 4 2 2 1 3 4 1 0 1 0 2 5 4 3 0 1 0 5 9 2 2
521 TTG 1 0 0 0 2 3 8 2 0 0 0 0 7 2 3 1 0 1 2 0 3 0 0 1 1 0 0 0 17 0 12 0 1 0 0 0 0 0 0 0 2 4 1 2 21 0 16 4 0 1 0 2 3 2 5 1 0 0 19 0 18 1 303065 12
522 GAA 21 9 0 13 0 0 4 0 1 0 7 1 0 1 7 1 2 1 1 0 0 0 0 0 0 0 0 0 2 0 0 1 300623 25 19 3 13 0 1 1 35 1 0 0 6 2 1 1 1 0 0 2 6 5 0 0 0 0 2 0 0 0 1 1
523 TCA 7 1 3 0 2 1 0 15 0 1 4 2 5 22 1 0 20 1 1 6 28 1 0 2 0 0 3 7 0 1 0 2 8 5 2 1 3 3 2 0 2 2 3 3 7 7 3 0 2 10 0 5 305460 98 19 44 1 0 0 0 14 0 0 1
524 ATG 3 9 11 4 0 5 73 3 2 1 9 3 48 9 302683 17 0 0 0 5 0 0 6 0 0 0 0 4 0 0 5 1 2 2 0 3 0 3 1 7 1 2 15 0 13 6 19 8 0 1 0 0 9 9 3 2 0 6 3 0 19 0 7 0
525 GGG 1 0 0 0 7 3 2 0 1 8 9 0 4 0 0 0 1 0 0 0 0 0 0 0 1 1 0 0 2 0 0 2 3 6 16 0 1 5 4 0 33 4 285656 100 0 6 14 2 0 0 0 2 21 5 0 0 0 0 3 0 2 1 2 1
526 GTG 8 2 6 0 8 6 1 8 0 2 2 1 84 10 64 1 1 4 5 3 4 2 3 0 0 0 0 2 0 4 21 10 4 0 3 2 3 5 22 3 1 4 10 2 103 5 281813 32 0 15 0 4 2 2 0 5 0 1 10 1 2 0 20 3
527 TAT 0 0 1 10 0 0 4 3 3 3 0 12 5 0 10 10 5 2 1 75 0 0 0 0 0 0 0 0 0 1 3 4 1 1 5 6 2 0 1 0 0 0 1 9 7 0 1 5 6 25 9 302020 0 0 28 2 1 0 0 20 0 10 0 9
528 CAG 0 0 8 4 4 1 2 11 1 0 5 6 0 0 5 0 14 59 295065 10 0 0 4 3 4 11 67 1 1 0 1 0 2 0 12 0 6 0 0 0 2 6 0 0 1 0 2 0 0 1 8 1 1 0 7 0 0 0 2 1 0 0 0 4
529 ATT 1 0 7 1 0 0 0 7 0 1 3 3 10 16 2 306552 0 0 0 1 0 0 0 0 0 0 1 0 0 0 0 2 0 0 0 0 0 0 0 3 0 0 0 2 1 1 6 17 0 11 0 1 5 0 0 0 0 0 12 1 0 2 1 0
530 CTG 0 0 0 0 0 0 0 0 0 0 0 0 1 0 22 2 0 0 4 0 0 1 26 0 0 2 4 0 23 0 313244 25 0 0 0 0 0 5 1 2 0 0 0 1 0 0 1 0 0 0 0 0 0 0 0 1 0 0 0 0 0 0 14 6
531 GCG 1 2 0 0 0 0 19 0 0 0 0 1 0 4 0 0 0 0 0 1 0 2 0 0 1 0 0 0 0 1 0 0 0 0 9 0 26 4 310891 6 3 0 4 0 0 1 73 0 0 0 0 0 15 0 0 20 0 0 0 0 0 0 0 0
532 ATC 0 2 0 0 0 9 0 0 0 1 0 0 5 308357 0 32 0 0 0 0 0 0 0 0 0 0 0 0 0 0 0 2 0 0 0 0 0 0 0 0 0 0 0 0 0 57 0 0 0 0 0 0 0 0 0 0 0 0 0 0 5 0 1 0
533 TAC 0 6 0 0 0 0 2 0 0 0 0 0 0 2 0 0 0 60 0 0 0 0 0 0 0 0 0 0 0 0 0 2 1 3 0 0 1 0 0 0 0 0 0 0 2 0 0 0 11 311501 1 28 0 5 0 0 0 8 0 0 0 0 0 0
534 TCA 0 0 0 0 2 0 0 0 0 2 0 0 0 0 0 0 0 0 0 0 22 0 0 0 0 0 0 0 0 0 0 0 0 0 0 0 1 0 0 0 0 0 2 2 0 0 0 0 13 0 0 0 307945 3 30 1 1 0 0 0 3 0 0 0
535 ACT 0 0 0 9 3 86 7 315293 0 0 0 4 0 0 0 27 0 0 0 0 0 0 2 2 0 0 0 0 0 0 0 0 0 0 0 0 1 1 0 13 4 0 0 0 1 0 0 1 0 0 0 0 0 2 0 3 0 26 0 0 0 0 0 3
536 GTC 0 0 0 0 1 0 0 6 0 0 0 0 3 68 0 3 0 0 0 0 0 0 0 0 0 0 0 0 0 1 1 1 0 2 0 0 0 17 11 0 0 2 2 2 38 313429 1 16 0 0 0 0 0 0 0 0 0 0 0 2 8 5 4 9
537 GCC 0 0 0 0 0 63 8 1 0 0 2 0 0 0 0 0 0 0 0 0 0 0 0 0 0 0 0 0 0 0 1 0 0 1 0 0 31 313730 13 26 0 0 2 0 0 22 0 2 0 0 0 0 0 9 8 1 0 2 0 9 0 0 2 0
538 AGT 1 0 0 53 2 5 4 9 1 8 2 314202 0 4 0 10 0 0 0 0 0 0 0 0 0 0 0 8 0 0 0 2 0 0 0 0 5 50 15 0 3 0 1 15 3 2 20 1 3 0 0 1 5 35 14 19 0 0 0 9 0 0 0 0
539 TCA 0 3 0 1 7 0 0 2 0 3 0 3 0 0 0 0 0 0 0 0 10 0 0 0 0 0 0 0 0 0 0 0 0 0 0 0 1 0 0 0 2 0 1 1 0 0 0 0 6 0 0 0 311611 12 14 5 7 0 0 0 33 0 1 0
540 CTG 0 0 0 0 5 9 2 11 0 1 0 2 8 0 5 2 3 0 5 0 0 0 33 0 0 0 4 0 41 84 314043 21 0 0 0 0 3 0 7 6 7 3 0 5 2 3 23 1 0 5 0 10 14 52 6 3 0 1 2 0 8 1 14 9
541 GTG 2 0 0 0 7 5 3 9 0 0 0 0 2 15 27 2 3 0 1 2 20 0 9 15 0 0 1 0 3 8 20 22 0 0 1 0 0 0 5 0 0 0 1 3 38 4 317105 19 1 1 0 0 0 0 0 3 0 1 8 0 7 9 5 6
542 CTT 2 0 1 1 2 4 3 14 0 0 0 4 6 5 23 35 0 0 0 8 1 0 3 59 0 0 1 5 29 20 39 314001 0 0 0 0 1 1 6 2 4 2 0 0 10 8 4 12 0 0 0 3 1 3 3 0 0 0 0 3 37 11 12 78
543 TTG 0 0 1 0 11 1 2 0 0 0 0 15 12 0 4 0 0 0 0 0 0 0 0 0 0 0 0 0 0 0 22 0 0 0 0 1 0 0 12 0 6 1 1 6 0 0 7 0 0 5 3 0 5 1 16 1 0 0 60 3 22 4 317869 5
544 GTC 0 12 0 0 0 1 2 0 0 6 0 0 0 15 0 0 0 0 0 0 0 0 0 0 0 0 0 0 0 0 0 0 0 1 0 0 0 23 0 0 0 6 0 0 8 314955 4 41 0 0 0 0 0 6 0 0 0 0 0 0 0 2 0 0
545 TCC 0 0 0 0 0 11 0 0 0 0 0 0 0 0 0 0 0 1 0 0 0 86 1 0 0 0 0 0 1 6 6 1 0 0 0 0 0 2 0 0 0 0 0 0 0 5 0 0 0 3 0 0 18 316762 4 8 0 0 0 0 0 57 0 1
546 CTG 0 0 0 0 0 0 0 0 0 0 0 0 1 1 23 0 1 0 1 0 0 0 66 3 0 0 14 0 16 0 315258 6 0 0 0 0 0 0 0 0 0 0 0 0 0 0 2 1 0 0 1 0 0 1 0 0 0 0 0 0 0 5 8 0
547 GGG 0 0 0 0 0 0 0 0 0 0 7 0 0 0 0 0 0 0 0 0 0 0 0 0 0 0 0 0 0 2 0 0 0 0 12 0 1 0 9 0 9 6 317618 3 0 0 9 0 0 0 0 0 0 0 0 0 0 0 3 0 0 0 0 0
548 GCA 0 0 0 0 76 0 3 0 0 0 0 0 0 0 0 0 0 0 0 0 0 0 0 0 0 0 0 0 0 0 0 0 3 0 0 0 317656 0 16 5 6 0 1 0 40 0 0 1 0 0 0 0 7 0 0 0 0 0 0 0 0 0 0 1
549 ATC 0 2 0 0 4 49 0 0 0 6 0 0 4 315887 1 23 0 0 0 0 0 0 0 0 0 0 0 2 1 4 0 0 0 0 0 0 0 18 0 3 1 1 0 0 0 35 0 1 0 0 0 1 0 7 0 1 0 0 1 1 0 4 0 1
550 AGT 0 1 0 13 6 2 0 0 0 18 1 317827 3 0 0 11 2 0 0 0 1 0 0 0 0 1 0 4 0 8 0 2 0 0 0 0 5 0 2 10 0 0 0 30 4 1 0 3 0 0 0 0 2 1 1 7 2 14 0 4 82 9 2 0
551 TTC 0 0 0 0 4 7 3 0 0 0 0 5 10 3 3 1 0 0 0 0 2 10 1 0 0 0 0 0 0 16 0 0 6 0 0 1 3 1 0 1 7 6 5 3 7 8 0 22 0 8 0 0 3 19 0 0 0 1 1 0 21 317734 1 24
552 TGG 0 1 2 0 0 5 2 0 0 1 8 0 0 1 0 2 3 0 0 0 0 0 0 0 0 0 33 0 0 5 0 1 1 1 0 0 2 1 2 0 0 0 20 0 2 3 0 2 0 0 19 0 0 3 3 3 8 0 318026 4 7 12 3 29
553 ATG 0 1 5 0 0 0 14 1 0 0 3 1 17 0 317584 8 1 2 4 0 0 0 0 0 0 4 0 0 3 1 9 2 0 1 1 0 1 6 21 0 14 8 10 10 0 0 16 0 0 1 2 0 3 5 9 23 0 0 5 0 1 0 7 0
554 TGT 0 0 0 0 0 0 0 0 0 0 0 1 0 10 0 5 7 0 0 0 0 0 0 1 0 0 0 6 0 1 3 0 0 1 1 0 0 0 6 0 1 0 0 2 2 4 6 10 0 0 0 23 9 2 7 1 1 24 5 317758 6 2 13 12
555 TCT 4 0 2 5 0 0 0 12 1 3 9 73 3 1 1 1 17 0 2 1 0 0 1 9 5 0 5 0 2 2 32 0 12 9 5 10 0 0 2 9 0 5 1 1 2 0 3 10 0 2 0 5 7 79 9 317121 0 0 3 2 5 3 3 14
556 AAT 7 47 24 318439 0 0 0 4 0 0 0 13 41 8 2 2 1 14 1 7 0 0 0 0 0 2 0 0 0 21 11 0 0 0 2 28 0 0 0 0 0 0 1 0 6 5 2 30 0 1 1 1 0 0 2 2 0 0 0 0 0 3 15 1
557 GGG 3 1 0 0 0 0 0 0 0 1 20 0 0 0 0 0 4 0 1 0 0 0 0 0 3 1 5 0 0 0 0 0 2 0 21 0 1 0 5 0 55 2 318119 9 0 0 5 0 0 1 0 0 0 0 2 1 0 0 12 0 0 0 0 0
558 TCT 0 1 1 0 2 1 3 13 0 0 1 11 3 0 0 0 1 0 0 0 1 0 0 11 0 0 0 0 3 13 8 0 0 1 0 0 2 1 2 1 0 1 0 1 1 6 29 12 0 0 0 12 13 23 12 316607 0 0 1 1 15 7 4 23
559 TTG 0 0 0 0 0 0 0 0 0 0 0 0 0 0 2 1 0 0 0 0 0 0 0 0 0 0 0 0 2 0 58 0 0 0 0 0 0 0 1 0 0 0 1 0 0 0 6 1 0 0 0 0 0 0 24 0 0 2 2 0 32 3 317710 5
560 CAG 6 0 7 4 0 2 39 0 0 1 0 0 0 0 2 0 49 1 318365 1 0 0 2 0 0 0 55 0 0 1 4 0 0 0 15 2 0 3 5 0 0 0 0 0 1 2 3 0 0 0 144 0 0 2 0 3 0 0 0 0 0 0 3 0
561 TGC 0 0 0 0 0 0 0 0 0 2 0 0 3 0 0 6 0 0 0 0 0 0 0 0 0 4 0 0 1 0 0 0 0 0 0 0 0 0 1 0 2 1 0 0 23 2 0 0 0 119 0 0 1 0 1 0 7 317691 3 34 6 8 0 0
562 AGA 23 15 0 4 7 2 11 11 318303 6 13 7 12 1 0 3 3 5 1 14 0 0 0 0 4 8 11 29 2 5 0 10 3 2 2 14 2 0 1 1 36 0 6 6 31 4 6 0 0 0 0 0 0 3 1 3 1 0 0 0 0 2 20 3
563 ATA 0 0 0 0 7 0 0 0 0 0 0 1 318943 4 25 10 0 0 0 0 0 0 0 0 0 0 0 0 1 0 0 0 0 0 0 0 0 0 0 0 1 0 0 0 19 5 1 0 0 0 0 0 0 0 0 0 0 0 0 0 4 0 3 0
564 TGC 0 0 0 0 0 0 0 0 0 2 0 0 0 0 0 0 0 0 0 0 0 0 0 0 0 8 0 0 2 0 0 1 0 0 0 0 0 0 1 0 0 1 0 0 0 0 0 1 0 47 0 0 0 0 0 0 9 318405 2 104 0 7 0 0
565 ATC 0 0 0 0 0 4 0 0 0 0 0 0 15 318146 1 8 0 0 0 0 0 0 0 0 0 0 0 0 4 4 3 1 0 0 0 0 0 0 0 1 0 0 0 0 0 13 0 0 0 0 7 0 0 0 0 0 0 0 2 0 1 6 8 2
566 TGA 0 0 0 0 0 0 0 0 7 0 0 0 0 0 0 0 0 0 0 0 0 0 0 0 93 0 0 0 0 0 0 0 0 0 0 0 0 0 0 0 3 0 0 0 0 0 0 0 18 0 0 0 0 0 0 0 318588 1 36 2 5 0 0 0
