# POSITION WT AAA AAC AAG AAT ACA ACC ACG ACT AGA AGC AGG AGT ATA ATC ATG ATT CAA CAC CAG CAT CCA CCC CCG CCT CGA CGC CGG CGT CTA CTC CTG CTT GAA GAC GAG GAT GCA GCC GCG GCT GGA GGC GGG GGT GTA GTC GTG GTT TAA TAC TAG TAT TCA TCC TCG TCT TGA TGC TGG TGT TTA TTC TTG TTT
1 ATG 0 0 1 0 0 0 2 0 0 0 1 0 17 0 356476 14 0 0 0 0 0 0 0 0 0 0 0 0 0 0 7 0 0 0 0 0 0 0 0 0 0 0 0 0 0 0 11 0 0 0 0 0 0 0 0 0 0 0 0 0 0 0 7 0
2 AAG 27 0 356269 20 0 0 15 0 0 0 46 0 0 0 16 0 0 0 1 0 0 0 0 0 0 0 0 0 0 0 0 0 0 0 39 0 0 0 0 0 0 0 0 0 0 0 0 0 0 0 0 0 0 0 0 0 0 0 0 0 0 0 0 0
3 GCA 0 0 0 0 24 0 0 0 0 0 0 0 0 0 0 0 0 0 0 0 0 0 0 0 0 0 0 0 0 0 0 0 20 0 0 0 355938 2 7 0 3 0 0 0 22 0 0 0 0 0 0 0 12 0 0 0 0 0 0 0 0 0 0 0
4 AAA 356554 7 2 0 3 0 0 0 20 0 0 0 3 0 0 0 1 0 0 0 0 0 0 0 0 0 0 0 0 0 0 0 11 0 0 0 0 0 0 0 0 0 0 0 0 0 0 0 3 0 0 0 0 0 0 0 0 0 0 0 0 0 0 0
5 CTA 0 0 0 0 0 0 0 0 0 0 0 0 21 0 0 0 2 0 0 0 37 0 0 0 2 0 0 0 356192 0 8 6 0 0 0 0 0 0 0 0 0 0 0 0 0 0 0 0 0 0 0 0 0 0 0 0 0 0 0 0 21 0 0 0
6 CTG 0 0 0 0 0 0 0 0 0 0 0 0 0 0 4 0 0 0 7 0 0 0 18 0 0 0 5 0 12 0 356493 8 0 0 0 0 0 0 0 0 0 0 0 0 0 0 0 0 0 0 0 0 0 0 0 0 0 0 0 0 0 0 8 0
7 GTC 0 0 0 0 0 0 0 0 0 0 0 0 0 13 0 0 0 0 0 0 0 0 0 0 0 0 0 0 0 2 0 0 0 1 0 0 0 32 0 0 0 2 0 0 6 355940 0 14 0 0 0 0 0 0 0 0 0 0 0 0 0 7 0 0
8 CTG 0 0 0 0 0 0 0 0 0 0 0 0 0 0 19 0 0 0 3 0 0 0 96 0 0 0 7 0 51 3 356368 10 0 0 0 0 0 0 0 0 0 0 0 0 0 0 0 0 0 0 0 0 0 0 0 0 0 0 0 0 0 0 16 0
9 TTA 0 0 0 0 0 0 0 0 0 0 0 0 4 0 0 0 0 0 0 0 1 0 0 0 0 0 0 0 65 0 0 0 0 0 0 0 0 0 0 0 0 0 0 0 2 0 0 0 4 0 0 0 19 0 0 0 0 0 0 0 356462 4 12 13
10 TAT 0 0 0 0 0 0 0 0 0 0 0 0 0 0 0 0 0 1 0 41 0 0 0 0 0 0 0 0 0 0 0 0 0 0 0 4 0 0 0 0 0 0 0 0 0 0 0 0 11 44 3 355901 0 0 0 3 0 0 0 207 0 0 0 2
11 GCA 0 0 0 0 73 0 0 0 0 0 0 0 0 0 0 0 0 0 0 0 0 0 0 0 0 0 0 0 0 0 0 0 4 0 0 0 356199 1 23 0 4 0 0 0 49 0 0 0 0 0 0 0 23 0 0 0 0 0 0 0 0 0 0 0
12 TTT 0 0 0 0 0 0 0 0 0 0 0 0 0 0 0 2 0 0 0 0 0 0 0 13 0 0 0 0 0 0 0 39 0 0 0 0 0 0 0 0 0 0 0 0 0 0 0 10 0 0 0 8 0 2 0 27 0 0 0 3 10 30 9 356363
13 GTA 0 0 0 0 0 0 0 0 0 0 0 0 15 0 0 0 0 0 0 0 0 0 0 0 0 0 0 0 0 0 0 0 1 0 0 0 65 0 0 0 0 0 0 0 356304 3 64 3 0 0 0 0 0 0 0 0 0 0 0 0 3 0 0 0
14 GCT 0 0 0 0 0 0 0 30 0 0 0 0 0 0 0 0 0 0 0 0 0 0 0 0 0 0 0 0 0 0 0 0 0 0 0 25 4 65 1 356354 0 0 0 0 0 0 0 9 0 0 0 0 0 0 0 17 0 0 0 0 0 0 0 0
15 ACA 5 0 0 0 356262 11 85 9 1 0 0 0 31 0 0 0 0 0 0 0 1 0 0 0 0 0 0 0 0 0 0 0 0 0 0 0 9 0 0 0 0 0 0 0 0 0 0 0 0 0 0 0 2 0 0 0 0 0 0 0 0 0 0 0
16 GAT 0 0 0 13 0 0 0 0 0 0 0 0 0 0 0 0 0 0 0 0 0 0 0 0 0 0 0 0 0 0 0 0 2 41 4 355621 0 0 0 0 0 0 0 7 0 0 0 0 0 0 0 21 0 0 0 0 0 0 0 0 0 0 0 0
17 GCA 0 0 0 0 76 0 0 0 0 0 0 0 0 0 0 0 0 0 0 0 0 0 0 0 0 0 0 0 0 0 0 0 4 0 0 0 355917 6 96 8 6 0 0 0 57 0 0 0 0 0 0 0 11 0 0 0 0 0 0 0 0 0 0 0
18 GAC 0 10 0 0 0 0 0 0 0 0 0 0 0 0 0 0 0 1 0 0 0 0 0 0 0 0 0 0 0 0 0 0 6 356218 4 6 0 2 0 0 0 15 0 0 0 0 0 0 0 0 0 0 0 0 0 0 0 0 0 0 0 0 0 0
19 ACA 2 0 0 0 356312 0 47 1 2 0 0 0 16 0 0 0 0 0 0 0 1 0 0 0 0 0 0 0 0 0 0 0 0 0 0 0 6 0 0 0 0 0 0 0 0 0 0 0 0 0 0 0 1 0 0 0 0 0 0 0 0 0 0 0
20 ATA 2 0 0 0 10 0 0 0 1 0 0 0 355400 0 35 1 0 0 0 0 0 0 0 0 0 0 0 0 3 0 0 0 0 0 0 0 0 0 0 0 0 0 0 0 7 0 0 0 0 0 0 0 0 0 0 0 0 0 0 0 3 0 0 0
21 TGT 0 0 0 0 0 0 0 0 0 0 0 7 0 0 0 0 0 0 0 0 0 0 0 0 0 0 0 6 0 0 0 0 0 0 0 0 0 0 0 0 0 0 0 2 0 0 0 0 0 0 0 43 0 0 0 3 1 121 2 356181 0 0 0 3
22 ATA 0 0 0 0 8 0 0 0 0 0 0 0 356297 0 62 6 0 0 0 0 0 0 0 0 0 0 0 0 1 0 0 0 0 0 0 0 0 0 0 0 0 0 0 0 36 0 0 0 0 0 0 0 0 0 0 0 0 0 0 0 3 0 0 0
23 GGC 0 0 0 0 0 0 0 0 0 9 0 0 0 0 0 0 0 0 0 0 0 0 0 0 0 0 0 0 0 0 0 0 0 25 0 0 0 0 0 0 13 355240 6 18 0 5 0 0 0 0 0 0 0 0 0 0 0 23 0 0 0 0 0 0
24 TAC 0 4 0 0 0 0 0 0 0 0 0 0 0 0 0 0 0 39 0 0 0 0 0 0 0 0 0 0 0 0 0 0 0 4 0 0 0 0 0 0 0 0 0 0 0 0 0 0 3 356414 4 34 0 0 0 0 0 8 0 0 0 0 0 0
25 CAT 0 0 0 9 0 0 0 0 0 0 0 0 0 0 0 0 2 8 5 356487 0 0 0 7 0 0 0 29 0 0 0 0 0 0 0 1 0 0 0 0 0 0 0 0 0 0 0 0 0 0 0 17 0 0 0 0 0 0 0 0 0 0 0 0
26 GCG 0 0 0 0 0 0 32 0 0 0 0 0 0 0 0 0 0 0 0 0 0 0 0 0 0 0 0 0 0 0 0 0 0 0 12 0 40 0 355390 16 0 0 1 0 0 0 55 0 0 0 0 0 0 0 10 0 0 0 0 0 0 0 0 0
27 AAC 16 356420 3 16 0 6 0 0 0 8 0 0 0 0 0 0 0 1 0 0 0 0 0 0 0 0 0 0 0 0 0 0 0 4 0 0 0 0 0 0 0 0 0 0 0 0 0 0 0 0 0 0 0 0 0 0 0 0 0 0 0 0 0 0
28 AAC 5 356534 3 14 0 1 0 0 0 9 0 0 0 0 0 0 0 6 0 0 0 0 0 0 0 0 0 0 0 0 0 0 0 17 0 0 0 0 0 0 0 0 0 0 0 0 0 0 0 2 0 0 0 0 0 0 0 0 0 0 0 0 0 0
29 TCA 0 0 0 0 5 0 0 0 0 0 0 0 0 0 0 0 0 0 0 0 41 0 0 0 0 0 0 0 0 0 0 0 0 0 0 0 1 0 0 0 0 0 0 0 0 0 0 0 6 0 0 0 355138 1 20 1 1 0 0 0 4 0 0 0
30 ACC 0 34 0 0 5 355566 1 35 0 0 0 0 0 40 0 0 0 0 0 0 0 0 0 0 0 0 0 0 0 0 0 0 0 0 0 0 0 28 0 0 0 0 0 0 0 0 0 0 0 0 0 0 0 7 0 0 0 0 0 0 0 0 0 0
31 GAC 0 57 0 0 0 0 0 0 0 0 0 0 0 0 0 0 0 1 0 0 0 0 0 0 0 0 0 0 0 0 0 0 5 353870 3 16 0 0 0 0 0 17 0 0 0 1 0 0 0 9 0 0 0 0 0 0 0 0 0 0 0 0 0 0
32 ACT 0 0 0 4 4 19 2 356162 0 0 0 0 0 0 0 6 0 0 0 0 0 0 0 1 0 0 0 0 0 0 0 0 0 0 0 0 0 0 0 16 0 0 0 0 0 0 0 0 0 0 0 0 0 0 0 1 0 0 0 0 0 0 0 0
33 GTT 0 0 0 0 0 0 0 0 0 0 0 0 0 0 0 48 0 0 0 0 0 0 0 0 0 0 0 0 0 0 0 2 0 0 0 2 0 0 0 9 0 0 0 0 5 27 0 355693 0 0 0 0 0 0 0 0 0 0 0 0 0 0 0 4
34 GAC 0 19 0 0 0 0 0 0 0 0 0 0 0 0 0 0 0 1 0 0 0 0 0 0 0 0 0 0 0 0 0 0 3 355572 4 35 0 2 0 0 0 11 0 0 0 1 0 0 0 6 0 0 0 0 0 0 0 0 0 0 0 1 0 0
35 ACA 2 0 0 0 356125 2 92 4 1 0 0 0 14 0 0 0 0 0 0 0 2 0 0 0 0 0 0 0 0 0 0 0 0 0 0 0 10 0 0 0 0 0 0 0 0 0 0 0 0 0 0 0 1 0 0 0 0 0 0 0 0 0 0 0
36 ATA 2 0 0 0 16 0 0 0 2 0 0 0 355035 0 13 2 0 0 0 0 0 0 0 0 0 0 0 0 1 0 0 0 0 0 0 0 0 0 0 0 0 0 0 0 9 0 0 0 0 0 0 0 0 0 0 0 0 0 0 0 0 0 0 0
37 CTC 0 0 0 0 0 0 0 0 0 0 0 0 0 15 0 0 0 1 0 0 0 25 0 0 0 1 0 0 19 354138 0 30 0 0 0 0 0 0 0 0 0 0 0 0 0 9 0 0 0 0 0 0 0 0 0 0 0 0 0 0 0 9 0 0
38 GAG 0 0 33 0 0 0 0 0 0 0 0 0 0 0 0 0 0 0 0 0 0 0 0 0 0 0 0 0 0 0 0 0 10 1 354195 9 0 0 0 0 0 0 19 0 0 0 1 0 0 0 12 0 0 0 0 0 0 0 0 0 0 0 0 0
39 AAG 34 0 352341 9 0 0 3 0 0 0 13 0 0 0 1 0 0 0 3 0 0 0 0 0 0 0 0 0 0 0 0 0 0 0 14 0 0 0 0 0 0 0 0 0 0 0 0 0 0 0 1 0 0 0 0 0 0 0 0 0 0 0 0 0
40 AAT 6 21 6 354705 0 0 0 3 0 0 0 25 0 0 0 1 0 0 0 2 0 0 0 0 0 0 0 0 0 0 0 0 0 0 0 19 0 0 0 0 0 0 0 0 0 0 0 0 0 0 0 0 0 0 0 0 0 0 0 0 0 0 0 0
41 GTG 0 0 0 0 0 0 0 0 0 0 0 0 0 0 24 0 0 0 0 0 0 0 0 0 0 0 0 0 0 0 0 0 0 0 5 0 0 0 3 0 0 0 6 0 28 0 339893 11 0 0 0 0 0 0 0 0 0 0 0 0 0 0 1 0
42 GCA 0 0 0 0 37 0 0 0 0 0 0 0 0 0 0 0 0 0 0 0 0 0 0 0 0 0 0 0 0 0 0 0 4 0 0 0 341605 3 22 1 4 0 0 0 72 0 0 0 0 0 0 0 3 0 0 0 0 0 0 0 0 0 0 0
43 GTG 0 0 0 0 0 0 0 0 0 0 0 0 0 0 33 0 0 0 0 0 0 0 0 0 0 0 0 0 0 0 0 0 0 0 0 0 0 0 7 0 0 0 0 0 20 1 348723 5 0 0 0 0 0 0 0 0 0 0 0 0 0 0 5 0
44 ACA 5 0 0 0 353613 0 14 1 2 0 0 0 21 0 0 0 0 0 0 0 0 0 0 0 0 0 0 0 0 0 0 0 0 0 0 0 28 0 0 0 0 0 0 0 0 0 0 0 0 0 0 0 0 0 0 0 0 0 0 0 0 0 0 0
45 CAT 0 0 0 4 0 0 0 0 0 0 0 0 0 0 0 0 1 35 2 354968 0 0 0 3 0 0 0 13 0 0 0 5 0 0 0 1 0 0 0 0 0 0 0 0 0 0 0 0 0 0 0 18 0 0 0 0 0 0 0 0 0 0 0 0
46 TCT 0 0 0 0 0 0 0 2 0 0 0 0 0 0 0 0 0 0 0 0 0 0 0 17 0 0 0 0 0 0 0 0 0 0 0 0 0 0 0 1 0 0 0 0 0 0 0 0 0 1 0 20 8 87 1 351992 0 0 0 2 0 0 0 14
47 GTT 0 0 0 0 0 0 0 0 0 0 0 0 0 0 0 39 0 0 0 0 0 0 0 0 0 0 0 0 0 0 0 2 0 0 0 0 0 5 0 16 0 0 0 7 2 63 5 348931 0 0 0 0 0 0 0 0 0 0 0 0 0 0 0 4
48 AAC 10 354241 2 21 0 2 0 0 0 9 0 0 0 4 0 0 0 2 0 0 0 0 0 0 0 0 0 0 0 0 0 0 0 28 0 0 0 0 0 0 0 0 0 0 0 0 0 0 0 2 0 0 0 0 0 0 0 0 0 0 0 0 0 0
49 CTG 0 0 0 0 0 0 0 0 0 0 0 0 0 0 6 0 0 0 4 0 0 0 25 2 0 0 0 0 45 0 339276 6 0 0 0 0 0 0 0 0 0 0 0 0 0 0 0 0 0 0 0 0 0 0 0 0 0 3 0 0 0 0 12 0
50 CTC 0 0 0 0 0 0 0 0 0 0 0 0 0 15 0 0 0 5 0 0 0 15 0 0 0 0 0 0 5 349589 0 34 0 0 0 0 0 0 0 2 0 0 0 0 0 0 0 0 0 0 0 0 0 0 3 0 0 0 0 0 0 10 0 0
51 GAA 26 0 0 0 0 0 0 0 0 0 0 0 0 0 0 0 0 0 0 0 0 0 0 0 0 0 0 0 0 0 0 0 346347 2 23 5 1 0 0 0 17 0 0 0 1 0 0 0 12 0 0 0 0 0 0 0 0 0 0 0 0 0 0 0
52 GAC 0 34 0 0 0 0 0 0 0 0 0 0 0 0 0 0 0 1 0 0 0 0 0 0 0 0 0 0 0 0 0 0 6 342671 1 27 0 0 0 0 0 26 0 0 0 0 0 0 0 3 0 0 0 0 0 0 0 0 0 0 0 0 0 0
53 AGC 0 59 0 0 0 1 0 0 8 338523 2 114 0 26 0 0 0 0 0 0 0 0 0 0 0 15 0 0 0 0 0 0 0 0 0 0 0 0 0 0 0 48 0 0 0 0 0 0 0 0 0 0 0 0 0 0 0 5 0 0 0 0 0 0
54 CAC 0 10 0 0 0 0 0 0 0 0 0 0 0 0 0 0 4 345948 4 6 0 5 0 0 0 4 0 0 0 2 0 0 0 1 0 0 0 0 0 0 0 0 0 0 0 0 0 0 0 5 0 0 0 0 0 0 0 0 0 0 0 0 0 0
55 AAC 3 344765 5 58 0 0 0 0 0 20 0 0 0 0 0 0 0 2 0 0 0 0 0 0 0 0 0 0 0 0 0 0 0 59 0 0 0 0 0 0 0 0 0 0 0 0 0 0 0 0 0 0 0 0 0 0 0 0 0 0 0 0 0 0
56 GGG 0 0 0 0 0 0 2 0 0 0 22 0 0 0 0 0 0 0 0 0 0 0 0 0 0 0 15 0 0 0 0 0 0 0 24 0 0 0 0 0 35 0 350030 11 0 0 0 0 0 0 0 0 0 0 0 0 0 0 18 0 0 0 0 0
57 AAA 353816 5 10 0 2 0 0 0 11 0 0 0 0 0 0 0 0 0 0 0 0 0 0 0 0 0 0 0 0 0 0 0 26 0 0 0 0 0 0 0 2 0 0 0 0 0 0 0 4 0 0 0 0 0 0 0 0 0 0 0 0 0 0 0
58 CTA 0 2 0 0 0 0 0 0 0 0 0 0 6 0 0 0 3 0 0 0 31 0 0 0 3 0 0 0 344984 0 7 0 0 0 0 0 0 0 0 0 0 0 0 0 1 0 0 0 0 0 0 0 0 0 0 0 0 0 0 0 13 0 0 0
59 TGT 0 0 0 0 0 0 0 0 0 0 0 0 0 0 1 0 0 0 0 0 0 0 0 0 0 0 0 8 0 0 0 0 0 0 0 0 0 0 0 0 0 0 0 1 1 0 0 0 0 0 0 15 0 0 0 1 2 81 0 352917 0 0 0 0
60 AAA 356002 17 19 4 1 0 0 0 10 0 0 0 2 0 0 0 0 0 0 0 0 0 0 0 0 0 0 0 0 0 0 0 30 0 0 0 0 0 0 0 0 0 0 0 0 0 0 0 3 0 0 0 0 0 0 0 0 0 0 0 0 0 0 0
61 TTA 0 0 0 0 0 0 0 0 0 0 0 0 6 0 0 0 0 0 0 0 0 0 0 0 0 0 0 0 4 0 0 0 0 0 0 0 0 0 0 0 0 0 0 0 3 0 0 0 2 0 0 0 12 0 0 0 1 0 0 0 352621 3 23 4
62 AAA 350081 20 379 12 1 0 0 0 40 0 2 0 2 0 0 0 2 0 0 0 0 0 0 0 0 0 0 0 0 0 0 0 9 0 0 0 0 0 0 0 0 0 0 0 0 0 0 0 3 0 0 0 0 0 0 0 0 0 0 0 0 0 0 0
63 GGA 0 0 0 0 0 0 0 0 26 0 0 0 0 0 0 0 0 0 0 0 0 0 0 0 0 0 0 0 0 0 0 0 30 0 0 0 0 0 0 0 354785 0 23 1 2 0 0 0 0 0 0 0 0 0 0 0 23 0 0 0 0 0 0 0
64 ATA 2 0 0 0 31 0 0 0 3 0 0 0 353467 3 80 2 0 0 0 0 0 0 0 0 0 0 0 0 10 0 0 0 0 0 0 0 0 0 0 0 0 0 0 0 19 0 0 0 0 0 0 0 0 0 0 0 0 0 0 0 1 0 0 0
65 GCC 0 0 0 0 0 16 0 0 0 0 0 0 0 0 0 0 0 0 0 0 0 1 0 0 0 0 0 0 0 0 0 0 0 5 0 0 4 352508 0 6 0 0 0 0 0 23 0 0 0 0 0 0 0 23 0 0 0 0 0 0 0 0 0 0
66 CCA 0 0 0 0 2 0 0 0 0 0 0 0 0 0 0 0 7 0 0 0 350643 4 16 0 0 0 0 0 7 0 0 0 0 0 0 0 0 0 0 0 0 0 0 0 0 0 0 0 0 0 0 0 9 0 0 0 0 0 0 0 0 0 0 0
67 CTA 0 0 0 0 0 0 0 0 0 0 0 0 11 0 0 0 2 0 0 0 47 0 0 0 0 0 0 0 352993 1 18 0 0 0 0 0 0 0 0 0 0 0 0 0 0 0 0 0 0 0 0 0 0 0 0 0 0 0 0 0 11 0 0 0
68 CAA 4 0 0 0 0 0 0 0 0 0 0 0 0 0 0 0 351990 1 6 1 0 0 0 0 8 0 0 0 1 0 0 0 0 0 0 0 0 0 0 0 0 0 0 0 0 0 0 0 13 0 0 0 0 0 0 0 0 0 0 0 0 0 0 0
69 TTG 0 0 0 0 0 0 0 0 0 0 0 0 0 0 2 0 0 0 0 0 0 0 0 0 0 0 0 0 0 0 15 0 0 0 0 0 0 0 0 0 0 0 0 0 0 0 2 0 0 0 6 0 0 0 8 0 0 0 5 0 9 0 352307 2
70 GGG 0 0 0 0 0 0 0 0 0 0 15 0 0 0 0 0 0 0 0 0 0 0 0 0 0 0 0 0 0 0 0 0 0 0 29 0 0 0 0 0 32 1 355027 25 0 0 7 0 0 0 0 0 0 0 0 0 0 0 5 0 0 0 0 0
71 AAA 355422 3 4 42 1 0 0 0 10 0 0 0 0 0 0 0 4 0 0 0 0 0 0 0 0 0 0 0 0 0 0 0 57 0 0 0 0 0 0 0 0 0 0 0 0 0 0 0 3 0 0 0 0 0 0 0 0 0 0 0 0 0 0 0
72 TGT 0 0 0 0 0 0 0 0 0 0 0 14 0 0 0 0 0 0 0 0 0 0 0 0 0 0 0 4 0 0 0 0 0 0 0 0 0 0 0 0 0 0 0 4 0 0 0 0 0 0 0 22 0 0 0 0 5 76 1 355872 0 0 0 2
73 AAC 2 354163 0 20 0 4 0 0 0 44 0 0 0 2 0 0 0 0 0 0 0 0 0 0 0 0 0 0 0 0 0 0 0 59 0 0 0 0 0 0 0 0 0 0 0 0 0 0 0 1 0 0 0 0 0 0 0 0 0 0 0 0 0 0
74 ATC 0 4 0 0 0 17 0 0 0 2 0 0 3 352497 1 8 0 0 0 0 0 0 0 0 0 0 0 0 0 6 0 0 0 0 0 0 0 0 0 0 0 0 0 0 0 17 0 0 0 0 0 0 0 0 0 0 0 0 0 0 0 1 0 0
75 ACC 0 4 0 0 10 354735 1 62 0 0 0 0 0 22 0 0 0 0 0 0 0 4 0 0 0 0 0 0 0 0 0 0 0 0 0 0 0 15 0 0 0 0 0 0 0 0 0 0 0 0 0 0 0 1 0 0 0 0 0 0 0 0 0 0
76 GGA 0 0 0 0 0 0 0 0 34 0 0 0 0 0 0 0 0 0 0 0 0 0 0 0 3 0 0 0 0 0 0 0 29 0 0 0 2 0 0 0 355549 2 51 3 3 0 0 0 0 0 0 0 0 0 0 0 12 0 0 0 0 0 0 0
77 TGG 0 0 0 0 0 0 0 0 0 0 7 0 0 0 0 0 0 0 0 0 0 0 0 0 0 0 4 0 0 0 0 0 0 0 0 0 0 0 0 0 0 0 3 0 0 0 0 0 0 0 9 0 0 0 0 0 50 0 355065 10 0 0 3 0
78 CTC 0 0 0 0 0 0 0 0 0 0 0 0 0 11 0 0 0 1 0 0 0 12 0 0 0 0 0 0 26 353724 0 7 0 0 0 0 0 0 0 0 0 0 0 0 0 7 0 0 0 0 0 0 0 0 0 0 0 0 0 0 0 13 0 0
79 TTG 0 0 0 0 0 0 0 0 0 0 0 0 0 0 2 0 0 0 0 0 0 0 0 0 0 0 0 0 0 0 64 0 0 0 0 0 0 0 0 0 0 0 0 0 0 0 5 0 0 0 1 0 0 0 36 0 0 0 0 0 26 0 354421 11
80 GGA 0 0 0 0 0 0 0 0 9 0 0 0 0 0 0 0 0 0 0 0 0 0 0 0 0 0 0 0 0 0 0 0 26 0 0 0 0 0 0 0 355510 0 31 0 1 0 0 0 0 0 0 0 0 0 0 0 9 0 0 0 0 0 0 0
81 AAT 14 8 1 354765 0 0 0 2 0 0 0 3 0 0 0 1 0 0 0 1 0 0 0 0 0 0 0 0 0 0 0 0 0 0 0 3 0 0 0 0 0 0 0 0 0 0 0 0 0 0 0 2 0 0 0 0 0 0 0 0 0 0 0 0
82 CCA 0 0 0 0 3 0 0 0 0 0 0 0 0 0 0 0 12 0 0 0 355992 12 98 9 1 0 0 0 14 0 0 0 0 0 0 0 1 0 0 0 0 0 0 0 0 0 0 0 0 0 0 0 11 0 0 0 0 0 0 0 0 0 1 0
83 GAA 11 0 0 0 0 0 0 0 0 0 0 0 0 0 0 0 0 0 0 0 0 0 0 0 0 0 0 0 0 0 0 0 355971 6 11 3 1 0 0 0 12 0 0 0 2 0 0 0 11 0 0 0 0 0 0 0 0 0 0 0 0 0 0 0
84 TGC 0 0 0 0 0 0 0 0 0 2 0 0 0 0 0 0 0 0 0 0 0 0 0 0 0 9 0 0 0 0 0 0 0 0 0 0 0 0 0 0 0 0 0 0 0 0 0 0 0 14 0 0 0 0 0 0 9 355023 3 140 0 3 0 0
85 GAC 0 19 0 0 0 0 0 0 0 0 0 0 0 0 0 0 0 0 0 0 0 0 0 0 0 0 0 0 0 0 0 0 6 355797 0 10 0 3 0 0 0 17 0 0 0 2 0 0 0 14 0 0 0 0 0 0 0 0 0 0 0 0 0 0
86 TCA 0 0 0 0 2 0 0 0 0 0 0 0 0 0 0 0 0 0 0 0 18 0 0 0 0 0 0 0 0 0 0 0 0 0 0 0 0 0 0 0 0 0 0 0 0 0 0 0 6 0 0 0 354501 2 13 2 2 0 0 0 11 0 0 0
87 CTG 0 0 0 0 0 0 0 0 0 0 0 0 0 0 11 0 0 0 6 0 0 0 18 0 0 0 0 0 69 1 355946 8 0 0 0 0 0 0 0 0 0 0 0 0 0 0 2 0 0 0 0 0 0 0 0 0 0 0 0 0 0 0 31 0
88 CTT 0 0 0 0 0 0 0 0 0 0 0 0 0 0 0 9 0 0 0 3 0 0 0 12 0 0 0 8 0 32 3 355743 0 0 0 0 0 0 0 0 0 0 0 0 0 0 0 0 0 0 0 0 0 0 0 0 0 0 0 0 0 0 0 29
89 CCA 0 0 0 0 3 0 0 0 0 0 0 0 0 0 0 0 13 0 0 0 356065 3 41 3 0 0 0 0 34 0 0 0 0 0 0 0 0 0 0 0 0 0 0 0 0 0 0 0 0 0 0 0 11 0 0 0 0 0 0 0 0 0 0 0
90 GCG 0 0 0 0 0 0 10 0 0 0 0 0 0 0 0 0 0 0 0 0 0 0 0 0 0 0 0 0 0 0 0 0 0 0 11 0 24 1 355710 7 0 0 4 0 0 0 129 0 0 0 0 0 0 0 22 0 0 0 0 0 0 0 0 0
91 AGA 26 0 0 0 0 0 0 0 356398 0 30 3 9 0 0 0 0 0 0 0 0 0 0 0 2 0 0 0 0 0 0 0 0 0 0 0 0 0 0 0 19 0 0 0 0 0 0 0 0 0 0 0 0 0 0 0 0 0 0 0 0 0 0 0
92 TCA 0 0 0 0 2 0 0 0 0 0 0 0 0 0 0 0 0 0 0 0 14 0 0 0 0 0 0 0 0 0 0 0 0 0 0 0 1 0 0 0 0 0 0 0 0 0 0 0 7 0 0 0 356175 4 23 0 0 0 0 0 11 0 0 0
93 TGG 0 0 0 0 0 0 0 0 0 0 1 0 0 0 0 0 0 0 0 0 0 0 0 0 0 0 19 0 0 0 0 0 0 0 0 0 0 0 0 0 0 0 0 0 0 0 0 0 0 0 19 0 0 0 0 0 14 0 356063 4 0 0 4 0
94 TCC 0 0 0 0 0 1 0 0 0 0 0 0 0 0 0 0 0 0 0 0 0 9 0 0 0 0 0 0 0 0 0 0 0 0 0 0 0 0 0 0 0 0 0 0 0 0 0 0 0 6 0 0 34 355131 0 14 0 0 0 0 0 10 0 0
95 TAC 0 2 0 0 0 0 0 0 0 0 0 0 0 0 0 0 0 47 0 0 0 0 0 0 0 0 0 0 0 0 0 0 0 1 0 0 0 0 0 0 0 0 0 0 0 0 0 0 6 356251 9 27 0 1 0 0 0 24 0 0 0 1 0 0
96 ATT 0 0 0 1 0 0 0 13 0 0 0 0 3 15 5 407867 0 0 0 0 0 0 0 0 0 0 0 0 0 0 0 3 0 0 0 0 0 0 0 0 0 0 0 0 0 0 0 5 0 0 0 0 0 0 0 0 0 0 0 0 0 0 0 2
97 GTA 0 0 0 0 0 0 0 0 0 0 0 0 57 0 0 0 0 0 0 0 0 0 0 0 0 0 0 0 0 0 0 0 1 0 0 0 16 0 0 0 3 0 0 0 407518 1 57 3 0 0 0 0 0 0 0 0 0 0 0 0 14 0 0 0
98 GAA 27 0 0 0 0 0 0 0 0 0 0 0 0 0 0 0 1 0 0 0 0 0 0 0 0 0 0 0 0 0 0 0 407935 2 24 2 4 0 0 0 12 0 0 0 0 0 0 0 12 0 0 0 0 0 0 0 0 0 0 0 0 0 0 0
99 ACA 8 0 0 0 407750 5 7 3 8 0 0 0 47 0 0 0 0 0 0 0 20 0 0 0 0 0 0 0 0 0 0 0 0 0 0 0 24 0 0 0 0 0 0 0 0 0 0 0 0 0 0 0 1 0 0 0 0 0 0 0 0 0 0 0
100 CCA 0 0 0 0 3 0 0 0 0 0 0 0 0 0 0 0 9 0 0 0 407277 4 32 4 0 0 0 0 10 0 0 0 0 0 0 0 0 0 0 0 0 0 0 0 0 0 0 0 0 0 0 0 13 0 0 0 0 0 0 0 0 0 0 0
101 AAC 11 407817 1 31 0 8 0 0 0 14 0 0 0 0 0 0 0 0 0 0 0 0 0 0 0 0 0 0 0 0 0 0 0 4 0 0 0 0 0 0 0 3 0 0 0 0 0 0 0 1 0 0 0 0 0 0 0 0 0 0 0 0 0 0
102 TCT 0 0 0 0 0 0 0 4 0 0 0 0 0 0 0 0 0 0 0 0 0 0 0 23 0 0 0 0 0 0 0 0 0 0 0 0 0 0 0 2 0 0 0 0 0 0 0 0 0 0 0 7 0 87 11 406924 0 0 0 0 0 0 0 7
103 GAG 0 0 15 0 0 0 0 0 0 0 0 0 0 0 0 0 0 0 0 0 0 0 0 0 0 0 0 0 0 0 0 0 38 0 406942 11 0 0 3 0 0 0 98 0 0 0 15 0 0 0 5 0 0 0 0 0 0 0 0 0 0 0 0 0
104 AAT 22 9 0 407804 0 0 0 15 0 0 0 8 0 0 0 0 0 0 0 0 0 0 0 0 0 0 0 0 0 0 0 0 0 0 0 19 0 0 0 0 0 0 0 0 0 0 0 0 0 0 0 1 0 0 0 0 0 0 0 0 0 0 0 0
105 GGA 0 0 0 0 0 0 0 0 14 0 0 0 0 0 0 0 0 0 0 0 0 0 0 0 1 0 0 0 0 0 0 0 15 0 0 0 1 0 0 0 407162 0 39 8 4 0 0 0 0 0 0 0 0 0 0 0 6 0 0 0 0 0 0 0
106 GCA 0 0 0 0 45 0 0 0 0 0 0 0 0 0 0 0 0 0 0 0 0 0 0 0 0 0 0 0 0 0 0 0 9 0 0 0 407430 4 9 2 4 0 0 0 24 0 0 0 0 0 0 0 7 0 0 0 0 0 0 0 0 0 0 0
107 TGT 0 0 0 0 0 0 0 0 0 0 0 2 0 0 0 0 0 0 0 0 0 0 0 0 0 0 0 16 0 0 0 0 0 0 0 0 0 0 0 0 0 0 0 1 0 0 0 0 0 0 0 39 0 0 0 2 5 23 1 407305 0 0 0 7
108 TAT 0 0 0 1 0 0 0 0 0 0 0 0 0 0 0 0 0 0 0 22 0 0 0 0 0 0 0 0 0 0 0 0 0 0 0 2 0 0 0 0 0 0 0 0 0 0 0 0 2 15 1 407749 0 0 0 0 0 0 0 13 0 0 0 2
109 CCA 0 0 0 0 3 0 0 0 0 0 0 0 0 0 0 0 4 0 0 0 407149 8 65 6 0 0 0 0 6 0 0 0 0 0 0 0 2 0 0 0 0 0 0 0 0 0 0 0 0 0 0 0 11 0 0 0 0 0 0 0 0 0 0 0
110 GGA 0 0 0 0 0 0 0 0 6 0 0 0 0 0 0 0 0 0 0 0 0 0 0 0 0 0 0 0 0 0 0 0 5 0 0 0 0 0 0 0 407564 1 30 5 5 0 0 0 0 0 0 0 0 0 0 0 19 0 0 0 0 0 0 0
111 GAT 0 0 0 23 0 0 0 0 0 0 0 0 0 0 0 0 0 0 0 0 0 0 0 0 0 0 0 0 0 0 0 0 4 17 0 407081 0 0 0 2 0 0 0 25 0 0 0 0 0 0 0 9 0 0 0 0 0 0 0 0 0 0 0 0
112 CTC 0 0 0 0 0 0 0 0 0 0 0 0 0 21 0 0 0 2 0 0 0 60 0 0 0 0 0 0 8 405521 1 10 0 0 0 0 0 0 0 0 0 0 0 0 0 0 0 0 0 0 0 0 0 0 0 0 0 0 0 0 0 13 0 0
113 ATC 0 1 0 0 0 17 0 0 0 6 0 0 13 407385 4 62 0 0 0 0 0 0 0 0 0 0 0 0 0 3 0 0 0 0 0 0 0 0 0 0 0 0 0 0 0 15 0 0 0 0 0 0 0 0 0 0 0 0 0 0 0 16 0 0
114 GAC 0 57 0 0 0 0 0 0 0 0 0 0 0 0 0 0 0 0 0 0 0 0 0 0 0 0 0 0 0 0 0 0 17 407288 2 24 0 2 0 0 0 30 0 0 0 4 0 0 0 11 0 0 0 0 0 0 0 0 0 0 0 0 0 0
115 TAT 0 0 0 3 0 0 0 0 0 0 0 0 0 0 0 0 0 0 0 47 0 0 0 0 0 0 0 0 0 0 0 0 0 0 0 2 0 0 0 0 0 0 0 0 0 0 0 0 4 23 3 407221 0 0 0 4 0 0 0 17 0 0 0 3
116 GAG 0 0 11 0 0 0 0 0 0 0 0 0 0 0 0 0 0 0 0 0 0 0 0 0 0 0 0 0 0 0 0 0 27 0 406727 31 0 0 5 0 0 0 83 0 0 0 7 0 0 0 7 0 0 0 0 0 0 0 0 0 0 0 0 0
117 GAA 21 0 0 0 0 0 0 0 0 0 0 0 0 0 0 0 0 0 0 0 0 0 0 0 0 0 0 0 0 0 0 0 405010 0 13 0 0 0 0 0 11 0 0 0 1 0 0 0 8 0 0 0 0 0 0 0 0 0 0 0 0 0 0 0
118 CTG 0 0 0 0 0 0 0 0 0 0 0 0 0 0 14 0 0 0 2 0 0 0 38 0 0 0 2 0 25 1 406591 63 0 0 0 0 0 0 0 0 0 0 0 0 0 0 4 0 0 0 0 0 0 0 0 0 0 0 0 0 0 0 15 0
119 AGG 0 0 28 0 0 0 1 0 51 0 405771 8 0 0 33 0 0 0 0 0 0 0 0 0 0 0 3 0 0 0 0 0 0 0 0 0 0 0 0 0 0 0 54 0 0 0 0 0 0 0 0 0 0 0 0 0 0 0 6 0 0 0 0 0
120 GAG 0 0 12 0 0 0 0 0 0 0 0 0 0 0 0 0 0 0 0 0 0 0 0 0 0 0 0 0 0 0 0 0 54 0 404690 6 0 0 0 0 0 0 30 0 0 0 4 0 0 0 7 0 0 0 0 0 0 0 0 0 0 0 0 0
121 CAA 5 0 0 0 0 0 0 0 0 0 0 0 0 0 0 0 407229 0 14 3 1 0 0 0 5 0 0 0 2 0 0 0 10 0 0 0 0 0 0 0 0 0 0 0 0 0 0 0 152 0 0 0 0 0 0 0 0 0 0 0 0 0 0 0
122 TTG 0 0 0 0 0 0 0 0 0 0 0 0 0 0 2 0 0 0 0 0 0 0 0 0 0 0 0 0 0 0 11 0 0 0 0 0 0 0 0 0 0 0 0 0 0 0 2 0 0 0 2 0 0 0 4 0 0 0 0 0 25 0 406867 21
123 AGC 0 37 0 0 0 0 0 0 5 406616 2 13 0 12 0 0 0 0 0 0 0 0 0 0 0 3 0 0 0 0 0 0 0 0 0 0 0 0 0 0 0 23 0 0 0 0 0 0 0 0 0 0 0 0 0 0 0 2 0 0 0 0 0 0
124 TCA 0 0 0 0 12 0 0 0 0 0 0 0 0 0 0 0 0 0 0 0 31 0 0 0 0 0 0 0 0 0 0 0 0 0 0 0 3 0 0 0 0 0 0 0 0 0 0 0 4 0 0 0 405458 4 30 7 1 0 0 0 4 0 0 0
125 GTA 0 0 0 0 0 0 0 0 0 0 0 0 35 0 0 0 0 0 0 0 0 0 0 0 0 0 0 0 0 0 0 0 0 0 0 0 30 0 0 0 0 0 0 0 407065 0 15 2 0 0 0 0 0 0 0 0 0 0 0 0 6 0 0 0
126 TCA 0 0 0 0 5 0 0 0 0 0 0 0 0 0 0 0 0 0 0 0 16 0 0 0 0 0 0 0 1 0 0 0 0 0 0 0 0 0 0 0 0 0 0 0 0 0 0 0 4 0 0 0 407158 2 16 0 0 0 0 0 18 0 0 0
127 TCA 0 0 0 0 1 0 0 0 0 0 0 0 0 0 0 0 0 0 0 0 21 0 0 0 0 0 0 0 0 0 0 0 0 0 0 0 0 0 0 0 0 0 0 0 0 0 0 0 8 0 0 0 406706 4 6 0 1 0 0 0 5 0 0 0
128 TTA 0 0 0 0 0 0 0 0 0 0 0 0 1 0 0 0 0 0 0 0 0 0 0 0 0 0 0 0 8 0 0 0 0 0 0 0 0 0 0 0 0 0 0 0 5 0 0 0 1 0 0 0 17 0 0 0 0 0 0 0 406952 13 26 9
129 GAA 15 0 0 0 0 0 0 0 0 0 0 0 0 0 0 0 4 0 0 0 0 0 0 0 0 0 0 0 0 0 0 0 405042 2 14 0 1 0 0 0 29 0 0 0 1 0 0 0 22 0 0 0 0 0 0 0 0 0 0 0 0 0 0 0
130 AGA 22 0 0 0 0 0 0 0 406462 3 25 1 9 0 0 0 0 0 0 0 0 0 0 0 8 0 0 0 0 0 0 0 0 0 0 0 0 0 0 0 15 0 0 0 0 0 0 0 0 0 0 0 0 0 0 0 1 0 0 0 0 0 0 0
131 TTC 0 0 0 0 0 0 0 0 0 0 0 0 0 2 0 0 0 0 0 0 0 0 0 0 0 0 0 0 0 15 0 0 0 0 0 0 0 0 0 0 0 0 0 0 0 9 0 0 0 2 0 0 0 12 0 0 0 0 0 0 5 403937 0 18
132 GAA 14 0 0 0 0 0 0 0 0 0 0 0 0 0 0 0 1 0 0 0 0 0 0 0 0 0 0 0 0 0 0 0 407065 7 10 2 1 0 0 0 18 0 0 0 3 0 0 0 11 0 0 0 0 0 0 0 0 0 0 0 0 0 0 0
133 ATA 7 0 0 0 16 0 0 0 0 0 0 0 407090 2 16 0 0 0 0 0 0 0 0 0 0 0 0 0 8 0 0 0 0 0 0 0 0 0 0 0 0 0 0 0 18 0 0 0 0 0 0 0 0 0 0 0 0 0 0 0 3 0 0 0
134 TTT 0 0 0 0 0 0 0 0 0 0 0 0 0 0 0 3 0 0 0 0 0 0 0 0 0 0 0 0 0 0 0 15 0 0 0 0 0 0 0 0 0 0 0 0 0 0 0 5 0 0 0 0 0 0 0 9 0 0 0 2 1 29 0 406769
135 CCC 0 0 0 0 0 11 0 0 0 0 0 0 0 0 0 0 0 5 0 0 4 405261 0 9 0 3 0 0 0 14 0 0 0 0 0 0 0 4 0 0 0 0 0 0 0 0 0 0 0 0 0 0 0 12 0 0 0 0 0 0 0 0 0 0
136 AAG 36 0 404277 11 0 0 2 0 0 0 36 0 0 0 1 0 0 0 0 0 0 0 0 0 0 0 0 0 0 0 0 0 0 0 21 0 0 0 0 0 0 0 0 0 0 0 0 0 0 0 2 0 0 0 0 0 0 0 0 0 0 0 0 0
137 GAA 17 0 0 0 0 0 0 0 0 0 0 0 0 0 0 0 0 0 0 0 0 0 0 0 0 0 0 0 0 0 0 0 400331 2 16 0 0 0 0 0 14 0 0 0 12 0 0 0 4 0 0 0 0 0 0 0 0 0 0 0 0 0 0 0
138 AGT 0 0 0 67 0 0 0 0 1 8 6 400949 0 0 0 6 0 0 0 0 0 0 0 0 0 0 0 5 0 0 0 0 0 0 0 0 0 0 0 0 0 0 0 36 0 0 0 0 0 0 0 0 0 0 0 0 0 0 0 3 0 0 0 0
139 TCA 0 0 0 0 1 0 0 0 0 0 0 0 0 0 0 0 0 0 0 0 19 0 0 0 0 0 0 0 0 0 0 0 0 0 0 0 4 0 0 0 0 0 0 0 0 0 0 0 9 0 0 0 404429 4 64 0 3 0 0 0 7 0 0 0
140 TGG 0 0 0 0 0 0 0 0 0 0 7 0 0 0 0 0 0 0 0 0 0 0 0 0 0 0 18 0 0 0 0 0 0 0 0 0 0 0 0 0 0 0 0 0 0 0 0 0 0 0 17 0 0 0 1 0 25 0 385486 3 0 0 20 0
141 CCC 0 0 0 0 0 15 0 0 0 0 0 0 0 0 0 0 0 10 0 0 11 402701 1 21 0 0 0 0 0 19 0 0 0 0 0 0 0 8 0 0 0 0 0 0 0 0 0 0 0 0 0 0 0 51 0 0 0 0 0 0 0 0 0 0
142 AAC 17 405365 0 28 0 7 0 0 0 11 0 0 0 1 0 0 0 0 0 0 0 0 0 0 0 0 0 0 0 0 0 0 0 16 0 0 0 0 0 0 0 0 0 0 0 0 0 0 0 2 0 0 0 0 0 0 0 0 0 0 0 0 0 0
143 CAC 0 28 0 0 2 0 0 0 0 0 0 0 0 0 0 0 4 404539 4 31 0 0 0 0 0 7 0 0 0 0 0 0 0 0 0 0 1 0 0 0 0 0 0 0 0 0 0 0 0 49 0 0 0 0 0 0 0 0 0 0 0 0 0 0
144 ACA 7 0 0 0 401243 8 13 2 1 0 0 0 18 0 0 0 0 0 0 0 1 0 0 0 0 0 0 0 0 0 0 0 0 0 0 0 39 0 0 0 0 0 0 0 0 0 0 0 0 0 0 0 0 0 0 0 0 0 0 0 0 0 0 0
145 TTC 0 0 0 0 0 0 0 0 0 0 0 0 0 3 0 0 0 0 0 0 0 0 0 0 0 0 0 0 0 10 0 0 0 0 0 0 0 0 0 0 0 0 0 0 0 5 0 0 0 2 0 0 0 9 0 0 0 0 0 0 7 382524 1 10
146 AAC 9 394983 10 103 0 0 0 0 0 25 0 0 0 0 0 0 0 0 0 0 0 0 0 0 0 0 0 0 0 0 0 0 0 41 0 0 0 0 0 0 0 0 0 0 0 0 0 0 0 0 0 0 0 0 0 0 0 0 0 0 0 0 0 0
147 GGA 0 0 0 0 0 0 0 0 51 0 0 0 0 0 0 0 0 0 0 0 0 0 0 0 0 0 0 0 0 0 0 0 16 0 0 0 1 0 0 0 379919 3 33 2 13 0 0 0 0 0 0 0 0 0 0 0 8 0 0 0 0 0 0 0
148 GTA 0 0 0 0 0 0 0 0 0 0 0 0 39 0 0 0 0 0 0 0 0 0 0 0 0 0 0 0 0 0 0 0 0 0 0 1 19 0 0 0 0 0 0 0 383612 1 35 0 0 0 0 0 0 0 0 0 0 0 0 0 9 0 0 0
149 ACA 6 0 0 0 393696 5 48 4 1 0 0 0 25 0 0 0 0 0 0 0 1 0 0 0 0 0 0 0 0 0 0 0 0 0 0 0 15 0 0 0 0 0 0 0 0 0 0 0 0 0 0 0 15 0 0 0 0 0 0 0 0 0 0 0
150 GTA 0 0 0 0 0 0 0 0 0 0 0 0 27 0 0 0 0 0 0 0 0 0 0 0 0 0 0 0 1 0 0 0 5 0 0 0 32 0 0 0 1 0 0 0 380775 2 15 3 0 0 0 0 0 0 0 0 0 0 0 0 7 0 0 0
151 TCA 0 0 0 0 6 0 0 0 0 0 0 0 0 0 0 0 0 0 0 0 18 0 0 0 0 0 0 0 0 0 0 0 0 0 0 0 5 0 0 0 0 0 0 0 0 0 0 0 8 0 0 0 377524 6 83 3 1 0 0 0 21 0 0 0
152 TGC 0 0 0 0 0 0 0 0 0 4 0 0 0 0 0 0 0 0 0 0 0 0 0 0 0 19 0 0 0 0 0 0 0 1 0 0 0 0 0 0 0 1 0 0 0 0 0 0 0 59 0 0 0 0 0 0 5 387191 0 55 0 6 0 0
153 TCC 0 0 0 0 0 5 0 0 0 0 0 0 0 0 0 2 0 0 0 0 1 325 0 0 0 0 0 0 0 639 0 0 0 0 0 0 0 0 0 0 0 0 0 0 0 0 0 0 0 3 0 0 3 376086 0 11 0 0 0 0 0 24 0 0
154 CAT 0 0 0 5 0 0 0 0 0 0 0 0 301 0 0 0 5 16 12 396511 628 0 0 6 0 0 0 14 0 0 0 3 0 0 0 1 0 0 0 0 0 0 0 0 0 0 0 0 0 0 1 13 0 0 0 0 0 0 0 0 0 0 0 0
155 AGG 0 0 26 0 0 0 0 0 25 1 399542 20 0 0 66 0 0 0 0 0 0 0 0 0 0 0 5 0 0 0 0 0 0 0 0 0 0 0 0 0 0 0 390 0 0 0 0 0 0 0 640 0 0 0 0 0 0 0 12 0 0 0 0 0
156 GGA 1 0 0 0 0 0 0 0 28 0 0 0 0 0 0 0 0 0 0 0 0 0 0 0 0 0 0 0 0 0 0 0 261 0 0 0 0 0 0 0 400020 1 478 1 5 0 0 0 0 0 0 0 0 0 0 0 3 0 0 0 0 0 0 0
157 AAA 405387 0 23 1 17 0 0 0 12 0 0 0 0 0 0 0 7 0 0 0 0 0 0 0 0 0 0 0 0 0 0 0 42 0 0 0 0 0 0 0 0 0 0 0 0 0 0 0 1 0 0 0 0 0 0 0 0 0 0 0 0 0 0 0
158 AGC 0 48 0 0 0 0 0 0 11 400810 3 67 0 23 0 0 0 0 0 0 0 0 0 0 0 1 0 0 0 0 0 0 0 0 0 0 0 0 0 0 0 111 0 0 0 0 0 0 0 0 0 0 0 0 0 0 0 3 0 0 0 0 0 0
159 AGT 0 0 0 43 0 0 0 0 0 10 14 405104 0 0 0 11 0 0 0 0 0 0 0 0 0 0 0 5 0 0 0 0 0 0 0 0 0 0 0 0 0 0 0 17 0 0 0 0 0 0 0 0 0 0 0 0 0 0 0 7 0 0 0 0
160 TTT 0 0 0 0 0 0 0 0 0 0 0 0 0 0 0 4 0 0 0 0 0 0 0 0 0 0 0 0 0 0 0 7 0 0 0 0 0 0 0 0 0 0 0 0 0 0 0 1 0 0 0 0 0 0 0 12 0 0 0 2 3 14 0 405969
161 TAC 0 11 0 0 0 0 0 0 0 0 0 0 0 0 0 0 0 12 0 0 0 0 0 0 0 0 0 0 0 0 0 0 0 0 0 0 0 0 0 0 0 0 0 0 0 0 0 0 3 404404 3 49 0 2 0 0 0 14 0 0 0 5 0 0
162 AGA 21 0 0 0 0 0 0 0 404561 2 9 0 12 0 0 0 0 0 0 0 0 0 0 0 12 0 0 0 0 0 0 0 0 0 0 0 0 0 0 0 76 0 0 0 0 0 0 0 0 0 0 0 0 0 0 0 8 0 0 0 0 0 0 0
163 AAT 1 18 0 400059 0 0 0 2 0 0 0 5 0 0 0 2 0 0 0 5 0 0 0 0 0 0 0 0 0 0 0 0 0 0 0 5 0 0 0 0 0 0 0 0 0 0 0 0 0 0 0 1 0 0 0 0 0 0 0 0 0 0 0 0
164 TTG 0 0 0 0 0 0 0 0 0 0 0 0 0 0 3 0 0 0 0 0 0 0 0 0 0 0 0 0 0 0 10 0 0 0 0 0 0 0 0 0 0 0 0 0 0 0 4 0 0 0 5 0 0 0 6 0 0 0 0 0 27 0 405272 7
165 CTA 0 0 0 0 0 0 0 0 0 0 0 0 22 0 0 0 1 0 0 0 32 0 0 0 2 0 0 0 404601 1 27 3 0 0 0 0 0 0 0 0 0 0 0 0 1 0 0 0 0 0 0 0 0 0 0 0 0 0 0 0 68 0 1 0
166 TGG 0 0 0 0 0 0 0 0 0 0 0 0 0 0 0 0 0 0 0 0 0 0 0 0 0 0 7 0 0 0 0 0 0 0 0 0 0 0 0 0 0 0 2 0 0 0 0 0 0 0 133 0 0 0 0 0 34 2 406496 6 0 0 7 0
167 CTG 0 0 1 0 0 0 0 0 0 0 0 0 0 0 25 0 0 0 3 0 0 0 38 0 0 0 3 0 43 0 400127 22 0 0 0 0 0 0 0 0 0 0 0 0 0 0 3 0 0 0 0 0 0 0 0 0 0 0 0 0 0 0 47 0
168 ACG 0 0 8 0 42 0 402995 36 0 0 10 0 0 0 93 0 0 0 0 0 0 0 0 0 0 0 0 0 0 0 0 0 0 0 0 0 0 0 30 0 0 0 0 0 0 0 0 0 0 0 0 0 0 0 16 0 0 0 0 0 0 0 0 0
169 AAG 45 1 406157 49 0 0 4 0 3 0 48 0 0 0 8 0 0 0 1 0 0 0 0 0 0 0 0 0 0 0 0 0 0 0 27 0 0 0 0 0 0 0 0 0 0 0 0 0 0 0 2 0 0 0 0 0 0 0 0 0 0 0 0 0
170 AAG 37 2 406120 88 0 0 12 0 0 0 54 0 0 0 4 0 0 0 0 0 0 0 0 0 0 0 0 0 0 0 0 0 0 0 21 0 0 0 0 0 0 0 0 0 0 0 0 0 0 0 2 0 0 0 0 0 0 0 0 0 0 0 0 0
171 GGG 0 0 0 0 0 0 0 0 0 0 21 0 0 0 0 0 0 0 0 0 0 0 0 0 0 0 0 0 0 0 0 0 0 0 19 0 0 0 0 0 40 0 402208 1 0 0 5 0 0 0 0 0 0 0 0 0 0 0 6 0 0 0 0 0
172 GAT 0 0 0 53 0 0 0 0 0 0 0 0 0 0 0 0 0 0 0 0 0 0 0 0 0 0 0 0 0 0 0 0 1 9 12 405415 0 0 0 0 0 0 0 59 0 0 0 1 0 0 0 13 0 0 0 0 0 0 0 0 0 0 0 0
173 TCA 0 0 0 0 11 0 0 0 1 0 0 0 0 0 0 0 0 0 0 0 24 0 0 0 0 0 0 0 0 0 0 0 0 0 0 0 1 0 0 0 0 0 0 0 0 0 0 0 6 1 0 0 406062 1 67 2 5 0 0 0 19 0 0 0
174 TAC 0 0 0 0 0 0 0 0 0 0 0 0 0 0 0 0 0 29 0 1 0 0 0 0 0 0 0 0 0 0 0 0 0 0 0 0 0 0 0 0 0 0 0 0 0 0 0 0 6 405543 0 21 0 1 0 0 0 68 0 0 0 0 0 0
175 CCA 0 0 0 0 10 0 0 0 0 0 0 0 0 0 0 0 21 0 0 0 403936 4 22 0 0 0 0 0 9 0 0 0 0 0 0 0 1 0 0 0 0 0 0 0 0 0 0 0 0 0 0 0 23 0 0 0 0 0 0 0 0 0 0 0
176 AAG 17 1 407090 65 0 0 14 0 0 0 72 0 0 0 10 0 0 0 1 0 0 0 0 0 0 0 0 0 0 0 0 0 0 0 15 0 0 0 0 0 0 0 0 0 0 0 0 0 0 0 1 0 0 0 0 0 0 0 0 0 0 0 0 0
177 CTG 0 0 0 0 0 0 0 0 0 0 0 0 0 0 15 0 0 0 5 0 0 0 21 0 0 0 2 0 27 1 406792 29 0 0 0 0 0 0 0 0 0 0 0 0 0 0 2 0 0 0 0 0 0 0 0 0 0 0 0 0 0 0 15 0
178 ACC 0 3 0 0 9 406496 0 11 0 1 0 0 0 24 0 0 0 0 0 0 0 2 0 0 0 0 0 0 0 0 0 0 0 0 0 0 0 40 0 0 0 0 0 0 0 0 0 0 0 0 0 0 0 0 0 0 0 0 0 0 0 0 0 0
179 AAT 12 10 0 406050 0 0 0 4 0 0 0 9 0 0 0 2 0 0 0 3 0 0 0 0 0 0 0 0 0 0 0 0 0 0 0 10 0 0 0 0 0 0 0 0 0 0 0 0 0 0 0 0 0 0 0 0 0 0 0 0 0 0 0 0
180 TCC 0 0 0 0 0 6 0 0 0 0 0 0 0 0 0 0 0 0 0 0 0 10 0 0 0 0 0 0 0 0 0 0 0 0 0 0 0 5 0 0 0 0 0 0 0 0 0 0 0 7 0 0 20 405189 0 11 0 2 0 0 0 25 0 0
181 TAT 0 0 0 9 0 0 0 0 0 0 0 0 0 0 0 0 0 0 0 86 0 0 0 0 0 0 0 0 0 0 0 0 0 0 0 1 0 0 0 0 0 0 0 0 0 0 0 0 1 4 3 406266 0 0 0 0 0 0 0 10 0 0 0 1
182 GTG 0 0 0 0 0 0 0 0 0 0 0 0 0 0 24 0 0 0 0 0 0 0 0 0 0 0 0 0 0 0 3 0 0 0 2 0 0 0 4 0 0 0 0 0 15 0 406170 4 0 0 0 0 0 0 0 0 0 0 0 0 0 0 6 0
183 AAC 8 407411 3 28 0 0 0 0 0 6 0 0 0 1 0 0 0 0 0 0 0 0 0 0 0 0 0 0 0 0 0 0 0 36 0 0 0 0 0 0 0 0 0 0 0 0 0 0 0 2 0 0 0 0 0 0 0 0 0 0 0 0 0 0
184 AAT 3 18 3 406515 0 0 0 1 0 0 0 11 0 0 0 1 0 0 0 0 0 0 0 0 0 0 0 0 0 0 0 0 0 0 0 9 0 0 0 0 0 0 0 0 0 0 0 0 0 0 0 1 0 0 0 0 0 0 0 0 0 0 0 0
185 AAA 406851 11 72 7 3 0 0 0 48 0 0 0 1 0 0 0 0 0 0 0 0 0 0 0 0 0 0 0 0 0 0 0 63 0 0 0 0 0 0 0 0 0 0 0 0 0 0 0 1 0 0 0 0 0 0 0 0 0 0 0 0 0 0 0
186 GGG 0 0 0 0 0 0 0 0 0 0 38 0 0 0 0 0 0 0 0 0 0 0 0 0 0 0 0 0 0 0 0 0 0 0 26 0 0 0 0 0 19 3 406901 7 0 0 5 0 0 0 0 0 0 0 0 0 0 0 32 0 0 0 0 0
187 AAA 407423 11 73 5 2 0 0 0 16 0 0 0 5 0 0 0 0 0 0 0 0 0 0 0 0 0 0 0 0 0 0 0 32 0 0 0 0 0 0 0 0 0 0 0 0 0 0 0 5 0 0 0 0 0 0 0 0 0 0 0 0 0 0 0
188 GAA 24 0 0 0 0 0 0 0 0 0 0 0 0 0 0 0 0 0 0 0 0 0 0 0 0 0 0 0 0 0 0 0 407288 31 23 3 1 0 0 0 19 0 0 0 6 0 0 0 9 0 0 0 0 0 0 0 0 0 0 0 0 0 0 0
189 GTC 0 0 0 0 0 0 0 0 0 0 0 0 0 57 0 0 0 0 0 0 0 0 0 0 0 0 0 0 0 0 0 0 0 1 0 0 0 14 0 0 0 0 0 0 5 406905 0 18 0 0 0 0 0 0 0 0 0 0 0 0 0 9 0 0
190 CTT 0 0 0 0 0 0 0 0 0 0 0 0 0 0 0 15 0 0 0 9 0 0 0 60 0 0 0 18 19 16 1 405975 0 0 0 0 0 0 0 0 0 0 0 0 0 0 0 0 0 0 0 0 0 0 0 0 0 0 0 0 0 0 0 6
191 GTA 0 0 0 0 0 0 0 0 0 0 0 0 16 0 0 0 0 0 0 0 0 0 0 0 0 0 0 0 0 0 0 0 2 0 0 0 7 0 0 0 0 0 0 0 291262 1 26 0 0 0 0 0 0 0 0 0 0 0 0 0 11 0 0 0
192 CTA 0 0 0 0 0 0 0 0 0 0 0 0 7 0 0 0 1 0 0 0 24 0 0 0 2 0 0 0 291377 0 6 0 0 0 0 0 0 0 0 0 0 0 0 0 2 0 0 0 0 0 0 0 0 0 0 0 0 0 0 0 25 0 0 0
193 TGG 0 0 0 0 0 0 0 0 0 0 7 0 0 0 0 0 0 0 0 0 0 0 0 0 0 0 8 0 0 0 0 0 0 0 0 0 0 0 0 0 0 0 2 0 0 0 0 0 0 0 11 0 0 0 0 0 13 0 290275 10 0 0 2 0
194 GGT 0 0 0 0 0 0 0 0 0 0 0 15 0 0 0 0 0 0 0 0 0 0 0 0 0 0 0 2 0 0 0 0 0 0 0 15 0 0 0 0 2 4 6 290246 0 0 0 2 0 0 0 0 0 0 0 0 0 0 0 4 0 0 0 0
195 GTT 0 0 0 0 0 0 0 0 0 0 0 0 0 0 0 42 0 0 0 0 0 0 0 0 0 0 0 0 0 0 0 0 0 0 0 1 0 0 0 26 0 0 0 3 1 47 1 290635 0 0 0 0 0 0 0 0 0 0 0 0 0 0 0 5
196 CAT 0 0 0 6 0 0 0 0 0 0 0 0 0 0 0 0 2 25 2 290757 0 0 0 1 0 0 0 4 0 0 0 1 0 0 0 0 0 0 0 0 0 0 0 0 0 0 0 0 0 0 0 18 0 0 0 0 0 0 0 0 0 0 0 2
197 CAC 0 11 0 0 0 0 0 0 0 0 0 0 0 0 0 0 4 291208 1 15 0 2 0 0 0 7 0 0 0 0 0 0 0 0 0 0 0 0 0 0 0 0 0 0 0 0 0 0 0 26 0 0 0 0 0 0 0 0 0 0 0 0 0 0
198 CCG 0 0 0 0 0 0 6 0 0 0 0 0 0 0 0 0 0 0 10 0 54 1 291008 15 0 0 1 0 0 0 15 0 0 0 0 0 0 0 0 0 0 0 0 0 0 0 0 0 0 0 0 0 0 0 11 0 0 0 0 0 0 0 0 0
199 TCT 0 0 0 0 0 0 0 1 0 0 0 0 0 0 0 0 0 0 0 0 0 0 0 14 0 0 0 0 0 0 0 0 0 0 0 0 0 0 0 2 0 0 0 0 0 0 0 0 0 0 0 15 0 34 2 291190 0 0 0 1 0 0 0 11
200 AGC 0 21 0 0 0 0 0 0 6 290440 2 47 0 7 0 0 0 0 0 0 0 0 0 0 0 3 0 0 0 0 0 0 0 0 0 0 0 0 0 0 0 25 0 0 0 0 0 0 0 0 0 0 0 0 0 0 0 0 0 0 0 0 0 0
201 AGT 0 0 0 11 0 0 0 0 0 5 2 290930 0 0 0 5 0 0 0 0 0 0 0 0 0 0 0 4 0 0 0 0 0 0 0 0 0 0 0 0 0 0 0 23 0 0 0 0 0 0 0 0 0 0 0 0 0 0 0 4 0 0 0 0
202 GAT 0 0 0 12 0 0 0 0 0 0 0 0 0 0 0 0 0 0 0 0 0 0 0 0 0 0 0 0 0 0 0 0 2 7 6 291195 0 0 0 1 0 0 0 12 0 0 0 2 0 0 0 6 0 0 0 0 0 0 0 0 0 0 0 0
203 GAG 0 0 9 0 0 0 0 0 0 0 0 0 0 0 0 0 0 0 0 0 0 0 0 0 0 0 0 0 0 0 0 0 31 0 290490 11 0 0 2 0 2 0 38 0 0 0 3 0 0 0 8 0 0 0 0 0 0 0 0 0 0 0 0 0
204 CAA 6 0 0 0 0 0 0 0 0 0 0 0 0 0 0 0 291067 0 6 3 0 0 0 0 6 0 0 0 4 0 0 0 1 0 0 0 0 0 0 0 0 0 0 0 0 0 0 0 21 0 0 0 0 0 0 0 0 0 0 0 0 0 0 0
205 CAG 0 0 3 0 0 0 0 0 0 0 0 0 0 0 0 0 11 0 289711 11 0 0 9 0 0 0 50 0 0 0 3 0 0 0 2 0 0 0 0 0 0 0 0 0 0 0 0 0 0 0 13 0 0 0 0 0 0 0 0 0 0 0 0 0
206 AGT 0 0 0 33 0 0 0 0 4 6 0 290748 0 0 0 1 0 0 0 0 0 0 0 0 0 0 0 2 0 0 0 0 0 0 0 0 0 0 0 0 0 0 0 6 0 0 0 0 0 0 0 0 0 0 0 0 0 0 0 1 0 0 0 0
207 CTC 0 0 0 0 0 0 0 0 0 0 0 0 0 3 0 0 0 1 0 0 0 10 0 0 0 1 0 0 8 290841 0 16 0 0 0 0 0 0 0 0 0 0 0 0 0 0 0 0 0 0 0 0 0 0 0 0 0 0 0 0 0 11 0 0
208 TAT 0 0 0 0 0 0 0 0 0 0 0 0 0 0 0 0 0 0 0 36 0 0 0 0 0 0 0 0 0 0 0 0 0 0 0 5 0 0 0 0 0 0 0 0 0 0 0 0 0 9 1 290585 0 0 0 1 0 0 0 5 0 0 0 0
209 AGT 0 0 0 30 0 0 0 0 0 11 0 290821 0 0 0 9 0 0 0 0 0 0 0 0 0 0 0 2 0 0 0 0 0 0 0 0 0 0 0 0 0 0 0 23 0 0 0 0 0 0 0 0 0 0 0 0 0 0 0 2 0 0 0 0
210 AAT 1 14 2 289371 0 0 0 1 0 0 0 17 0 0 0 0 0 0 0 1 0 0 0 0 0 0 0 0 0 0 0 0 0 0 0 30 0 0 0 0 0 0 0 0 0 0 0 0 0 0 0 0 0 0 0 0 0 0 0 0 0 0 0 0
211 GGA 1 0 0 0 0 0 0 0 17 0 0 0 0 0 0 0 0 0 0 0 0 0 0 0 0 0 0 0 0 0 0 0 53 0 0 0 0 0 0 0 290228 1 20 1 4 0 0 0 0 0 0 0 0 0 0 0 10 0 0 0 0 0 0 0
212 AAT 9 6 1 290891 0 0 0 7 0 0 0 17 0 0 0 1 0 0 0 0 0 0 0 0 0 0 0 0 0 0 0 0 0 0 0 8 0 0 0 0 0 0 0 0 0 0 0 0 0 0 0 3 0 0 0 0 0 0 0 0 0 0 0 0
213 GCT 0 0 0 0 0 0 0 50 0 0 0 0 0 0 0 0 0 0 0 0 0 0 0 0 0 0 0 0 0 0 0 0 0 0 0 3 1 15 1 289471 0 0 0 0 0 0 0 8 0 0 0 0 0 0 0 5 0 0 0 0 0 0 0 0
214 TAT 0 0 0 1 0 0 0 0 0 0 0 0 0 0 0 0 0 0 0 47 0 0 0 0 0 0 0 0 0 0 0 0 0 0 0 1 0 0 0 0 0 0 0 0 0 0 0 0 5 2 0 290916 0 0 0 7 0 0 0 13 0 0 0 5
215 GTC 0 0 0 0 0 0 0 0 0 0 0 0 0 7 0 0 0 0 0 0 0 0 0 0 0 0 0 0 0 0 0 0 0 1 0 0 0 6 0 0 0 2 0 0 4 291117 2 12 0 0 0 0 0 0 0 0 0 0 0 0 0 7 0 0
216 TCT 0 0 0 0 0 0 0 7 0 0 0 0 0 0 0 0 0 0 0 0 0 0 0 27 0 0 0 0 0 0 0 0 0 0 0 0 0 0 0 2 0 0 0 0 0 0 0 0 0 0 0 19 6 32 12 290955 0 0 0 3 0 0 0 36
217 GTA 0 0 0 0 0 0 0 0 0 0 0 0 31 0 0 0 0 0 0 0 0 0 0 0 0 0 0 0 0 0 0 0 2 0 0 0 13 0 0 0 0 0 0 0 290529 1 34 2 0 0 0 0 0 0 0 0 0 0 0 0 2 0 0 0
218 GCG 0 0 0 0 0 0 27 0 0 0 0 0 0 0 0 0 0 0 0 0 0 0 1 0 0 0 0 0 0 0 0 0 0 0 7 0 23 0 286433 9 0 0 1 0 0 0 66 0 0 0 0 0 0 0 9 0 0 0 0 0 0 0 0 0
219 TCT 0 0 0 0 0 0 0 1 0 0 0 0 0 0 0 0 0 0 0 1 0 0 0 21 0 0 0 0 0 0 0 0 0 0 0 0 0 0 0 2 0 0 0 0 0 0 0 0 0 0 0 19 22 64 16 290246 0 0 0 2 0 0 0 14
220 TCA 0 0 0 0 1 0 0 0 0 0 0 0 0 0 0 0 0 0 0 0 45 0 0 0 0 0 0 0 0 0 0 0 0 0 0 0 2 0 0 0 0 0 0 0 0 0 0 0 1 0 0 0 290178 4 16 1 0 0 0 0 17 0 0 0
221 AAT 6 2 3 290737 0 0 0 3 0 0 0 17 0 0 0 8 0 0 0 1 0 0 0 0 0 0 0 0 0 0 0 0 0 0 0 10 0 0 0 0 0 0 0 0 0 0 0 0 0 0 0 2 0 0 0 0 0 0 0 0 0 0 0 0
222 TAT 0 0 0 1 0 0 0 0 0 0 0 0 0 0 0 0 0 0 0 24 0 0 0 0 0 0 0 0 0 0 0 0 0 0 0 0 0 0 0 0 0 0 0 0 0 0 0 0 7 13 0 290320 0 0 0 1 0 0 0 11 0 0 0 0
223 AAC 7 290562 2 18 0 1 0 0 0 21 0 0 0 3 0 0 0 1 0 0 0 0 0 0 0 0 0 0 0 0 0 0 0 43 0 0 0 0 0 0 0 0 0 0 0 0 0 0 0 3 0 0 0 0 0 0 0 0 0 0 0 0 0 0
224 AGG 0 0 13 0 0 0 0 0 7 0 284887 21 0 0 22 0 0 0 0 0 0 0 0 0 0 0 12 0 0 0 0 0 0 0 0 0 0 0 0 0 0 0 36 0 0 0 0 0 0 0 0 0 0 0 0 0 0 0 8 0 0 0 0 0
225 AGA 38 0 0 0 1 0 0 0 285580 0 15 2 6 0 0 0 0 0 0 0 0 0 0 0 1 0 0 0 0 0 0 0 0 0 0 0 0 0 0 0 62 0 0 0 0 0 0 0 0 0 0 0 0 0 0 0 8 0 0 0 0 0 0 0
226 TTC 0 0 0 0 0 0 0 0 0 0 0 0 0 1 0 0 0 0 0 0 0 0 0 0 0 0 0 0 0 14 0 0 0 0 0 0 0 0 0 0 0 0 0 0 0 5 0 0 0 1 0 0 0 13 0 0 0 1 0 0 7 288056 3 17
227 ACC 0 5 0 0 7 289988 1 26 0 2 0 0 0 26 0 0 0 0 0 0 0 1 0 0 0 0 0 0 0 0 0 0 0 0 0 0 0 50 0 0 0 0 0 0 0 0 0 0 0 0 0 0 0 2 0 0 0 0 0 0 0 0 0 0
228 CCG 0 0 0 0 0 0 6 0 0 0 0 0 0 0 1 0 0 0 12 0 46 0 289345 20 0 0 49 0 0 0 17 0 0 0 0 0 0 0 0 0 0 0 0 0 0 0 0 0 0 0 0 0 0 0 22 0 0 0 0 0 0 0 0 0
229 GAA 18 0 0 0 0 0 0 0 0 0 0 0 0 0 0 0 2 0 0 0 0 0 0 0 0 0 0 0 0 0 0 0 282005 8 7 0 0 0 0 0 42 0 0 0 3 0 0 0 13 0 0 0 0 0 0 0 0 0 0 0 0 0 0 0
230 ATA 5 0 0 0 8 0 0 0 2 0 0 0 290945 4 54 2 0 0 0 0 0 0 0 0 0 0 0 0 2 0 0 0 0 0 0 0 0 0 0 0 0 0 0 0 26 0 0 0 0 0 0 0 0 0 0 0 0 0 0 0 1 0 0 0
231 GCT 0 0 0 0 0 0 0 29 0 0 0 0 0 0 0 1 0 0 0 0 0 0 0 0 0 0 0 0 0 0 0 0 0 0 0 13 4 28 4 277692 0 0 0 1 0 0 0 34 0 0 0 0 0 0 0 12 0 0 0 0 0 0 0 0
232 GCA 0 0 0 0 104 0 0 0 0 0 0 0 0 0 0 0 0 0 0 0 0 0 0 0 0 0 0 0 0 0 0 0 12 0 0 0 287873 4 83 2 0 0 0 0 19 0 0 0 0 0 0 0 33 0 0 0 0 0 0 0 0 0 0 0
233 AGG 0 0 13 0 0 0 0 0 42 0 272882 11 0 0 39 0 0 0 0 0 0 0 0 0 0 0 9 0 0 0 0 0 0 0 0 0 0 0 0 0 0 0 55 0 0 0 0 0 0 0 0 0 0 0 0 0 0 0 9 0 0 0 0 0
234 CCC 0 0 0 0 0 9 0 0 0 0 0 0 0 0 0 0 0 5 0 0 7 287057 0 11 0 0 0 0 0 8 0 0 0 0 0 0 0 12 0 0 0 0 0 0 0 0 0 0 0 0 0 0 0 29 0 0 0 0 0 0 0 0 0 0
235 AAA 284746 5 29 2 3 0 0 0 18 0 0 0 1 0 0 0 3 0 0 0 0 0 0 0 0 0 0 0 0 0 0 0 40 0 0 0 0 0 0 0 0 0 0 0 0 0 0 0 1 0 0 0 0 0 0 0 0 0 0 0 0 0 0 0
236 GTA 0 0 0 0 0 0 0 0 0 0 0 0 29 0 0 0 0 0 0 0 0 0 0 0 0 0 0 0 0 0 0 0 1 0 0 0 12 0 0 0 1 0 0 0 288745 0 24 0 10 0 0 0 0 0 0 0 0 0 0 0 8 0 0 0
237 AGA 28 0 0 0 0 0 0 0 287455 2 26 2 26 0 0 0 0 0 0 0 0 0 0 0 4 0 0 0 0 0 1 0 0 0 9 0 0 0 0 0 36 0 0 0 0 0 0 0 0 0 0 0 0 0 0 0 2 0 0 0 0 0 0 0
238 GAT 0 0 0 19 0 0 0 0 0 0 0 0 0 10 0 0 0 0 0 0 0 0 0 0 0 0 0 0 0 0 0 0 2 11 1 279805 0 0 0 0 0 0 0 8 0 0 0 2 0 0 0 7 1 0 0 0 0 0 0 0 0 0 0 0
239 CAA 9 0 0 0 1 0 0 0 0 0 0 0 0 0 0 0 285004 3 54 1 1 0 0 0 45 0 0 0 5 0 0 0 3 0 0 0 0 0 0 0 0 0 0 0 0 0 0 0 10 0 0 0 0 0 0 0 0 0 0 0 0 0 0 0
240 CAT 0 0 0 8 0 0 0 0 0 0 0 0 0 0 0 0 8 7 2 264671 0 0 0 6 0 0 0 8 0 0 0 2 0 0 0 2 0 0 0 0 0 0 0 0 0 0 0 0 0 0 0 11 0 0 0 0 0 0 0 0 0 0 0 0
241 GGG 0 0 0 0 0 0 0 0 0 0 18 0 0 0 0 0 0 0 0 0 0 0 0 0 0 0 0 0 0 0 0 0 0 0 17 0 0 0 2 0 8 0 260026 38 0 0 3 0 0 0 0 0 0 0 0 0 0 0 4 0 0 0 0 0
242 AGG 0 0 36 0 0 0 0 0 6 1 264101 6 0 0 18 0 0 0 0 0 0 0 0 0 0 0 3 0 0 0 0 0 0 0 0 0 0 0 0 0 0 0 55 0 0 0 0 0 0 0 0 0 0 0 0 0 0 0 0 0 0 0 0 0
243 ATG 0 0 1 0 0 0 11 0 0 0 0 0 8 0 270052 10 0 0 0 0 0 0 0 0 0 0 0 0 0 0 1 0 0 0 0 0 0 0 0 0 0 0 0 0 0 0 24 0 0 0 0 0 0 0 0 0 0 0 0 0 0 0 5 0
244 AAC 7 276104 0 16 0 2 0 0 0 6 0 0 0 2 0 0 0 3 0 0 0 0 0 0 0 0 0 0 0 0 0 0 0 35 0 0 0 0 0 0 0 0 0 0 0 0 0 0 0 5 0 0 0 0 0 0 0 0 0 0 0 0 0 0
245 TAT 0 0 0 0 0 0 0 0 0 0 0 0 0 0 0 0 0 0 0 19 0 0 0 0 0 0 0 0 0 0 0 0 0 0 0 1 0 0 0 0 0 0 0 0 0 0 0 0 13 12 1 269427 0 0 0 0 0 0 0 12 0 0 0 0
246 TAC 0 3 0 0 0 0 0 0 0 0 0 0 0 0 0 1 0 12 0 0 0 0 0 0 0 0 0 0 0 0 0 0 0 0 0 0 0 0 0 0 0 0 0 0 0 0 0 0 7 280879 1 13 0 2 0 0 0 15 0 0 0 2 0 0
247 TGG 0 0 0 0 0 0 0 0 0 0 8 0 0 0 0 0 0 0 0 0 0 0 0 0 0 0 45 0 0 0 0 0 0 0 0 0 0 0 0 0 0 0 4 0 0 0 0 0 0 0 34 0 0 0 0 0 15 0 285116 1 0 0 8 0
248 ACC 0 4 0 0 17 265660 0 31 0 0 0 0 0 21 0 0 0 0 0 0 0 0 0 0 0 0 0 0 0 0 0 0 0 0 0 0 0 9 0 0 0 0 0 0 0 0 0 0 0 0 0 0 0 1 0 0 0 0 0 0 0 0 0 0
249 TTG 0 0 0 0 0 0 0 0 0 0 0 0 0 0 0 0 0 0 0 0 0 0 0 0 0 0 0 0 0 0 14 0 0 0 0 0 0 0 0 0 0 0 0 0 0 0 5 0 0 0 0 0 0 0 25 0 0 0 1 0 27 1 282017 10
250 CTA 0 0 0 0 0 0 0 0 0 0 0 0 7 0 0 0 0 0 0 0 7 0 0 0 1 0 0 0 272584 0 32 12 0 0 0 0 0 0 0 0 0 0 0 0 3 0 0 0 0 0 0 0 0 0 0 0 0 0 0 0 38 0 0 0
251 GAA 19 0 0 0 0 0 0 0 0 0 0 0 0 0 0 0 0 0 0 0 0 0 0 0 0 0 0 0 0 0 0 0 287814 12 25 0 2 0 0 0 15 0 0 0 3 0 0 0 9 0 0 0 0 0 0 0 0 0 0 0 0 0 0 0
252 CCC 0 0 0 0 0 5 0 0 0 0 0 0 0 0 0 0 0 6 0 0 12 279078 2 12 0 0 0 0 0 6 0 0 0 0 0 0 0 3 0 0 0 0 0 0 0 0 0 0 0 0 0 0 0 16 0 0 0 0 0 0 0 0 0 0
253 GGA 0 0 0 0 0 0 0 0 49 0 0 0 0 0 0 0 0 0 0 0 0 0 0 0 1 0 0 0 0 0 0 0 16 0 0 0 0 0 0 0 283885 0 50 5 2 0 0 0 0 0 0 0 0 0 0 0 5 0 0 0 0 0 0 0
254 GAC 0 17 0 0 0 0 0 0 0 0 0 0 0 0 0 0 0 0 0 0 0 0 0 0 0 0 0 0 0 0 0 0 11 284052 8 15 0 1 0 0 0 14 0 0 0 3 0 0 0 6 0 0 0 0 0 0 0 0 0 0 0 0 0 0
255 ACA 1 0 0 0 275752 7 20 1 2 0 0 0 2 0 0 0 0 0 0 0 2 0 0 0 0 0 0 0 0 0 0 0 0 0 0 0 13 0 0 0 0 0 0 0 0 0 0 0 0 0 0 0 4 0 0 0 0 0 0 0 0 0 0 0
256 ATA 1 0 0 2 8 0 0 0 0 0 0 0 287849 4 12 16 0 0 0 0 0 0 0 0 0 0 0 0 2 0 0 0 0 0 0 0 0 0 0 0 0 0 0 0 5 0 0 0 0 0 0 0 0 0 0 0 0 0 0 0 14 0 0 0
257 ATA 0 0 0 0 19 0 0 0 0 0 0 0 286136 2 24 3 0 0 0 0 0 0 0 0 0 0 0 0 4 0 0 0 0 0 0 0 0 0 0 0 0 0 0 0 7 0 0 0 0 0 0 0 0 0 0 0 0 0 0 0 2 0 0 0
258 TTT 0 0 0 0 0 0 0 0 0 0 0 0 0 0 0 9 0 0 0 0 0 0 0 0 0 0 0 0 0 0 0 2 0 0 0 0 0 0 0 0 0 0 0 0 0 0 0 7 0 0 0 6 0 0 0 3 0 0 0 2 2 17 1 287539
259 GAG 0 0 12 0 0 0 0 0 0 0 0 0 0 0 0 0 0 0 0 0 0 0 0 0 0 0 0 0 0 0 0 0 16 0 289388 14 0 0 5 0 0 0 53 0 0 0 5 0 0 0 2 0 0 0 0 0 0 0 0 0 0 0 0 0
260 GCA 1 0 0 0 31 0 0 0 0 0 0 0 0 0 0 0 0 0 0 0 0 0 0 0 0 0 0 0 0 0 0 0 8 0 0 0 282795 5 5 4 3 0 0 0 16 0 0 0 0 0 0 0 4 0 0 0 0 0 0 0 0 0 0 0
261 ACT 0 0 0 8 3 36 5 284644 0 0 0 0 0 0 0 14 0 0 0 0 0 0 0 0 0 0 0 0 0 0 0 0 0 0 0 0 0 0 0 5 0 0 0 0 0 0 0 0 0 0 0 0 0 0 0 4 0 0 0 0 0 0 0 0
262 GGT 0 0 0 0 0 0 0 0 0 0 0 17 0 0 0 0 0 0 0 0 0 0 0 0 0 0 0 0 0 0 0 0 0 0 0 20 0 0 0 2 1 22 1 289440 0 0 0 1 0 0 0 0 0 0 0 0 0 0 0 3 0 0 0 0
263 AAT 4 9 2 288316 0 0 0 0 0 0 0 4 0 0 0 6 0 0 0 0 0 0 0 0 0 0 0 0 0 0 0 0 0 0 0 12 0 0 0 0 0 0 0 0 0 0 0 0 0 0 0 0 0 0 0 0 0 0 0 0 0 0 0 0
264 CTA 0 0 0 0 0 0 0 0 0 0 0 0 8 0 0 0 6 0 0 0 42 0 0 0 0 0 0 0 288328 1 13 5 0 0 0 0 0 0 0 0 0 0 0 0 5 0 0 0 0 0 0 0 0 0 0 0 0 0 0 0 5 0 0 0
265 ATA 5 0 0 0 4 0 0 0 1 0 0 0 289127 1 45 1 0 0 0 0 0 0 0 0 0 0 0 0 6 0 0 0 0 0 0 0 0 0 0 0 0 0 0 0 11 0 0 0 0 0 0 0 0 0 0 0 0 0 0 0 6 0 0 0
266 GCA 0 0 0 0 14 0 0 0 0 0 0 0 0 0 0 0 0 0 0 0 0 0 0 0 0 0 0 0 0 0 0 0 5 0 0 0 289382 2 12 1 3 0 0 0 19 0 0 0 0 0 0 0 14 0 0 0 0 0 0 0 0 0 0 0
267 CCA 0 0 0 0 8 0 0 0 0 0 0 0 0 0 0 0 8 0 0 0 287026 2 10 0 0 0 0 0 4 0 0 0 0 0 0 0 1 0 0 0 0 0 0 0 0 0 0 0 0 0 0 0 9 0 0 0 0 0 0 0 0 0 0 0
268 TGG 0 0 0 0 0 0 0 0 0 0 3 0 0 0 0 0 0 0 0 0 0 0 0 0 0 0 6 0 0 0 0 0 0 0 0 0 0 0 0 0 0 0 1 0 0 0 0 0 0 0 18 0 0 0 0 0 23 1 288565 3 0 0 5 0
269 TAT 0 0 0 2 0 0 0 0 0 0 0 0 0 0 0 0 0 0 0 27 0 0 0 0 0 0 0 0 0 0 0 0 0 0 0 0 0 0 0 0 0 0 0 0 0 0 0 0 4 2 0 290016 0 0 0 1 0 0 0 4 0 0 0 0
270 GCT 0 0 0 0 0 0 0 33 0 0 0 0 0 0 0 0 0 0 0 0 0 0 0 1 0 0 0 0 0 0 0 0 0 0 0 11 2 9 5 289191 0 0 0 1 0 0 0 11 0 0 0 0 0 0 0 13 0 0 0 0 0 0 0 0
271 TTC 0 0 0 0 0 0 0 0 0 0 0 0 0 0 0 0 0 0 0 0 0 0 0 0 0 0 0 0 0 11 0 0 0 0 0 0 0 0 0 0 0 0 0 0 0 2 0 0 0 2 0 0 0 12 0 0 0 0 0 0 12 289841 0 38
272 GCA 0 0 0 0 35 0 0 0 0 0 0 0 0 0 0 0 0 0 0 0 0 0 0 0 0 0 0 0 0 0 0 0 4 0 0 0 289777 0 12 2 3 0 0 0 21 0 0 0 0 0 0 0 6 0 0 0 0 0 0 0 0 0 0 0
273 CTG 0 0 0 0 0 0 0 0 0 0 0 0 0 0 9 0 0 0 2 0 0 0 85 0 0 0 8 0 28 0 289224 24 0 0 0 0 0 0 0 0 0 0 0 0 0 0 5 0 0 0 0 0 0 0 0 0 0 0 0 0 0 0 16 0
274 AGT 0 0 0 21 0 0 0 1 3 10 1 290057 0 0 0 6 0 0 0 0 0 0 0 0 0 0 0 1 0 0 0 0 0 0 0 0 0 0 0 0 0 0 0 21 0 0 0 0 0 0 0 0 0 0 0 0 0 0 0 0 0 0 0 0
275 AGA 14 0 0 0 0 0 0 0 290595 0 48 2 9 0 0 0 0 0 0 0 0 0 0 0 0 0 0 0 0 0 0 0 0 0 0 0 0 0 0 0 15 0 0 0 0 0 0 0 0 0 0 0 0 0 0 0 0 0 0 0 0 0 0 0
276 GGG 0 0 0 0 0 0 0 0 0 0 14 0 0 0 0 0 0 0 0 0 0 0 0 0 0 0 1 0 0 0 0 0 0 0 18 0 0 0 0 0 22 0 290519 4 0 0 3 0 0 0 0 0 0 0 0 0 0 0 20 0 0 0 0 0
277 TTT 0 0 0 0 0 0 0 0 0 0 0 0 0 0 0 1 0 0 0 0 0 0 0 0 0 0 0 0 0 0 0 11 0 0 0 0 0 0 0 0 0 0 0 0 0 0 0 16 0 0 0 1 0 0 0 15 0 1 0 1 1 70 1 290598
278 GAG 0 0 8 0 0 0 0 0 0 0 0 0 0 0 0 0 0 0 0 0 0 0 0 0 0 0 0 0 0 0 0 0 31 0 290774 6 0 0 3 0 0 0 52 0 0 0 3 0 0 0 10 0 0 0 0 0 0 0 0 0 0 0 0 0
279 TCC 0 0 0 0 0 1 0 0 0 0 0 0 0 0 0 0 0 0 0 0 0 9 0 0 0 0 0 0 0 0 0 0 0 0 0 0 0 24 0 0 0 0 0 0 0 0 0 0 0 10 0 0 11 289199 0 63 0 3 0 0 0 18 0 0
280 GGC 0 0 0 0 0 0 0 0 0 49 0 0 0 0 0 0 0 0 0 0 0 0 0 0 0 1 0 0 0 0 0 0 0 41 0 0 0 0 0 0 12 289727 4 32 0 12 0 0 0 0 0 0 0 0 0 0 0 4 0 0 0 0 0 0
281 ATC 0 0 0 0 0 14 0 0 0 2 0 0 7 289717 2 20 0 0 0 0 0 0 0 0 0 0 0 0 0 4 0 0 0 0 0 0 0 0 0 0 0 0 0 0 0 15 0 0 0 0 0 0 0 0 0 0 0 0 0 0 0 3 0 0
282 ATC 0 6 0 0 0 23 0 0 0 2 0 0 5 288778 1 24 0 0 0 0 0 0 0 0 0 0 0 0 0 4 0 0 0 0 0 0 0 0 0 0 0 0 0 0 0 14 0 0 0 0 0 0 0 0 0 0 0 0 0 0 0 3 0 0
283 ACC 0 2 0 0 18 290670 0 21 0 0 0 0 0 19 0 0 0 0 0 0 0 0 0 0 0 0 0 0 0 0 0 0 0 0 0 0 0 4 0 0 0 0 0 0 0 0 0 0 0 0 0 0 0 4 0 0 0 0 0 0 0 0 0 0
284 TCA 0 0 0 0 12 0 0 0 0 0 0 0 0 0 0 0 0 0 0 0 52 0 0 0 0 0 0 0 0 0 0 0 0 0 0 0 2 0 0 0 0 0 0 0 0 0 0 0 6 0 0 0 289356 1 26 5 2 0 0 0 2 0 0 0
285 AAC 6 289075 1 41 0 8 0 0 0 14 0 0 0 0 0 0 0 1 0 0 0 0 0 0 0 0 0 0 0 0 0 0 0 16 0 0 0 0 0 0 0 0 0 0 0 0 0 0 0 0 0 0 0 0 0 0 0 0 0 0 0 0 0 0
286 GCG 0 0 0 0 0 0 38 0 0 0 0 0 0 0 0 0 0 0 0 0 0 0 1 0 0 0 0 0 0 0 0 0 0 0 21 0 78 0 391849 19 0 0 0 0 0 0 28 0 0 0 0 0 0 0 21 0 0 0 0 0 0 0 0 0
287 TCA 0 0 0 0 6 0 0 0 0 0 0 0 0 0 0 0 0 0 0 0 28 0 0 0 0 0 0 0 0 0 0 0 0 0 0 0 10 0 0 0 0 0 0 0 0 0 0 0 2 0 0 0 392010 4 32 0 4 0 0 0 26 0 0 0
288 ATG 0 0 15 0 0 0 15 0 0 0 1 0 90 0 391822 15 0 0 0 0 0 0 0 0 0 0 0 0 0 0 15 0 0 0 0 0 0 0 0 0 0 0 0 0 0 0 10 0 0 0 0 0 0 0 0 0 0 0 0 0 0 0 2 0
289 CAT 0 0 0 10 0 0 0 0 0 0 0 0 0 0 0 0 1 33 1 391902 0 0 0 2 0 0 0 29 0 0 0 2 0 0 0 6 0 0 0 0 0 0 0 0 0 0 0 0 0 0 0 47 0 0 0 0 0 0 0 0 0 0 0 0
290 GAG 0 0 16 0 0 0 0 0 0 0 0 0 0 0 0 0 0 0 0 0 0 0 0 0 0 0 0 0 0 0 0 0 36 1 391350 17 0 0 1 0 0 0 50 0 0 0 2 0 0 0 14 0 0 0 0 0 0 0 0 0 0 0 0 0
291 TGT 0 0 0 0 0 0 0 0 0 0 0 6 0 0 0 0 0 0 0 0 0 0 0 0 0 0 0 16 0 0 0 0 0 0 0 0 0 0 0 0 0 0 0 9 0 0 0 0 0 0 0 65 0 0 0 0 20 64 0 391736 0 0 0 9
292 AAC 4 391376 8 22 0 3 0 0 0 43 0 0 0 6 0 0 0 25 0 0 0 0 0 0 0 0 0 0 0 0 0 0 0 127 0 0 0 0 0 0 0 1 0 0 0 0 0 0 0 0 0 0 0 0 0 0 0 0 0 0 0 0 0 0
293 ACG 0 0 11 0 37 0 391485 36 0 0 6 0 0 0 14 0 0 0 0 0 0 0 1 0 0 0 0 0 0 0 0 0 0 0 0 0 0 0 18 0 0 0 0 0 0 0 0 0 0 0 0 0 0 0 5 0 0 0 0 0 0 0 0 0
294 AAG 31 0 391993 9 0 0 11 0 0 0 11 0 0 0 14 0 0 0 0 0 0 0 0 0 0 0 0 0 0 0 0 0 0 0 52 0 0 0 0 0 0 0 0 0 0 0 0 0 0 0 2 0 0 0 0 0 0 0 0 0 0 0 0 0
295 TGT 0 0 0 0 0 0 0 0 0 0 0 3 0 0 0 0 0 0 0 0 0 0 0 0 0 0 0 4 0 0 0 0 0 0 0 0 0 0 0 0 0 0 0 2 0 0 0 0 0 0 0 23 0 0 0 1 3 58 0 392072 0 0 0 7
296 CAA 7 0 0 0 0 0 0 0 0 0 0 0 0 0 0 0 391775 20 25 11 2 0 0 0 119 0 0 0 5 0 0 0 3 0 0 0 0 0 0 0 0 0 0 0 0 0 0 0 18 0 0 0 0 0 0 0 0 0 0 0 0 0 0 0
297 ACA 4 2 0 0 391449 5 6 3 4 0 0 0 24 0 0 0 0 0 0 0 10 0 0 0 0 0 0 0 0 0 0 0 0 0 0 0 55 0 0 0 0 0 0 0 0 0 0 0 0 0 0 0 4 0 0 0 0 0 0 0 0 0 0 0
298 CCC 0 0 0 0 0 5 0 0 0 0 0 0 0 0 0 0 0 6 0 0 3 392029 0 8 0 0 0 0 0 23 0 0 0 0 0 0 0 1 0 0 0 0 0 0 0 0 0 0 0 0 0 0 0 18 0 0 0 0 0 0 0 0 0 0
299 CAG 0 0 13 0 0 0 0 0 0 0 0 0 0 0 0 0 55 0 391766 38 0 0 8 0 0 0 92 0 0 0 4 0 0 0 0 0 0 0 0 0 0 0 0 0 0 0 0 0 0 0 14 0 0 0 0 0 0 0 0 0 0 0 0 0
300 GGA 2 0 0 0 0 0 0 0 16 0 0 0 0 0 0 0 0 0 0 0 0 0 0 0 0 0 0 0 0 0 0 0 14 0 0 0 0 0 0 0 391321 0 45 5 3 0 0 0 0 0 0 0 5 0 0 0 16 0 0 0 0 0 0 0
301 GCT 0 0 0 0 0 0 0 35 0 0 0 0 0 0 0 0 0 0 0 0 0 0 0 0 0 0 0 0 0 0 0 0 0 0 0 7 3 52 3 391874 0 0 0 5 0 0 0 43 0 0 0 0 0 0 0 5 0 0 0 0 0 0 0 0
302 ATA 7 0 0 0 20 0 0 0 4 0 0 0 390922 1 19 0 0 0 0 0 0 0 0 0 0 0 0 0 4 0 0 0 0 0 0 0 0 0 0 0 0 0 0 0 22 0 0 0 0 0 0 0 0 0 0 0 0 0 0 0 1 0 0 0
303 AAC 10 391752 0 42 0 15 0 0 0 9 0 0 0 0 0 0 0 4 0 0 0 0 0 0 0 0 0 0 0 0 0 0 0 21 0 0 0 0 0 0 0 0 0 0 0 0 0 0 0 2 0 0 0 0 0 0 0 0 0 0 0 0 0 0
304 AGC 0 89 0 0 0 0 0 0 7 391668 1 68 0 5 0 0 0 0 0 0 0 0 0 0 0 3 0 0 0 0 0 0 0 0 0 0 0 0 0 0 0 23 0 0 0 0 0 0 0 0 0 0 0 0 0 0 0 4 0 0 0 0 0 0
305 AAT 6 33 0 391951 0 0 0 0 0 0 0 8 0 0 0 5 0 0 0 2 0 0 0 0 0 0 0 0 0 0 0 0 0 0 0 7 0 0 0 0 0 0 0 0 0 0 0 0 0 0 0 7 0 0 0 0 0 0 0 0 0 0 0 0
306 CTC 0 0 0 0 0 0 0 0 0 0 0 0 0 7 0 0 0 5 0 0 0 59 0 0 0 3 0 0 4 391629 0 18 0 0 0 0 0 0 0 0 0 0 0 0 0 2 0 0 0 0 0 0 0 0 0 0 0 0 0 0 0 33 0 0
307 CCT 0 0 0 0 0 0 0 9 0 0 0 0 0 0 0 0 0 0 0 23 7 42 5 390381 0 0 0 0 0 0 0 14 0 0 0 0 0 0 0 0 0 0 0 0 0 0 0 0 0 0 0 0 0 0 0 13 0 0 0 0 0 0 0 0
308 TTC 0 0 0 0 0 0 0 0 0 0 0 0 0 1 0 0 0 0 0 0 0 0 0 0 0 0 0 0 0 19 0 0 0 0 0 0 0 0 0 0 0 0 0 0 0 1 0 0 0 2 0 0 0 50 0 0 0 2 0 0 2 391716 1 21
309 CAG 0 0 7 0 0 0 0 0 0 0 0 0 0 0 0 0 10 0 390902 13 0 0 1 0 0 0 75 0 0 0 7 0 0 0 1 0 0 0 0 0 0 0 0 0 0 0 0 0 0 0 20 0 0 0 0 0 0 0 0 0 0 0 0 0
310 AAT 3 8 0 391989 0 0 0 7 0 0 0 17 0 0 0 4 0 0 0 0 0 0 0 0 0 0 0 0 0 0 0 0 0 0 0 19 0 0 0 0 0 0 0 0 0 0 0 0 0 0 0 1 0 0 0 0 0 0 0 0 0 0 0 0
311 ATA 3 0 0 0 22 0 0 0 1 0 0 0 391795 1 42 0 0 0 0 0 0 0 0 0 0 0 0 0 1 0 0 0 0 0 0 0 0 0 0 0 0 0 0 0 18 0 0 0 0 0 0 0 0 0 0 0 0 0 0 0 4 0 0 0
312 CAC 0 5 0 0 0 0 0 0 0 0 0 0 0 0 0 0 8 391870 0 45 0 6 0 0 0 12 0 0 0 1 0 0 0 1 0 0 0 0 0 0 0 0 0 0 0 0 0 0 0 55 0 0 0 0 0 0 0 0 0 0 0 0 0 0
313 CCA 0 0 0 0 6 0 0 0 0 0 0 0 0 0 0 0 7 0 0 0 391988 7 26 3 0 0 0 0 22 0 0 0 0 0 0 0 0 0 0 0 0 0 0 0 0 0 0 0 0 0 0 0 23 0 0 0 0 0 0 0 0 0 0 0
314 GTC 0 0 0 0 0 0 0 0 0 0 0 0 0 21 0 0 0 0 0 0 0 0 0 0 0 0 0 0 0 0 0 0 0 2 0 0 0 33 0 0 0 0 0 0 9 390363 2 35 0 0 0 0 0 0 0 0 0 0 0 0 0 22 0 0
315 ACA 4 0 0 0 391848 0 68 2 0 0 0 0 21 0 0 0 0 0 0 0 4 0 0 0 0 0 0 0 0 0 0 0 0 0 0 0 15 0 0 0 0 0 0 0 0 0 0 0 0 0 0 0 0 0 0 0 0 0 0 0 0 0 0 0
316 ATA 2 0 0 0 7 0 0 0 0 0 0 0 391656 3 54 6 0 0 0 0 0 0 0 0 0 0 0 0 0 0 0 0 0 0 0 0 0 0 0 0 1 0 0 0 15 0 0 0 0 0 0 0 0 0 0 0 0 0 0 0 0 0 0 0
317 GGA 0 0 0 0 0 0 0 0 25 0 0 0 0 0 0 0 0 0 0 0 0 0 0 0 0 0 0 0 0 0 0 0 11 0 0 0 3 0 0 0 391133 5 92 16 4 0 0 0 0 0 0 0 0 0 0 0 20 0 0 0 0 0 0 0
318 GAG 0 0 20 0 0 0 0 0 0 0 0 0 0 0 0 0 0 0 0 0 0 0 0 0 0 0 0 0 0 0 0 0 40 0 388838 3 0 0 8 0 0 0 32 0 0 0 4 0 0 0 9 0 0 0 0 0 0 0 0 0 0 0 0 0
319 TGC 0 0 0 0 0 0 0 0 0 6 0 0 0 0 0 0 0 0 0 0 0 0 0 0 0 6 0 0 0 0 0 0 0 0 0 0 0 0 0 0 0 0 0 0 0 0 0 0 0 107 0 0 0 1 0 0 9 389558 4 68 0 10 0 0
320 CCA 0 0 0 0 7 0 0 0 0 0 0 0 0 0 0 0 2 0 0 0 391233 34 24 3 0 0 0 0 27 0 0 0 0 0 0 0 0 0 0 0 0 0 0 0 0 0 0 0 0 0 0 0 16 0 0 0 0 0 0 0 0 0 0 0
321 AAA 391822 3 17 7 9 0 0 0 14 0 0 0 8 0 0 0 2 0 0 0 0 0 0 0 0 0 0 0 0 0 0 0 11 0 0 0 0 0 0 0 0 0 0 0 0 0 0 0 0 0 0 0 0 0 0 0 0 0 0 0 0 0 0 0
322 TAT 0 0 0 5 0 0 0 0 0 0 0 0 0 0 0 0 0 0 0 12 0 0 0 0 0 0 0 0 0 0 0 0 0 0 0 0 0 0 0 0 0 0 0 0 0 0 0 0 13 7 3 385546 0 0 0 0 0 0 0 49 0 0 0 4
323 GTC 0 0 0 0 0 0 0 0 0 0 0 0 0 207 0 0 0 0 0 0 0 0 0 0 0 0 0 0 0 3 0 0 0 10 0 0 0 14 0 0 0 0 0 0 11 379662 2 36 0 0 0 0 0 0 0 0 0 0 0 0 0 9 0 0
324 AGG 0 0 17 0 0 0 0 0 34 1 385151 12 0 0 7 0 0 0 0 0 0 0 0 0 0 0 8 0 0 0 0 0 0 0 0 0 0 0 0 0 0 0 98 0 0 0 0 0 0 0 0 0 0 0 0 0 0 0 2 0 0 0 0 0
325 AGT 0 0 0 46 0 0 0 0 3 25 0 387545 0 0 0 7 0 0 0 0 0 0 0 0 0 0 0 0 0 0 0 0 0 0 0 0 0 0 0 0 0 0 0 32 0 0 0 0 0 0 0 0 0 0 0 0 0 0 0 0 0 0 0 0
326 ACC 0 2 0 0 16 390442 2 11 0 0 0 0 0 35 0 0 0 0 0 0 0 2 0 0 0 0 0 0 0 0 0 0 0 0 0 0 0 24 0 0 0 0 0 0 0 0 0 0 0 0 0 0 0 1 0 0 0 0 0 0 0 0 0 0
327 AAA 391417 6 11 1 1 0 0 0 11 0 0 0 1 0 0 0 3 0 0 0 0 0 0 0 0 0 0 0 0 0 0 0 33 0 0 0 0 0 0 0 0 0 0 0 0 0 0 0 0 0 0 0 0 0 0 0 0 0 0 0 0 0 0 0
328 TTG 0 0 0 0 0 0 0 0 0 0 0 0 0 0 11 0 0 0 0 0 0 0 0 0 0 0 0 0 0 0 18 0 0 0 0 0 0 0 0 0 0 0 0 0 0 0 1 0 0 0 5 0 0 0 5 0 0 0 4 0 32 0 382283 3
329 AGG 0 0 29 0 0 0 0 0 22 0 381852 6 0 0 42 0 0 0 0 0 0 0 0 0 0 0 4 0 0 0 0 0 0 0 0 0 0 0 0 0 0 0 43 0 0 0 0 0 0 0 0 0 0 0 0 0 0 0 0 0 0 0 0 0
330 ATG 0 0 4 0 0 0 8 0 0 0 3 0 28 0 382559 7 0 0 0 0 0 0 0 0 0 0 0 0 0 0 3 0 0 0 0 0 0 0 0 0 0 0 0 0 0 0 22 0 0 0 0 0 0 0 0 0 0 0 0 0 0 0 2 0
331 GTT 0 0 0 0 0 0 0 0 0 0 0 0 0 0 0 38 0 0 0 0 0 0 0 0 0 0 0 0 0 0 0 0 0 0 0 2 0 1 0 13 0 0 0 1 1 14 0 384702 0 0 0 0 0 0 0 0 0 0 0 0 0 0 0 6
332 ACA 3 0 0 0 387921 26 106 10 3 0 0 0 39 0 0 0 0 0 0 0 3 0 0 0 0 0 0 0 0 0 0 0 0 0 0 0 24 0 0 0 0 0 0 0 0 0 0 0 0 0 0 0 0 0 0 0 0 0 0 0 0 0 0 0
333 GGA 0 0 0 0 0 0 0 0 18 0 0 0 0 0 0 0 0 0 0 0 0 0 0 0 0 0 0 0 0 0 0 0 41 0 0 0 1 0 0 0 383936 3 30 0 10 0 0 0 0 0 0 0 0 0 0 0 30 0 0 0 0 0 0 0
334 CTA 0 0 0 0 0 0 0 0 0 0 0 0 4 0 0 0 0 0 0 0 30 0 0 0 1 0 0 0 387928 2 21 1 0 0 0 0 0 0 0 0 0 0 0 0 1 0 0 0 0 0 0 0 0 0 0 0 0 0 0 0 9 0 0 0
335 AGA 12 0 1 0 0 0 0 0 388189 6 16 1 10 0 0 0 0 0 0 0 0 0 0 0 13 0 0 0 0 0 0 0 1 0 0 0 0 0 0 0 28 0 0 0 0 0 0 0 0 0 0 0 0 0 0 0 5 0 0 0 0 0 0 0
336 AAC 10 359755 2 22 0 4 0 0 0 12 0 0 0 0 0 0 0 5 0 0 0 0 0 0 0 0 0 0 0 0 0 0 0 11 0 0 0 0 0 0 0 0 0 0 0 0 0 0 0 1 0 0 0 0 0 0 0 0 0 0 0 0 0 0
337 ATC 0 0 0 0 0 33 0 0 0 1 0 0 4 369043 0 19 0 0 0 0 0 0 0 0 0 0 0 0 0 2 0 0 0 0 0 0 0 0 0 0 0 0 0 0 0 6 0 0 0 0 0 0 0 0 0 0 0 0 0 0 0 2 0 0
338 CCA 0 0 0 0 8 0 0 0 0 0 0 0 0 0 0 0 7 0 0 0 360223 7 12 1 0 0 0 0 14 0 0 0 0 0 0 0 0 0 0 0 0 0 0 0 0 0 0 0 0 0 0 0 19 0 0 0 0 0 0 0 0 0 0 0
339 TCC 0 0 0 0 0 10 0 0 0 0 0 0 0 0 0 0 0 0 0 0 0 36 0 0 0 0 0 0 0 0 0 0 0 0 0 0 0 0 0 0 0 0 0 0 0 0 0 0 0 3 0 0 10 352593 0 15 0 1 0 0 0 14 0 0
340 ATT 0 0 0 3 0 0 0 14 0 0 0 3 2 28 3 365979 0 0 0 0 0 0 0 0 0 0 0 0 0 0 0 1 0 0 0 0 0 0 0 0 0 0 0 0 0 0 0 11 0 0 0 0 0 0 0 0 0 0 0 0 0 0 0 1
341 CAA 7 0 0 0 0 0 0 0 0 0 0 0 0 0 0 0 359276 1 10 2 1 0 0 0 37 0 0 0 0 0 0 0 2 0 0 0 0 0 0 0 0 0 0 0 0 0 0 0 17 0 0 0 0 0 0 0 0 0 0 0 0 0 0 0
342 TAC 0 1 0 0 0 0 0 0 0 0 0 0 0 0 0 0 0 9 0 0 0 0 0 0 0 0 0 0 0 0 0 0 0 6 0 0 0 0 0 0 0 0 0 0 0 0 0 0 3 339877 5 22 0 0 0 0 0 14 0 0 0 1 0 0
343 AGA 26 0 0 0 0 0 0 0 375496 1 71 9 10 0 0 0 0 0 16 0 0 0 0 0 1 0 0 0 0 0 0 0 0 0 0 0 0 0 0 0 33 0 0 0 0 0 0 0 0 0 0 0 0 0 0 0 7 0 0 0 0 0 0 0
344 GGT 0 0 0 0 0 0 0 0 0 0 16 23 0 0 0 0 0 0 0 0 0 0 0 0 0 0 0 0 0 0 0 0 0 0 0 18 0 0 0 0 0 14 8 380362 0 0 0 4 0 0 0 0 0 0 0 0 0 0 0 14 0 0 0 0
345 CTA 0 0 0 0 0 0 0 0 0 0 0 0 9 0 0 0 0 0 0 0 39 0 0 0 2 0 0 0 351753 1 21 0 0 0 0 0 0 0 0 0 0 0 0 0 2 0 0 0 0 0 0 0 0 0 0 14 0 0 0 0 16 0 0 0
346 TTT 0 0 0 0 0 0 0 0 0 0 0 0 0 0 0 17 0 0 0 0 0 0 0 0 0 0 0 0 0 0 0 7 0 0 0 0 0 0 0 0 0 0 0 0 0 0 0 5 0 0 0 0 0 0 0 7 0 0 0 2 6 28 7 386468
347 GGA 0 0 0 0 0 0 0 0 13 0 0 0 0 0 0 0 0 0 0 0 0 0 0 0 0 0 0 0 0 0 0 0 17 0 0 0 1 0 0 0 381215 5 55 14 2 0 0 0 0 0 0 0 0 0 0 0 9 0 0 0 0 0 0 0
348 GCC 0 0 0 0 0 11 0 0 0 0 0 0 0 0 0 0 0 0 0 0 0 0 0 0 0 0 0 0 0 0 0 0 0 2 0 0 11 329348 1 18 0 2 0 0 0 55 0 0 0 0 0 0 0 16 0 0 0 0 0 0 0 0 0 0
349 ATT 0 0 0 2 0 0 0 10 0 0 0 3 2 16 1 386715 0 0 0 0 0 0 0 0 0 0 0 0 0 0 0 3 0 0 0 0 0 0 0 0 0 0 0 0 0 0 0 11 0 0 0 0 0 0 0 0 0 0 0 0 0 0 0 5
350 GCT 0 0 0 0 0 0 0 91 0 0 0 0 0 0 0 0 0 0 0 0 0 0 0 2 0 0 0 0 0 0 0 0 0 0 0 6 1 21 3 390192 0 0 0 1 0 0 0 27 0 0 0 0 0 0 0 8 0 0 0 0 0 0 0 0
351 GGT 0 0 0 0 0 0 0 0 0 0 0 24 0 0 0 0 0 0 0 0 0 0 0 0 0 0 0 1 0 0 0 0 0 0 0 19 0 0 0 0 1 15 47 390801 0 0 0 4 0 0 0 0 0 0 0 0 0 0 0 7 0 0 0 0
352 TTT 0 0 0 0 0 0 0 0 0 0 0 0 0 0 0 2 0 0 0 0 0 0 0 0 0 0 0 0 0 0 0 9 0 0 0 0 0 0 0 0 0 0 0 0 0 0 0 0 0 0 0 1 0 0 0 15 0 0 0 0 2 24 0 387792
353 ATT 0 0 0 1 0 0 0 7 0 0 0 2 6 21 3 390141 0 0 0 0 0 0 0 0 0 0 0 0 0 0 0 0 0 0 0 0 0 0 0 0 0 0 0 0 0 0 0 47 0 0 0 0 0 0 0 0 0 0 0 0 0 0 0 2
354 GAG 0 0 29 0 0 0 0 0 0 0 0 0 0 0 0 0 0 0 0 0 0 0 0 0 0 0 0 0 0 0 0 0 49 0 391117 38 0 0 4 0 0 0 60 0 0 0 8 0 0 0 16 0 0 0 0 0 0 0 0 0 0 0 0 0
355 GGG 0 0 0 0 0 0 0 0 0 0 18 0 0 0 0 0 0 0 0 0 0 0 0 0 0 0 0 0 0 0 0 0 0 0 25 0 0 0 0 0 36 0 391249 19 0 0 2 0 0 0 0 0 0 0 0 0 0 0 9 0 0 0 0 0
356 GGA 1 0 0 0 0 0 0 0 41 0 0 0 0 0 0 0 0 0 0 0 0 0 0 0 0 0 0 0 0 0 0 0 39 0 0 0 0 0 0 0 389440 0 790 7 5 0 0 0 0 0 0 0 0 0 0 0 6 0 0 0 0 0 0 0
357 TGG 0 0 0 0 0 0 0 0 0 0 3 0 0 0 0 0 0 0 0 0 0 0 0 0 0 0 16 0 0 0 0 0 0 0 0 0 0 0 0 0 0 0 0 0 0 0 0 0 0 0 55 0 0 0 0 0 32 0 391027 12 0 0 20 0
358 ACT 0 0 0 9 8 52 4 378060 0 0 0 1 0 0 0 10 0 0 0 0 0 0 0 2 0 0 0 0 0 0 0 0 0 0 0 0 0 0 0 38 0 0 0 0 0 0 0 0 0 0 0 0 0 0 0 0 0 0 0 0 0 0 0 0
359 GGA 0 0 0 0 0 0 0 0 54 0 0 0 0 0 0 0 0 0 0 0 0 0 0 0 0 0 0 0 0 0 0 0 34 0 0 0 0 0 0 0 389820 0 32 5 8 0 0 0 0 0 0 0 0 0 0 0 11 0 0 0 0 0 0 0
360 ATG 0 0 0 0 0 0 6 0 0 0 0 0 18 0 389542 7 0 0 0 0 0 0 0 0 0 0 0 0 0 0 15 0 0 0 0 0 0 0 0 0 0 0 0 0 0 0 18 0 0 0 0 0 0 0 0 0 0 0 0 0 0 0 2 0
361 ATA 1 0 0 0 14 0 0 0 1 0 0 0 390282 3 89 4 0 0 0 0 0 0 0 0 0 0 0 0 4 0 0 0 0 0 0 0 0 0 0 0 0 0 0 0 51 0 0 0 0 0 0 0 0 0 0 0 0 0 0 0 6 0 0 0
362 GAT 0 0 0 12 0 0 0 0 0 0 0 0 0 0 0 0 0 0 0 0 0 0 0 0 0 0 0 0 0 0 0 0 11 12 2 390870 0 0 0 3 0 0 0 24 0 0 0 0 0 0 0 6 0 0 0 0 0 0 0 0 0 0 0 0
363 GGA 0 0 0 0 0 0 0 0 26 0 0 0 0 0 0 0 0 0 0 0 0 0 0 0 0 0 0 0 0 0 0 0 31 0 0 0 2 0 0 0 390960 4 65 19 5 0 0 0 0 0 0 0 0 0 0 0 6 0 0 0 0 0 0 0
364 TGG 0 0 0 0 0 0 0 0 0 0 3 0 0 0 0 0 0 0 0 0 0 0 0 0 0 0 6 0 0 0 0 0 0 0 0 0 0 0 0 0 0 0 2 0 0 0 0 0 0 0 45 0 0 0 3 0 29 1 388868 0 0 0 6 0
365 TAT 0 0 0 1 0 0 0 0 0 0 0 0 0 0 0 0 0 0 0 25 0 0 0 0 0 0 0 0 0 0 0 0 0 0 0 1 0 0 0 0 0 0 0 0 0 0 0 0 0 14 1 390623 0 0 0 0 0 0 0 11 0 0 0 1
366 GGT 0 0 0 0 0 0 0 0 0 0 0 11 0 0 0 0 0 0 0 0 0 0 0 0 0 0 0 0 0 0 0 0 0 0 0 20 0 0 0 0 3 7 3 391328 0 0 0 3 0 0 0 0 0 0 0 0 0 0 0 8 0 0 0 0
367 TAT 0 0 0 6 0 0 0 0 0 0 0 0 0 0 0 0 0 0 0 30 0 0 0 0 0 0 0 0 0 0 0 0 0 0 0 0 0 0 0 0 0 0 0 0 0 0 0 0 4 12 0 389862 0 0 0 0 0 0 0 27 0 0 0 4
368 CAT 0 0 0 8 0 0 0 0 0 0 0 0 0 0 0 0 3 35 1 390136 0 0 0 3 0 0 0 11 0 0 0 0 0 0 0 2 0 0 0 0 0 0 0 0 0 0 0 0 0 0 0 26 0 0 0 0 0 0 0 0 0 0 0 0
369 CAT 0 0 0 11 0 0 0 0 0 0 0 0 0 0 0 0 6 27 3 391163 0 0 0 8 0 0 0 9 0 0 0 0 0 0 0 6 0 0 0 0 0 0 0 0 0 0 0 0 0 0 0 13 0 0 0 0 0 0 0 0 0 0 0 0
370 CAG 0 0 2 0 0 0 0 0 0 0 0 0 0 0 0 0 19 0 390744 19 0 0 2 0 0 0 49 0 0 0 5 0 0 0 1 0 0 0 0 0 0 0 0 0 0 0 0 0 0 0 23 0 0 0 0 0 0 0 0 0 0 0 0 0
371 AAT 4 11 2 391782 0 0 0 1 0 0 0 6 0 0 0 7 0 0 0 3 0 0 0 0 0 0 0 0 0 0 0 0 0 0 0 24 0 0 0 0 0 0 0 0 0 0 0 0 0 0 0 6 0 0 0 0 0 0 0 0 0 0 0 0
372 GAA 25 0 0 0 0 0 0 0 0 0 0 0 0 0 0 0 0 0 0 0 0 0 0 0 0 0 0 0 0 0 0 0 391861 4 21 0 2 0 0 0 28 0 0 0 2 0 0 0 9 0 0 0 0 0 0 0 0 0 0 0 0 0 0 0
373 CAG 0 0 9 0 0 0 0 0 0 0 0 0 0 0 0 0 18 0 391308 22 0 0 10 0 0 0 76 0 0 0 8 0 0 0 3 0 0 0 0 0 0 0 1 0 0 0 0 0 0 0 49 0 0 0 0 0 0 0 0 0 0 0 0 0
374 GGA 0 0 0 0 0 0 0 0 40 0 0 0 0 0 0 0 0 0 0 0 0 0 0 0 0 0 0 0 0 0 0 0 29 0 0 0 1 0 0 0 391690 2 32 0 5 0 0 0 0 0 0 0 0 0 0 0 16 0 0 0 0 0 0 0
375 TCA 0 0 0 0 2 0 0 0 0 0 0 0 0 0 0 0 0 0 0 0 11 0 0 0 0 0 0 0 0 0 0 0 0 0 0 0 0 0 0 0 0 0 0 0 0 0 0 0 13 0 0 0 391327 7 134 18 3 0 0 0 45 0 0 0
376 GGC 0 0 0 0 0 0 0 0 0 31 0 0 0 0 0 0 0 0 0 0 0 0 0 0 0 0 0 0 0 0 0 0 0 38 0 0 0 0 0 0 16 391551 6 39 0 3 0 0 0 0 0 0 0 0 0 0 0 24 0 0 0 0 0 0
377 TAT 0 0 0 4 0 0 0 0 0 0 0 0 0 0 0 0 0 0 0 36 0 0 0 0 0 0 0 0 0 0 0 0 0 0 0 1 0 0 0 0 0 0 0 0 0 0 0 0 0 11 3 391511 0 0 0 0 0 0 0 11 0 0 0 2
378 GCA 0 0 0 0 67 0 0 0 0 0 0 0 0 0 0 0 0 0 0 0 0 0 0 0 0 0 0 0 0 0 0 0 16 0 0 0 390922 4 59 9 11 0 1 0 141 0 0 0 0 0 0 0 9 0 0 0 0 0 0 0 0 0 0 0
379 GCG 0 0 0 0 0 0 17 0 0 0 0 0 0 0 0 0 0 0 0 0 0 0 0 0 0 0 0 0 0 0 0 0 0 0 11 0 48 0 391533 11 0 0 0 0 0 0 98 0 0 0 0 0 0 0 4 0 0 0 0 0 0 0 0 0
380 GAT 0 0 0 30 0 0 0 0 0 0 0 0 0 0 0 0 0 0 0 0 0 0 0 0 0 0 0 0 0 0 0 0 0 31 1 391516 0 0 0 1 0 0 0 16 0 0 0 7 0 0 0 6 0 0 0 0 0 0 0 0 0 0 0 0
381 CAA 28 0 0 0 0 0 0 0 0 0 0 0 0 0 0 0 381454 1 16 2 0 0 0 0 41 0 0 0 1 0 0 0 7 0 0 0 0 0 0 0 0 0 0 0 0 0 0 0 14 0 0 0 5 0 0 0 0 0 0 0 0 0 0 0
382 AAA 381696 7 39 0 2 0 0 0 6 0 0 0 1 0 0 0 6 0 0 0 0 0 0 0 0 0 0 0 0 0 0 0 13 0 0 0 0 0 0 0 0 0 0 0 0 0 0 0 4 0 0 0 0 0 0 0 0 0 0 0 0 0 0 0
383 AGC 0 87 0 0 0 0 0 0 4 380957 5 76 0 22 0 0 0 0 0 0 0 0 0 0 0 6 0 0 0 0 0 0 0 0 0 0 0 0 0 0 0 131 0 0 0 0 0 0 0 0 0 0 0 0 0 0 0 3 0 0 0 0 0 0
384 ACA 7 0 0 0 381473 3 18 2 1 0 0 0 14 0 0 0 0 0 0 0 2 0 0 0 0 0 0 0 0 0 0 0 0 0 0 0 17 0 0 0 0 0 0 0 0 0 0 0 0 0 0 0 1 0 0 0 0 0 0 0 0 0 0 0
385 CAA 11 0 0 0 0 0 0 0 0 0 0 0 0 0 0 0 381491 3 10 1 3 0 0 0 19 0 0 0 2 0 0 0 3 0 0 0 0 0 0 0 0 0 0 0 0 0 0 0 19 0 0 0 0 0 0 0 0 0 0 0 0 0 0 0
386 AAT 3 8 3 381002 0 0 0 12 0 0 0 15 0 0 0 6 0 0 0 6 0 0 0 0 0 0 0 0 0 0 0 0 0 0 0 11 0 0 0 0 0 0 0 0 0 0 0 0 0 0 0 5 0 0 0 0 0 0 0 0 0 0 0 0
387 GCC 0 0 0 0 0 23 0 0 0 0 0 0 0 0 0 0 0 0 0 0 0 0 0 0 0 0 0 0 0 0 0 0 0 12 0 0 7 380340 0 10 0 2 0 0 0 61 0 0 0 0 0 0 0 6 0 0 0 0 0 0 0 0 0 0
388 ATT 0 0 0 2 0 0 0 5 0 0 0 6 1 25 3 381581 0 0 0 0 0 0 0 0 0 0 0 0 0 0 0 7 0 0 0 0 0 0 0 0 0 0 0 0 0 0 0 22 0 0 0 0 0 0 0 0 0 0 0 0 0 0 0 4
389 AAC 9 380748 5 56 0 0 0 0 0 25 0 0 0 1 0 0 0 0 0 0 0 0 0 0 0 0 0 0 0 0 0 0 0 23 0 0 0 0 0 0 0 3 0 0 0 0 0 0 0 0 0 0 0 0 0 0 0 0 0 0 0 0 0 0
390 GGG 0 0 0 0 0 0 0 0 0 0 50 0 0 0 0 0 0 0 0 0 0 0 0 0 0 0 0 0 0 0 0 0 0 0 15 0 0 0 0 0 29 0 381183 28 0 0 7 0 0 0 0 0 0 0 0 0 0 0 30 0 0 0 0 0
391 ATT 0 0 0 2 0 0 0 9 0 0 0 0 0 14 2 380837 0 0 0 0 0 0 0 0 0 0 0 0 0 0 0 3 0 0 0 0 0 0 0 0 0 0 0 0 0 0 0 29 0 0 0 0 0 0 0 0 0 0 0 0 0 0 0 1
392 ACA 2 0 0 0 380701 2 29 3 2 0 0 0 30 0 0 0 0 0 0 0 1 0 0 0 0 0 0 0 0 0 0 0 0 0 0 0 57 0 0 0 0 0 0 0 0 0 0 0 0 0 0 0 5 0 0 0 0 0 0 0 0 0 0 0
393 AAC 10 381479 5 4 0 31 0 0 0 13 0 0 0 0 0 0 0 5 0 0 0 0 0 0 0 0 0 0 0 0 0 0 0 9 0 0 0 0 0 0 0 0 0 0 0 0 0 0 0 3 0 0 0 0 0 0 0 0 0 0 0 0 0 0
394 AAG 18 0 381468 34 0 0 3 0 0 0 11 0 0 0 1 0 0 0 0 0 0 0 0 0 0 0 0 0 0 0 0 0 0 0 8 0 0 0 0 0 0 0 0 0 0 0 0 0 0 0 0 0 0 0 0 0 0 0 0 0 0 0 0 0
395 GTG 0 0 0 0 0 0 0 0 0 0 0 0 0 0 25 0 0 0 0 0 0 0 0 0 0 0 0 0 0 0 1 0 0 0 2 0 0 0 9 0 0 0 2 0 33 0 381022 40 0 0 0 0 0 0 0 0 0 0 0 0 0 0 2 0
396 AAC 10 381430 8 39 0 3 0 0 0 13 0 0 0 3 0 0 0 2 0 0 0 0 0 0 0 0 0 0 0 0 0 0 0 20 0 0 0 0 0 0 0 0 0 0 0 0 0 0 0 0 0 0 0 0 0 0 0 0 0 0 0 0 0 0
397 TCT 0 0 0 0 0 0 0 2 0 0 0 0 0 0 0 0 0 0 0 0 0 0 0 13 0 0 0 0 0 0 0 0 0 0 0 0 0 0 0 1 0 0 0 0 0 0 0 0 0 0 0 6 7 71 5 381211 0 0 0 2 0 0 0 3
398 GTT 0 0 0 0 0 0 0 0 0 0 0 0 0 0 0 21 0 0 0 0 0 0 0 0 0 0 0 0 0 0 0 0 0 0 0 2 0 0 0 17 0 0 0 1 4 22 1 379832 0 0 0 0 0 0 0 0 0 0 0 0 0 0 0 5
399 ATC 0 3 0 0 0 7 0 0 0 1 0 0 14 381202 1 55 0 0 0 0 0 0 0 0 0 0 0 0 0 1 0 0 0 0 0 0 0 0 0 0 0 0 0 0 0 23 0 0 0 0 0 0 0 0 0 0 0 0 0 0 0 2 0 0
400 GAG 0 0 59 0 0 0 0 0 0 0 0 0 0 0 0 0 0 0 2 0 0 0 0 0 0 0 0 0 0 0 0 0 30 0 380700 29 0 0 1 0 0 0 33 0 0 0 1 0 0 0 8 0 0 0 0 0 0 0 0 0 0 0 0 0
401 AAA 381330 4 19 2 5 0 0 0 15 0 0 0 1 0 0 0 1 0 0 0 0 0 0 0 0 0 0 0 0 0 0 0 14 0 0 0 0 0 0 0 0 0 0 0 0 0 0 0 2 0 0 0 0 0 0 0 0 0 0 0 0 0 0 0
402 ATG 0 0 5 0 0 0 7 0 0 0 0 0 22 0 381164 19 0 0 0 0 0 0 0 0 0 0 0 0 0 0 1 0 0 0 0 0 0 0 0 0 0 0 0 0 0 0 5 0 0 0 0 0 0 0 0 0 0 0 0 0 0 0 5 0
403 AAC 11 378995 6 33 0 6 0 0 0 17 0 0 0 2 0 0 0 2 0 0 0 0 0 0 0 0 0 0 0 0 0 0 1 31 0 0 0 0 0 0 0 0 0 0 0 0 0 0 0 0 0 0 0 0 0 0 0 0 0 0 0 0 0 0
404 ACT 0 0 0 9 5 64 1 380465 0 0 0 0 0 0 0 11 0 0 0 0 0 0 0 2 0 0 0 0 0 0 0 0 0 0 0 0 0 0 0 13 0 0 0 0 0 0 0 0 0 0 0 0 0 0 0 0 0 0 0 0 0 0 0 0
405 CAA 13 0 0 0 0 0 0 0 0 0 0 0 0 0 0 0 381143 2 13 4 5 0 0 0 72 0 0 0 3 0 0 0 0 0 0 0 0 0 0 0 0 0 0 0 0 0 0 0 13 0 0 0 0 0 0 0 0 0 0 0 0 0 0 0
406 TTC 0 0 0 0 0 0 0 0 0 0 0 0 0 0 0 0 0 0 0 0 0 0 0 0 0 0 0 0 0 12 0 0 0 0 0 0 0 0 0 0 0 0 0 0 0 5 0 0 0 17 0 0 0 30 0 0 0 2 0 0 8 377219 2 6
407 ACA 12 0 0 0 380755 16 81 8 1 0 0 0 60 0 0 0 0 0 0 0 3 0 0 0 0 0 0 0 0 0 0 0 0 0 0 0 16 0 0 0 0 0 0 0 0 0 0 0 0 0 0 0 1 0 0 0 0 0 0 0 0 0 0 0
408 GCT 0 0 0 0 0 0 0 26 0 0 0 0 0 0 0 0 0 0 0 0 0 0 0 0 0 0 0 0 0 0 0 0 0 0 0 20 8 29 11 377684 0 0 0 1 0 0 0 18 0 0 0 0 0 0 0 19 0 0 0 0 0 0 0 0
409 GTG 0 0 0 0 0 0 0 0 0 0 0 0 0 0 31 0 0 0 0 0 0 0 0 0 0 0 0 0 0 0 0 0 0 0 5 0 0 0 11 0 0 0 4 0 16 0 376855 17 0 0 0 0 0 0 0 0 0 0 0 0 0 0 2 0
410 GGT 0 0 0 0 0 0 0 0 0 0 0 20 0 0 0 0 0 0 0 0 0 0 0 0 0 0 0 0 0 0 0 0 0 0 0 46 0 0 0 0 2 28 2 379320 0 0 0 10 0 0 0 0 0 0 0 0 0 0 0 8 0 0 0 0
411 AAA 381416 7 46 8 1 0 0 0 13 0 0 0 1 0 0 0 0 0 0 0 0 0 0 0 0 0 0 0 0 0 0 0 19 0 0 0 0 0 0 0 0 0 0 0 0 0 0 0 2 0 0 0 0 0 0 0 0 0 0 0 0 0 0 0
412 GAA 14 0 0 0 0 0 0 0 0 0 0 0 0 0 0 0 1 0 0 0 0 0 0 0 0 0 0 0 0 0 0 0 380141 0 18 0 0 0 0 0 17 0 0 0 2 0 0 0 8 0 0 0 0 0 0 0 0 0 0 0 0 0 0 0
413 TTC 0 0 0 0 0 0 0 0 0 0 0 0 0 1 0 0 0 0 0 0 0 0 0 0 0 0 0 0 0 5 0 0 0 0 0 0 0 0 0 0 0 0 0 0 0 0 0 0 0 2 0 0 0 5 0 0 0 0 0 0 9 378681 2 6
414 AAC 10 381311 6 12 0 1 0 0 0 56 0 0 0 2 0 0 0 2 0 0 0 0 0 0 0 0 0 0 0 0 0 0 0 35 0 0 0 0 0 0 0 0 0 0 0 0 0 0 0 2 0 0 0 0 0 0 0 0 0 0 0 0 0 0
415 AAC 16 381337 0 15 0 2 0 0 0 24 0 0 0 0 0 0 0 6 0 0 0 0 0 0 0 0 0 0 0 0 0 0 0 8 0 0 0 0 0 0 0 0 0 0 0 0 0 0 0 16 0 0 0 0 0 0 0 0 0 0 0 0 0 0
416 TTA 0 0 0 0 0 0 0 0 0 0 0 0 5 0 0 0 0 0 0 0 0 0 0 0 0 0 0 0 19 0 0 0 0 0 0 0 0 0 0 0 0 0 0 0 3 0 0 0 0 0 0 0 30 0 0 0 2 0 0 0 379103 4 40 2
417 GAA 16 0 0 0 0 0 0 0 0 0 0 0 0 0 0 0 1 0 0 0 0 0 0 0 0 0 0 0 0 0 0 0 380972 2 16 3 0 0 0 0 25 0 0 0 0 0 0 0 6 0 0 0 0 0 0 0 0 0 0 0 0 0 0 0
418 AAA 381829 0 30 1 0 0 0 0 26 0 0 0 1 0 0 0 3 0 0 0 0 0 0 0 0 0 0 0 0 0 0 0 3 0 0 0 0 0 0 0 0 0 0 0 0 0 0 0 2 0 0 0 0 0 0 0 0 0 0 0 0 0 0 0
419 AGG 0 0 98 0 0 0 0 0 49 1 369580 7 0 0 42 0 0 0 0 0 0 0 0 0 0 0 2 0 0 0 0 0 0 0 0 0 0 0 0 0 0 0 291 0 0 0 0 0 0 0 0 0 0 0 0 0 0 0 1 0 0 0 0 0
420 ATG 0 0 6 0 0 0 8 0 0 0 6 0 24 1 372402 10 0 0 0 0 0 0 0 0 0 0 0 0 0 0 1 0 0 0 0 0 0 0 0 0 0 0 0 0 0 0 29 0 0 0 0 0 0 0 0 0 0 0 0 0 0 0 2 0
421 GAA 41 0 0 0 0 0 0 0 0 0 0 0 0 0 0 0 0 0 0 0 0 0 0 0 0 0 0 0 0 0 0 0 375964 4 14 0 4 0 0 0 27 0 0 0 1 0 0 0 4 0 0 0 0 0 0 0 0 0 0 0 0 0 0 0
422 AAT 3 9 2 375022 0 0 0 0 0 0 0 10 0 0 0 7 0 0 0 5 0 0 0 0 0 0 0 0 0 0 0 0 0 0 0 15 0 0 0 0 0 0 0 0 0 0 0 0 0 0 0 3 0 0 0 0 0 0 0 0 0 0 0 0
423 TTA 1 0 0 0 0 0 0 0 0 0 0 0 2 0 0 0 0 0 0 0 0 0 0 0 0 0 0 0 11 0 0 0 0 0 0 0 0 0 0 0 0 0 0 0 1 0 0 0 5 0 0 0 10 0 0 0 0 0 0 0 356275 1 37 1
424 AAT 0 22 1 378723 0 0 0 2 0 0 0 14 1 0 0 1 0 0 0 2 0 0 0 0 0 0 0 0 0 0 0 0 0 0 0 14 0 0 0 0 0 0 0 0 0 0 0 0 0 0 0 3 0 0 0 0 0 0 0 0 0 0 0 0
425 AAA 380926 2 8 0 0 0 0 0 7 0 0 0 3 0 0 0 1 0 0 0 0 0 0 0 0 0 0 0 0 0 0 0 16 0 0 0 0 0 0 0 0 0 0 0 0 0 1 0 1 0 0 0 0 0 0 0 0 0 0 0 0 0 0 0
426 AAA 380940 6 455 1 5 0 0 0 22 0 0 5 0 0 0 0 6 0 0 0 0 0 0 0 0 0 0 0 0 0 0 0 6 0 0 0 0 0 0 0 0 0 0 0 0 0 0 0 0 0 0 0 0 0 0 0 0 0 0 0 0 0 0 0
427 GTT 1 0 2 0 0 0 0 0 0 0 0 137 0 0 0 16 0 0 0 0 0 0 0 0 0 0 0 0 0 0 0 0 0 0 0 1 0 0 0 9 0 0 0 3 6 6 0 277452 0 0 0 0 0 0 0 0 6 0 0 0 0 0 261 2
428 GAT 1 0 0 16 0 0 0 0 0 0 0 0 0 0 277 0 0 0 0 0 0 0 0 0 0 0 0 0 0 0 0 0 9 11 1 368557 0 0 0 0 0 0 0 29 0 0 0 1 0 0 0 6 0 0 0 0 157 0 0 0 0 0 2 0
429 GAT 0 0 0 28 0 0 0 0 0 0 0 0 0 0 275 0 0 0 0 0 0 0 0 0 0 0 0 0 0 0 0 0 2 10 2 367344 0 0 0 0 0 0 0 28 0 0 0 3 0 0 0 9 0 0 0 0 148 0 6 0 0 0 0 0
430 GGG 0 0 0 0 0 0 0 0 0 0 15 0 0 0 0 0 0 0 0 0 0 0 0 0 0 0 0 0 0 0 0 0 0 0 15 0 0 0 0 0 22 2 307150 4 0 0 6 0 0 0 0 0 0 0 0 0 0 0 15 0 0 0 0 0
431 TTT 0 0 0 0 0 0 0 0 0 0 0 0 0 0 0 3 0 0 0 0 0 0 0 0 0 0 0 0 0 0 0 3 0 0 0 0 0 0 0 0 0 0 0 0 0 0 0 7 0 0 0 3 0 0 0 8 0 0 0 2 4 16 0 330481
432 CTG 0 0 0 0 0 0 0 0 0 0 0 0 0 0 9 0 0 0 1 0 0 0 69 0 0 0 2 0 17 0 334932 13 0 0 0 0 0 0 0 0 0 0 0 0 0 0 0 0 0 0 0 0 0 0 0 0 0 0 0 0 0 0 11 0
433 GAC 0 35 0 0 0 0 0 0 0 0 0 0 0 0 0 0 0 1 0 0 0 0 0 0 0 0 0 0 0 0 0 0 10 349873 4 14 0 0 0 0 0 33 0 0 0 0 0 0 0 8 0 0 0 0 0 0 0 0 0 0 0 0 0 0
434 ATT 0 0 0 6 0 1 0 9 0 0 0 2 4 12 4 354327 0 0 0 0 0 0 0 0 0 0 0 0 0 0 0 6 0 0 0 0 0 0 0 0 0 0 0 0 0 0 0 1 0 0 0 0 0 0 0 0 0 0 0 0 0 0 0 1
435 TGG 0 0 0 0 0 0 0 0 0 0 2 0 0 0 0 0 0 0 0 0 0 0 0 0 0 0 22 0 0 0 0 0 0 0 0 0 0 0 0 0 0 0 4 0 0 0 0 0 0 0 13 0 0 0 0 0 21 1 309615 3 0 0 12 0
436 ACA 13 0 0 0 361622 1 17 7 0 0 0 0 16 0 0 0 0 0 0 0 1 0 0 0 0 0 0 0 0 0 0 0 0 0 0 0 43 0 0 0 0 0 0 0 0 0 0 0 0 0 0 0 2 0 0 0 0 0 0 0 0 0 0 0
437 TAT 0 0 0 1 0 0 0 0 0 0 0 0 0 0 0 0 0 0 0 26 0 0 0 0 0 0 0 0 0 0 0 0 0 0 0 3 0 0 0 0 0 0 0 0 0 0 0 0 3 21 0 362857 0 0 0 3 0 0 0 20 0 0 0 5
438 AAT 4 12 4 370048 0 0 0 1 0 0 0 11 1 0 0 4 0 0 0 1 0 0 0 0 0 0 0 0 0 0 0 0 0 0 0 19 0 0 0 0 0 0 0 0 0 0 0 0 0 0 0 2 0 0 0 0 0 0 0 0 0 0 0 0
439 GCA 0 0 0 0 54 0 0 0 0 0 0 0 0 0 1 0 0 0 0 0 0 0 0 0 0 0 0 0 0 0 0 0 9 0 0 0 362843 7 29 2 2 0 0 0 40 0 0 0 0 0 0 0 3 0 0 0 0 1 0 0 0 0 0 0
440 GAA 23 0 0 0 0 0 0 0 0 0 0 0 0 0 0 0 0 0 0 0 0 0 0 0 0 0 0 0 0 0 0 0 377942 2 13 3 1 0 0 0 10 0 0 0 4 0 0 0 8 0 0 0 0 0 0 0 0 0 0 0 0 0 0 0
441 TTG 0 0 0 0 0 0 0 0 0 0 0 0 0 0 12 0 0 0 0 0 0 0 0 0 0 0 0 0 0 0 13 0 0 0 0 0 0 0 0 0 0 0 0 0 0 0 5 0 0 0 0 0 0 0 8 0 0 0 1 0 12 2 377428 8
442 TTA 0 0 0 0 0 0 0 0 0 0 0 0 0 0 0 0 0 0 0 0 0 0 0 0 0 0 0 0 7 0 0 0 0 0 0 0 0 0 0 0 0 0 0 0 2 0 0 0 3 0 0 0 3 0 0 0 2 0 0 0 379643 0 41 2
443 GTT 0 0 0 0 0 0 0 0 0 0 0 0 0 0 0 19 0 0 0 0 0 0 0 0 0 0 0 0 0 0 0 0 0 0 0 5 0 0 0 10 0 0 0 0 0 19 3 369153 0 0 0 0 0 0 0 0 0 0 0 0 0 0 0 8
444 CTA 0 0 0 0 0 0 0 0 0 0 0 0 12 0 0 0 5 0 0 0 14 0 0 0 2 0 0 0 372581 1 22 2 2 0 0 0 0 0 0 0 0 0 0 0 2 0 0 0 0 0 0 0 0 0 0 0 0 0 0 0 20 0 0 0
445 CTG 0 0 0 0 0 0 0 0 0 0 0 0 0 0 7 0 0 0 4 0 0 0 76 0 0 0 3 0 34 0 374363 5 0 0 0 0 0 0 0 0 0 0 0 0 0 0 1 0 0 0 0 0 0 0 0 0 0 0 0 0 0 0 14 0
446 GAA 17 0 0 0 0 0 0 0 0 0 0 0 0 0 0 0 0 0 0 0 0 0 0 0 0 0 0 0 0 0 0 0 380747 0 12 2 0 0 0 0 39 0 0 0 0 0 0 0 3 0 0 0 0 0 0 0 0 0 0 0 0 0 0 0
447 AAT 3 11 3 380298 0 0 0 2 0 0 0 11 0 0 0 1 0 0 0 1 0 0 0 0 0 0 0 0 0 0 0 0 0 0 0 13 0 0 0 0 0 0 0 0 0 0 0 0 0 0 0 1 0 0 0 0 0 0 0 0 0 0 0 0
448 GAA 28 0 0 0 0 0 0 0 0 0 0 0 0 0 0 0 0 0 0 0 0 0 0 0 0 0 0 0 0 0 0 0 379513 3 31 2 0 0 0 0 26 0 1 0 5 0 0 0 8 0 0 0 0 0 0 0 0 0 0 0 0 0 0 0
449 AGG 0 0 61 0 0 0 0 0 18 0 379448 16 0 0 23 0 0 0 0 0 0 0 0 0 0 0 26 0 0 0 0 0 0 0 0 0 0 0 0 0 0 0 74 0 0 0 0 0 0 0 0 0 0 0 0 0 0 0 6 0 0 0 0 0
450 ACT 0 0 0 8 1 17 1 378759 0 0 0 0 0 0 0 7 0 0 0 0 0 0 0 1 0 0 0 0 0 0 0 0 0 0 0 0 0 0 0 20 0 0 0 0 0 0 0 0 0 0 0 0 0 0 0 0 0 0 0 0 0 0 0 0
451 TTG 0 0 0 0 0 0 0 0 0 0 0 0 0 0 2 0 0 0 0 0 0 0 0 0 0 0 0 0 0 0 19 0 0 0 0 0 0 0 0 0 0 0 0 0 0 0 0 0 0 0 11 0 0 0 35 0 0 0 2 0 16 1 379444 10
452 GAT 0 0 0 14 0 0 0 0 0 0 0 0 0 0 0 0 0 0 0 0 0 0 0 0 0 0 0 0 0 0 0 0 6 7 5 378532 0 0 0 1 0 0 0 34 0 0 0 2 0 0 0 4 0 0 0 0 0 0 0 0 0 0 0 0
453 TTC 0 0 0 0 0 0 0 0 0 0 0 0 0 2 0 0 0 0 0 0 0 0 0 0 0 0 0 0 0 11 0 0 0 0 0 0 0 0 0 0 0 0 0 0 0 4 0 0 0 5 0 0 0 28 0 0 0 0 0 0 6 375355 0 29
454 CAT 0 0 0 16 0 0 0 0 0 0 0 0 0 0 0 0 8 19 3 379679 0 0 0 9 0 0 0 43 0 0 0 0 0 0 0 0 0 0 0 0 0 0 0 0 0 0 0 0 0 0 0 19 0 0 0 0 0 0 0 0 0 0 0 0
455 GAC 0 19 0 0 0 0 0 0 0 0 0 0 0 0 0 0 0 0 0 0 0 0 0 0 0 0 0 0 0 0 0 0 11 376962 2 18 0 1 0 0 0 13 0 0 0 0 0 0 0 5 0 0 0 0 0 0 0 0 0 0 0 0 0 0
456 TTA 0 0 0 2 0 0 0 0 0 0 0 0 9 0 0 0 0 0 0 0 0 0 0 0 0 0 0 0 12 0 0 0 0 0 0 0 0 0 0 0 0 0 0 0 6 0 0 0 4 0 0 0 37 0 0 0 0 0 0 0 377618 1 47 4
457 AAT 1 9 0 380685 0 0 0 2 0 0 0 10 0 0 0 4 0 0 0 6 0 0 0 0 0 0 0 0 0 0 0 0 0 0 0 20 0 0 0 0 0 0 0 0 0 0 0 0 0 0 0 6 0 0 0 0 0 0 0 0 0 0 0 0
458 GTG 0 0 0 0 0 0 0 0 0 0 0 0 0 0 28 0 0 0 0 0 0 0 0 0 0 0 0 0 0 0 0 0 0 0 0 0 0 0 13 0 0 0 1 0 31 2 379557 11 0 0 0 0 0 0 0 0 0 0 0 0 0 0 0 0
459 AAG 29 0 380878 2 0 0 4 0 0 0 33 0 0 0 2 0 0 0 1 0 0 0 0 0 0 0 0 0 0 0 0 0 0 0 46 0 0 0 0 0 0 0 0 0 0 0 0 0 0 0 3 0 0 0 0 0 0 0 0 0 0 0 0 0
460 AAT 2 35 1 378828 0 0 0 4 0 0 0 20 0 0 0 4 0 0 0 0 0 0 0 0 0 0 0 0 0 0 0 0 0 0 0 18 0 0 0 0 0 0 0 0 0 0 0 0 0 0 0 0 0 0 0 0 0 0 0 0 0 0 0 0
461 CTG 0 0 0 0 0 0 0 0 0 0 0 0 0 0 10 0 0 0 3 0 0 0 12 0 0 0 6 0 36 1 379119 7 0 0 0 0 0 0 0 0 0 0 0 0 0 0 0 0 0 0 0 0 0 0 0 0 0 0 0 0 0 0 17 0
462 TAC 0 4 0 0 0 0 0 0 0 0 0 0 0 0 0 0 0 25 0 0 0 0 0 0 0 0 0 0 0 0 0 0 0 2 0 0 0 0 0 0 0 0 0 0 0 0 0 0 8 380633 6 77 0 5 0 0 0 62 0 0 0 2 0 0
463 GAG 0 0 22 0 0 0 0 0 0 0 0 0 0 0 0 0 0 0 0 0 0 0 0 0 0 0 0 0 0 0 0 0 34 0 381399 15 0 0 4 0 0 0 33 0 0 0 0 0 0 0 19 0 0 0 0 0 0 0 0 0 0 0 0 0
464 AAA 380459 2 54 3 3 0 0 0 30 0 0 0 3 0 0 0 0 0 0 0 0 0 0 0 0 0 0 0 0 0 0 0 18 0 0 0 0 0 0 0 1 0 0 0 0 0 0 0 1 0 0 0 0 0 0 0 0 0 0 0 0 0 0 0
465 GTA 0 0 0 0 0 0 0 0 0 0 0 0 37 0 0 0 0 0 0 0 0 0 0 0 0 0 0 0 0 0 0 0 0 0 0 0 17 0 0 0 0 0 0 0 380897 13 14 3 0 0 0 0 0 0 0 0 0 0 0 0 7 0 0 0
466 AAA 381203 5 40 3 4 0 0 0 15 0 0 0 1 0 0 0 1 0 0 0 0 0 0 0 0 0 0 0 0 0 0 0 12 0 0 0 0 0 0 0 2 0 0 0 0 0 0 0 1 0 0 0 0 0 0 0 0 0 0 0 0 0 0 0
467 AGC 0 45 0 0 0 1 0 0 7 380631 1 51 0 15 0 0 0 0 0 0 0 0 0 0 0 4 0 0 0 0 0 0 0 0 0 0 0 0 0 0 0 62 0 0 0 0 0 0 0 0 0 0 0 0 0 0 0 1 0 0 0 0 0 0
468 CAA 6 0 0 0 0 0 0 0 0 0 0 0 0 0 0 0 381267 3 16 0 1 0 0 0 11 0 0 0 1 0 0 0 0 0 0 0 0 0 0 0 0 0 0 0 0 0 0 0 9 0 0 0 0 0 0 0 0 0 0 0 0 0 0 0
469 TTA 0 0 0 0 0 0 0 0 0 0 0 0 7 0 0 0 0 0 0 0 1 0 0 0 0 0 0 0 16 0 0 0 0 0 0 0 0 0 0 0 0 0 0 0 6 0 0 0 1 0 0 0 7 0 0 0 1 0 0 0 381193 1 16 2
470 AAG 19 0 381031 12 0 0 13 0 0 0 44 0 0 0 4 0 0 0 7 0 0 0 0 0 0 0 0 0 0 0 0 0 0 0 28 0 0 0 0 0 0 0 0 0 0 0 0 0 0 0 0 0 0 0 0 0 0 0 0 0 0 0 0 0
471 AAT 1 16 1 381137 0 0 0 4 0 0 0 24 0 0 0 1 0 0 0 0 0 0 0 0 0 0 0 0 0 0 0 0 0 0 0 44 0 0 0 0 0 0 0 0 0 0 0 0 0 0 0 0 0 0 0 0 0 0 0 0 0 0 0 0
472 AAT 4 5 4 380667 0 0 0 1 0 0 0 25 0 0 0 4 0 0 0 0 0 0 0 0 0 0 0 0 0 0 0 0 0 0 0 52 0 0 0 0 0 0 0 0 0 0 0 0 0 0 0 1 0 0 0 0 0 0 0 0 0 0 0 0
473 GCC 0 0 0 0 0 45 0 0 0 0 0 0 0 0 0 0 0 0 0 0 0 0 0 0 0 0 0 0 0 0 0 0 0 8 0 0 10 381097 0 15 0 1 0 0 0 21 0 0 0 0 0 0 0 7 0 0 0 0 0 0 0 0 0 0
474 AAA 380513 10 58 9 12 0 0 0 29 0 0 0 4 0 0 0 6 0 0 0 0 0 0 0 0 0 0 0 0 0 0 0 38 0 0 0 0 0 0 0 0 0 0 0 0 0 0 0 0 0 0 0 0 0 0 0 0 0 0 0 0 0 0 0
475 GAA 23 0 0 0 0 0 0 0 0 0 0 0 0 0 0 0 1 0 0 0 0 0 0 0 0 0 0 0 0 0 0 0 381101 5 6 0 4 0 0 0 19 0 0 0 0 0 0 0 8 0 0 0 0 0 0 0 0 0 0 0 0 0 0 0
476 ATC 0 9 0 0 0 34 0 0 0 1 0 0 7 357955 1 61 0 0 0 0 0 0 0 0 0 0 0 0 0 2 0 0 0 0 0 0 0 0 0 0 0 0 0 0 0 16 0 0 0 0 0 0 0 0 0 0 0 0 0 0 0 2 0 0
477 GGA 0 0 0 0 0 0 0 0 27 0 0 0 0 0 0 0 0 0 0 0 0 0 0 0 0 0 0 0 0 0 0 0 20 0 0 0 1 0 0 0 357294 1 22 4 2 0 0 0 0 0 0 0 0 0 0 0 8 0 0 0 0 0 0 0
478 AAT 7 15 2 358051 0 0 0 7 0 0 0 17 0 0 0 3 0 0 0 2 0 0 0 0 0 0 0 0 0 0 0 0 0 0 0 10 0 0 0 0 0 0 0 0 0 0 0 0 0 0 0 1 0 0 0 0 0 0 0 0 0 0 0 0
479 GGG 0 0 0 0 0 0 0 0 0 0 30 0 0 0 0 0 0 0 0 0 0 0 0 0 0 0 0 0 0 0 0 0 0 0 26 0 0 0 0 0 30 0 357533 2 0 0 7 0 0 0 0 0 0 0 0 0 0 0 7 0 0 0 0 0
480 TGT 0 0 0 0 0 0 0 0 0 0 0 7 0 0 0 0 0 0 0 0 0 0 0 0 0 0 0 7 0 0 0 0 0 0 0 0 0 0 0 0 0 0 0 1 0 0 0 0 0 0 0 47 0 0 0 0 3 21 17 357144 0 0 0 2
481 TTT 0 0 0 0 0 0 0 0 0 0 0 0 0 0 0 1 0 0 0 0 0 0 0 0 0 0 0 0 0 0 0 12 0 0 0 0 0 0 0 0 0 0 0 0 0 0 0 3 0 0 0 5 0 0 0 22 0 0 0 2 5 10 2 358113
482 GAG 0 0 22 0 0 0 0 0 0 0 0 0 0 0 0 0 0 0 1 0 0 0 0 0 0 0 0 0 0 0 0 0 41 0 357790 10 0 0 3 0 0 0 35 0 0 0 7 0 0 0 12 0 0 0 0 0 0 0 0 0 0 0 0 0
483 TTC 0 0 0 0 0 0 0 0 0 0 0 0 0 3 0 0 0 0 0 0 0 0 0 0 0 0 0 0 0 4 0 0 0 0 0 0 0 0 0 0 0 0 0 0 0 2 0 0 0 1 0 0 0 8 0 0 0 0 0 0 5 357753 1 18
484 TAC 0 9 0 0 0 0 0 0 0 0 0 0 0 0 0 0 0 45 0 0 0 0 0 0 0 0 0 0 0 0 0 0 0 1 0 0 0 0 0 0 0 0 0 0 0 0 0 0 0 357540 0 15 0 0 0 0 0 47 0 0 0 4 0 0
485 CAC 0 11 0 0 0 0 0 0 0 0 0 0 0 0 0 0 5 357649 4 5 0 4 0 0 0 13 0 0 0 0 0 0 0 0 0 0 0 0 0 0 0 0 0 0 0 0 0 0 0 21 0 0 0 0 0 0 0 0 0 0 0 0 0 0
486 AAG 21 0 357936 18 0 0 10 0 0 0 45 0 0 0 4 0 0 0 8 0 0 0 0 0 0 0 0 0 0 0 0 0 0 0 28 0 0 0 0 0 0 0 0 0 0 0 0 0 0 0 1 0 0 0 0 0 0 0 0 0 0 0 0 0
487 TGT 0 0 0 0 0 0 0 0 0 0 0 2 0 0 0 0 0 0 0 0 0 0 0 0 0 0 0 15 0 0 0 0 0 0 0 0 0 0 0 0 0 0 0 3 0 0 0 0 0 0 0 26 0 0 0 0 1 11 1 357739 0 0 0 6
488 GAC 0 19 0 0 0 0 0 0 0 0 0 0 0 0 0 0 0 0 0 0 0 0 0 0 0 0 0 0 0 0 0 0 11 357696 2 12 0 0 0 0 0 59 0 0 0 4 0 0 0 6 0 0 0 0 0 0 0 0 0 0 0 0 0 0
489 AAT 12 20 0 356751 0 0 0 1 0 0 0 9 0 0 0 2 0 0 0 11 0 0 0 0 0 0 0 0 0 0 0 0 0 0 0 17 0 0 0 0 0 0 0 0 0 0 0 0 0 0 0 5 0 0 0 0 0 0 0 0 0 0 0 0
490 GAA 57 0 0 0 0 0 0 0 0 0 0 0 0 0 0 0 0 0 0 0 0 0 0 0 0 0 0 0 0 0 0 0 357298 3 20 2 2 0 0 0 23 0 0 0 0 0 0 0 7 0 0 0 0 0 0 0 0 0 0 0 0 0 0 0
491 TGC 0 0 0 0 0 0 0 0 0 5 0 0 0 0 0 0 0 0 0 0 0 0 0 0 0 8 0 0 0 0 0 0 0 0 0 0 0 0 0 0 0 4 0 0 0 0 0 0 0 35 0 0 0 0 0 0 6 357600 4 62 0 7 0 0
492 ATG 0 0 7 0 0 0 20 0 0 0 6 0 43 2 356987 14 0 0 0 0 0 0 0 0 0 0 0 0 0 0 6 0 0 0 0 0 0 0 0 0 0 0 0 0 0 0 17 0 0 0 0 0 0 0 0 0 0 0 0 0 0 0 0 0
493 GAA 37 0 0 0 0 0 0 0 0 0 0 0 0 0 0 0 0 0 0 0 0 0 0 0 0 0 0 0 0 0 0 0 355945 6 25 0 1 0 0 0 44 0 0 0 1 0 0 0 3 0 0 0 0 0 0 0 0 0 0 0 0 0 0 0
494 AGT 0 0 0 35 0 0 0 0 1 1 3 355381 0 0 0 3 0 0 0 0 0 0 0 0 0 0 0 6 0 0 0 0 0 0 0 0 0 0 0 0 0 0 0 42 0 0 0 0 0 0 0 0 0 0 0 0 0 0 0 0 0 0 0 0
495 GTA 0 0 0 0 0 0 0 0 0 0 0 0 45 0 0 0 0 0 0 0 0 0 0 0 0 0 0 0 1 0 0 0 7 0 0 0 21 0 0 0 0 0 0 0 357174 0 62 4 0 0 0 0 0 0 0 0 0 0 0 0 11 0 0 0
496 AGA 24 0 0 0 0 0 0 0 357835 0 23 0 4 0 0 0 0 0 0 0 0 0 0 0 5 0 0 0 0 0 0 0 0 0 0 0 0 0 0 0 37 0 0 0 0 0 0 0 0 0 0 0 0 0 0 0 7 0 0 0 0 0 0 0
497 AAT 14 7 1 358028 0 0 0 17 0 0 0 23 0 0 0 4 0 0 0 1 0 0 0 0 0 0 0 0 0 0 0 0 0 0 0 35 0 0 0 0 0 0 0 0 0 0 0 0 0 0 0 1 0 0 0 0 0 0 0 0 0 0 0 0
498 GGG 0 0 0 0 0 0 0 0 0 0 20 0 0 0 0 0 0 0 0 0 0 0 0 0 0 0 0 0 0 0 0 0 0 0 23 0 0 0 0 0 41 1 357599 7 0 0 11 0 0 0 0 0 0 0 0 0 0 0 10 0 0 0 0 0
499 ACT 0 0 0 23 1 14 2 357403 0 0 0 1 0 0 0 10 0 0 0 0 0 0 0 0 0 0 0 0 0 0 0 0 0 0 0 0 0 0 0 64 0 0 0 0 0 0 0 0 0 0 0 0 0 0 0 2 0 0 0 0 0 0 0 0
500 TAT 0 0 0 1 0 0 0 0 0 0 0 0 0 0 0 0 0 0 0 42 0 0 0 0 0 0 0 0 0 0 0 0 0 0 0 3 0 0 0 0 0 0 0 0 0 0 0 0 2 9 3 357906 0 0 0 0 0 0 0 10 0 0 0 0
501 GAT 0 0 0 18 0 0 0 0 0 0 0 0 0 0 0 0 0 0 0 1 0 0 0 0 0 0 0 0 0 0 0 0 6 11 2 356858 0 0 0 1 0 0 0 21 0 0 0 1 0 0 0 48 0 0 0 0 0 0 0 0 0 0 0 0
502 TAT 0 0 0 5 0 0 0 0 0 0 0 0 0 0 0 0 0 0 0 7 0 0 0 0 0 0 0 0 0 0 0 0 0 0 0 0 0 0 0 0 0 0 0 0 0 0 0 0 1 28 3 357082 0 0 0 1 0 0 0 15 0 0 0 3
503 CCA 0 0 0 0 7 0 0 0 0 0 0 0 0 0 0 0 15 0 0 0 357262 7 18 1 0 0 0 0 4 0 0 0 0 0 0 0 0 0 0 0 0 0 0 0 0 0 0 0 0 0 0 0 15 0 0 0 0 0 0 0 0 0 0 0
504 AAA 357059 6 18 2 6 0 0 0 13 0 0 0 3 0 0 0 2 0 0 0 0 0 0 0 0 0 0 0 0 0 0 0 5 0 0 0 0 0 0 0 0 0 0 0 0 0 0 0 0 0 0 0 0 0 0 0 0 0 0 0 0 0 0 0
505 TAT 0 0 0 4 0 0 0 0 0 0 0 0 0 0 0 0 0 3 0 14 0 0 0 0 0 0 0 0 0 0 0 0 0 0 0 2 0 0 0 0 0 0 0 0 0 0 0 0 2 19 2 357702 0 0 0 1 0 0 0 20 0 0 0 3
506 TCA 0 0 0 0 2 0 0 0 0 0 0 0 0 0 0 0 0 0 0 0 11 0 0 0 0 0 0 0 0 0 0 0 0 0 0 0 0 0 0 0 0 0 0 0 0 0 0 0 6 0 0 0 356118 6 90 4 1 0 0 0 19 0 0 0
507 GAA 10 0 0 0 0 0 0 0 0 0 0 0 0 0 0 0 0 0 0 0 0 0 0 0 0 0 0 0 0 0 0 0 357328 4 29 6 0 0 0 0 28 0 0 0 5 0 0 0 12 0 0 0 0 0 0 0 0 0 0 0 0 0 0 0
508 GAA 29 0 0 0 0 0 0 0 0 0 0 0 0 0 0 0 2 0 0 0 0 0 0 0 0 0 0 0 0 0 0 0 356172 7 3 1 3 0 0 0 18 0 0 0 1 0 0 0 8 0 0 0 0 0 0 0 0 0 0 0 0 0 0 0
509 TCA 0 0 0 0 4 0 0 0 0 0 0 0 0 0 0 0 0 0 0 0 18 0 0 0 0 0 0 0 0 0 0 0 0 0 0 0 1 0 0 0 0 0 0 0 0 0 0 0 3 0 0 0 356503 2 36 4 2 0 0 0 12 0 0 0
510 AAG 34 0 357273 3 0 0 21 0 0 0 71 0 0 0 10 0 0 0 1 0 0 0 0 0 0 0 0 0 0 0 0 0 0 0 16 2 0 0 0 0 0 0 0 0 0 0 0 0 0 0 1 0 0 0 0 0 0 0 0 0 0 0 0 0
511 TTG 0 0 0 0 0 0 0 0 0 0 0 0 0 0 1 0 0 0 0 0 0 0 0 0 0 0 0 0 0 0 14 0 0 0 0 0 0 0 0 0 0 0 0 0 0 0 3 0 0 0 5 0 0 0 4 0 0 0 1 0 38 0 352452 29
512 AAC 9 356066 1 17 0 19 0 0 0 61 0 0 0 1 0 0 0 5 0 0 0 0 0 0 0 0 0 0 0 0 0 0 0 22 0 0 0 0 0 0 0 0 0 0 0 0 0 0 0 4 0 0 0 0 0 0 0 0 0 0 0 0 0 0
513 AGG 0 0 20 0 0 0 0 0 42 1 352650 7 0 0 24 0 0 0 0 0 0 0 0 0 0 0 15 0 0 0 0 0 0 0 0 0 0 0 0 0 0 0 61 0 0 0 0 0 0 0 0 0 0 0 0 0 0 0 4 0 0 0 0 0
514 GAA 34 0 0 0 0 0 0 0 0 0 0 0 0 0 0 0 0 0 0 0 0 0 0 0 0 0 0 0 0 0 0 0 350409 5 9 2 0 0 0 0 28 0 0 0 3 0 0 0 11 0 0 0 0 0 0 0 0 0 0 0 0 0 0 0
515 AAG 32 1 353935 30 0 0 3 0 0 0 121 0 0 0 3 0 0 0 3 0 0 0 0 0 0 0 0 0 0 0 0 0 0 0 32 0 0 0 0 0 0 0 1 0 0 0 0 0 0 0 1 0 0 0 0 0 0 0 0 0 0 0 0 0
516 ATA 4 0 0 1 5 0 0 0 2 0 0 0 356129 5 43 7 0 0 0 0 0 0 0 0 0 0 0 0 1 0 0 0 0 0 0 0 0 0 0 0 0 0 0 0 12 0 0 0 0 0 0 0 0 0 0 0 0 0 0 0 3 0 0 0
517 GAT 0 0 0 35 0 0 0 0 0 0 0 0 0 0 0 0 0 0 0 0 0 0 0 0 0 0 0 0 0 0 0 0 6 12 1 339430 0 0 0 4 0 0 0 24 0 0 0 9 0 0 0 33 0 0 0 0 0 0 0 0 0 0 0 0
518 GGA 0 0 0 0 0 0 0 0 46 0 0 0 0 0 0 0 0 0 0 0 0 0 0 0 0 0 0 0 0 0 0 0 61 0 0 0 0 0 0 0 343530 1 51 4 12 0 0 0 0 0 0 0 0 0 0 0 4 0 0 0 0 0 0 0
519 GTG 0 0 0 0 0 0 0 0 0 0 0 0 0 0 26 0 0 0 0 0 0 0 0 0 0 0 0 0 0 0 1 0 0 0 3 0 0 0 15 0 0 0 0 0 31 0 349280 21 0 0 0 0 0 0 0 0 0 0 0 0 0 0 9 0
520 AAA 355366 11 14 15 10 0 0 0 7 0 0 0 0 0 0 0 0 0 0 0 0 0 0 0 0 0 0 0 0 0 0 0 28 0 0 0 0 0 0 0 0 0 0 0 0 0 0 0 3 0 0 0 0 0 0 0 0 0 0 0 0 0 0 0
521 TTG 0 0 0 0 0 0 0 0 0 0 0 0 0 0 3 0 0 0 0 0 0 0 0 0 0 0 0 0 0 0 12 0 0 0 0 0 0 0 0 0 0 0 0 0 0 0 0 0 0 0 6 0 0 0 7 0 0 0 13 0 17 0 339160 5
522 GAA 20 0 0 13 0 0 0 0 0 0 0 0 0 0 0 0 0 0 0 0 0 0 0 0 0 0 0 0 0 0 0 0 337394 10 18 5 0 0 0 0 25 0 0 0 1 0 0 0 8 0 0 0 0 0 0 0 0 0 0 0 0 0 0 0
523 TCA 0 0 0 0 2 0 0 0 0 0 0 0 0 1 0 0 15 0 0 0 8 0 0 0 0 0 0 0 0 0 0 0 0 0 0 0 0 0 0 0 0 0 0 0 0 0 0 0 11 0 0 0 342100 1 27 0 6 0 3 0 11 0 0 0
524 ATG 0 0 3 0 0 0 28 0 0 0 5 0 38 0 337695 18 0 0 0 0 0 0 0 0 0 0 0 0 0 0 1 0 0 0 0 0 0 0 0 0 0 0 0 0 0 0 13 0 0 0 0 0 0 0 0 0 0 0 0 0 0 0 0 0
525 GGG 0 0 0 0 0 0 0 0 0 0 13 0 0 0 0 0 0 0 0 0 0 0 0 0 0 0 0 0 0 0 0 0 0 0 15 0 0 0 0 0 38 0 320710 7 0 0 9 0 0 0 0 0 0 0 0 0 0 0 7 0 0 0 0 0
526 GTG 0 0 0 0 0 0 0 0 0 0 0 0 0 0 35 0 0 0 0 0 0 0 0 0 0 0 0 0 0 0 1 0 0 0 5 0 0 0 5 0 0 0 2 0 69 0 315603 9 0 0 0 0 0 0 0 0 0 0 0 0 0 0 4 0
527 TAT 0 0 0 6 0 0 0 0 0 0 0 0 0 0 0 0 0 0 0 55 0 0 0 0 0 0 0 0 0 0 0 0 0 0 0 3 0 0 0 0 0 0 0 0 0 0 0 0 2 37 4 337061 0 0 0 3 0 0 0 41 0 0 0 1
528 CAG 0 0 7 0 0 0 0 0 0 0 0 0 0 0 0 0 22 4 329749 8 0 0 7 0 0 0 65 0 0 0 1 0 0 0 2 0 0 0 0 0 0 0 0 0 0 0 0 0 0 0 14 0 0 0 0 0 0 0 0 0 0 0 0 0
529 ATT 0 0 0 5 0 0 0 11 0 0 0 2 0 9 3 342591 0 0 0 0 0 0 0 0 0 0 0 0 0 0 0 2 0 0 0 0 0 0 0 0 0 0 0 0 0 0 0 16 0 0 0 0 0 0 0 0 0 0 0 0 0 0 0 0
530 CTG 0 0 0 0 0 0 0 0 0 0 0 0 0 0 7 4 0 0 5 0 0 0 29 0 0 0 2 0 8 0 350992 6 0 0 0 0 0 0 0 0 0 0 0 0 0 0 2 0 0 0 0 0 0 0 0 0 0 0 0 0 0 1 13 0
531 GCG 0 0 0 0 0 0 12 0 0 0 0 0 0 0 0 0 0 0 0 0 0 0 0 0 0 0 0 0 0 0 0 0 0 0 11 0 18 0 348031 12 4 0 5 0 0 0 80 0 0 0 0 0 0 0 5 0 0 0 1 0 0 0 0 0
532 ATC 0 2 0 0 0 13 0 0 0 0 0 0 9 344996 1 14 0 0 0 0 0 0 0 0 1 0 0 0 0 3 0 0 0 0 0 0 0 0 0 0 0 0 0 0 0 61 0 0 0 0 0 0 0 0 0 0 0 0 0 0 0 1 0 0
533 TAC 0 9 0 0 0 0 0 0 0 0 0 0 0 0 0 0 0 66 0 0 0 0 0 0 0 0 0 0 0 0 0 0 0 3 0 0 0 0 0 0 0 0 0 0 0 0 0 0 2 349221 3 19 0 2 0 0 0 16 0 0 0 2 0 0
534 TCA 0 0 0 0 6 0 0 0 0 0 0 0 0 0 0 0 0 0 0 0 31 0 0 0 0 0 0 0 0 0 0 0 0 0 0 0 1 0 0 0 0 0 0 0 0 0 0 0 9 0 0 0 344580 2 47 1 2 0 0 0 10 0 0 0
535 ACT 0 1 0 11 2 43 7 353464 0 0 0 5 0 0 0 34 0 0 0 0 0 0 0 0 0 0 0 0 0 0 0 0 0 0 0 0 0 0 0 23 0 0 0 0 0 0 0 0 0 0 0 0 0 0 0 2 0 0 0 0 0 0 0 0
536 GTC 0 0 0 0 0 0 0 0 0 0 0 0 0 46 0 0 0 0 0 0 0 0 0 0 0 0 0 0 0 0 0 0 0 1 0 0 0 6 0 0 0 0 0 0 7 351106 1 21 0 0 0 0 0 0 0 0 0 0 0 0 0 3 0 0
537 GCC 0 0 0 0 0 59 0 0 0 0 0 0 0 0 0 0 0 0 0 0 0 0 0 0 0 0 0 0 0 0 0 0 0 4 0 0 3 351890 2 22 0 0 0 0 0 3 0 0 0 0 0 0 0 13 0 0 0 0 0 0 0 0 0 0
538 AGT 0 0 0 21 0 0 0 6 1 17 4 352317 0 0 0 8 0 0 0 0 0 0 0 0 0 0 0 8 0 0 0 0 0 0 0 0 0 0 0 0 0 0 0 19 0 0 0 0 0 0 0 0 0 0 0 0 0 0 0 11 0 0 0 0
539 TCA 0 0 0 0 7 0 0 0 0 0 0 0 0 0 0 0 0 0 0 0 8 0 0 0 0 0 0 0 0 0 0 0 0 0 0 0 1 0 0 0 0 0 0 0 0 0 0 0 8 0 0 0 348941 2 15 0 1 0 0 0 21 0 0 0
540 CTG 0 0 0 0 0 0 0 0 0 0 0 0 0 0 5 0 0 0 4 0 0 0 48 0 0 0 4 0 26 0 352686 6 0 0 0 0 0 0 0 0 0 0 0 0 0 0 2 0 0 0 0 0 0 0 0 0 0 0 0 0 0 0 32 0
541 GTG 0 0 0 0 0 0 0 0 0 0 0 0 0 0 14 0 0 0 0 0 0 0 0 0 0 0 0 0 0 0 0 0 0 0 4 0 0 0 7 0 0 0 0 0 49 0 355960 12 0 0 0 0 0 0 0 0 0 0 0 0 0 0 0 0
542 CTT 0 0 0 0 0 0 0 0 0 0 0 0 0 0 0 20 0 0 0 3 0 0 0 63 0 0 0 7 0 13 8 352020 0 0 0 0 0 0 0 0 0 0 0 0 0 0 0 2 0 0 0 0 0 0 0 0 0 0 0 0 0 0 0 59
543 TTG 0 0 0 0 0 0 0 0 0 0 0 0 0 0 5 0 0 0 0 0 0 0 0 0 0 0 0 0 0 0 19 0 0 0 0 0 0 0 0 0 0 0 0 0 0 0 0 0 0 0 0 0 0 0 15 0 0 0 58 0 27 0 356675 10
544 GTC 0 0 0 0 0 0 0 0 0 0 0 0 0 26 0 0 0 0 0 0 0 0 0 0 0 0 0 0 0 0 0 0 0 2 0 0 0 17 0 0 0 3 0 0 6 353100 0 35 0 0 0 0 0 0 0 0 0 0 0 0 0 0 0 0
545 TCC 0 0 0 0 0 4 0 0 0 0 0 0 0 0 0 0 0 0 0 0 0 68 0 0 0 0 0 0 0 0 0 0 0 0 0 0 0 0 0 0 0 0 0 0 0 0 0 0 0 2 0 0 12 355313 11 5 0 0 0 0 0 9 0 0
546 CTG 0 0 0 0 0 0 0 0 0 0 0 0 0 0 17 0 0 0 10 0 0 0 68 0 0 0 16 0 20 1 353255 5 0 0 0 0 0 0 0 0 0 0 0 0 0 0 0 0 0 0 0 0 0 0 0 0 0 0 0 0 0 0 6 0
547 GGG 0 0 0 0 0 0 0 0 0 0 9 0 0 0 0 0 0 0 0 0 0 0 0 0 0 0 0 0 0 0 0 0 0 0 15 0 0 0 0 0 8 0 356379 8 0 0 17 0 0 0 0 0 0 0 0 0 0 0 7 0 0 0 0 0
548 GCA 0 0 0 0 79 0 0 0 0 0 0 0 0 0 0 0 0 0 0 0 0 0 0 0 0 0 0 0 0 0 0 0 9 0 0 0 356424 1 11 3 5 0 2 0 43 0 0 0 0 0 0 0 5 0 0 0 0 0 0 0 0 0 0 0
549 ATC 0 3 0 0 0 49 0 0 0 1 0 0 4 354342 2 18 0 0 0 0 0 0 0 0 0 0 0 0 0 3 0 0 0 0 0 0 0 0 0 0 0 0 0 0 0 19 0 0 0 0 0 0 0 0 0 0 0 0 0 0 0 12 0 0
550 AGT 0 0 0 30 0 0 0 0 1 18 0 356817 0 0 0 5 0 0 0 0 0 0 0 0 0 0 0 2 0 0 0 0 0 0 0 0 0 0 0 0 0 0 0 36 0 0 0 0 0 0 0 0 0 0 0 0 0 0 0 2 0 0 0 0
551 TTC 0 0 0 0 0 0 0 0 0 0 0 0 0 5 0 0 0 0 0 0 0 0 0 0 0 0 0 0 0 11 0 0 0 0 0 0 0 0 0 0 0 0 0 0 0 10 0 0 0 9 0 0 0 9 0 0 0 1 0 0 7 356703 1 16
552 TGG 0 0 0 0 0 0 0 0 0 0 1 0 0 0 0 0 0 0 0 0 0 0 0 0 0 0 24 0 0 0 0 0 0 0 0 0 0 0 0 0 0 0 15 0 0 0 0 0 0 0 9 0 0 0 0 0 18 1 356959 9 0 0 14 0
553 ATG 0 0 0 0 0 0 6 0 0 0 2 0 20 1 356508 6 0 0 0 0 0 0 0 0 0 0 0 0 0 0 0 0 0 0 0 0 0 0 0 0 0 0 0 0 0 0 26 0 0 0 0 0 0 0 0 0 0 0 0 0 0 0 3 0
554 TGT 0 0 0 0 0 0 0 0 0 0 0 3 0 0 0 0 0 0 0 0 0 0 0 0 0 0 0 8 0 0 0 0 0 0 0 0 0 0 0 0 0 0 0 1 0 0 0 0 0 0 0 33 0 0 0 0 2 25 6 356778 0 0 0 6
555 TCT 0 0 0 0 0 0 0 1 0 0 0 0 0 0 0 0 0 0 0 0 0 0 0 14 0 0 0 0 0 0 0 0 0 0 0 0 0 0 0 0 0 0 0 0 0 0 0 0 0 0 0 22 9 42 0 356057 0 0 0 2 0 0 0 36
556 AAT 6 17 16 357711 0 0 0 1 0 0 0 14 0 0 0 0 0 0 0 4 0 0 0 0 0 0 0 0 0 0 0 0 0 0 0 18 0 0 0 0 0 0 0 0 0 0 0 0 0 0 0 2 0 0 0 0 0 0 0 0 0 0 0 0
557 GGG 0 0 0 0 0 0 0 0 0 0 19 0 0 0 0 0 0 0 0 0 0 0 0 0 0 0 0 0 0 0 0 0 0 0 12 0 0 0 1 0 19 0 357093 9 0 0 8 0 0 0 0 0 0 0 0 0 0 0 16 0 0 0 0 0
558 TCT 0 0 0 0 0 0 0 4 0 0 0 0 0 0 0 0 0 0 0 0 0 0 0 14 0 0 0 0 0 0 0 0 0 0 0 0 0 0 0 1 0 0 0 0 0 0 0 0 0 0 0 14 12 18 2 355581 0 0 0 1 0 0 0 9
559 TTG 0 0 0 0 0 0 0 0 0 0 0 0 0 0 2 0 0 0 0 0 0 0 0 0 0 0 0 0 0 0 31 0 0 0 0 0 0 0 0 0 0 0 0 0 0 0 1 0 0 0 2 0 0 0 40 0 0 0 2 0 38 1 356403 6
560 CAG 0 0 3 0 0 0 0 0 0 0 0 0 0 0 0 0 33 0 357466 8 0 0 4 0 0 0 25 0 0 0 6 0 0 0 22 0 0 0 0 0 0 0 1 0 0 0 0 0 0 0 133 0 0 0 0 0 0 0 0 0 0 0 0 0
561 TGC 0 0 0 0 0 0 0 0 0 4 0 0 0 0 0 0 0 0 0 0 0 0 0 0 0 6 0 0 0 0 0 0 0 0 0 0 0 0 0 0 0 0 0 0 0 0 0 0 1 118 0 0 0 3 0 0 7 356539 1 36 0 8 0 0
562 AGA 32 0 0 0 1 0 0 0 357630 1 25 3 11 0 0 0 0 0 0 0 0 0 0 0 1 0 0 0 0 0 0 0 0 0 0 0 0 0 0 0 37 0 0 0 0 0 0 0 0 0 0 0 0 0 0 0 6 0 0 0 0 0 0 0
563 ATA 1 0 0 0 29 0 0 0 1 0 0 0 357978 1 30 1 0 0 0 0 0 0 0 0 0 0 0 0 0 0 0 0 0 0 0 0 0 0 0 0 0 0 0 0 18 0 0 0 0 0 0 0 0 0 0 0 0 0 0 0 3 0 0 0
564 TGC 0 0 0 0 0 0 0 0 0 0 0 0 0 0 0 0 0 0 0 0 0 0 0 0 0 17 0 0 0 0 0 0 0 0 0 0 0 0 0 0 0 0 0 0 0 0 0 0 0 51 0 0 0 0 0 0 6 357442 4 48 0 9 0 0
565 ATC 0 1 0 0 0 9 0 0 0 0 0 0 10 356982 3 9 0 0 0 0 0 0 0 0 0 0 0 0 0 0 0 0 0 0 0 0 0 0 0 0 0 0 0 0 0 9 0 0 0 0 0 0 0 0 0 0 0 0 0 0 0 3 0 0
566 TGA 0 0 0 0 0 0 0 0 10 0 0 0 0 0 0 0 0 0 0 0 0 0 0 0 98 0 0 0 0 0 0 0 0 0 0 0 0 0 0 0 7 0 0 0 0 0 0 0 35 0 0 0 0 0 0 0 357592 1 40 6 2 0 0 0
